0.856701 167 0.502477
0.856701 166 0.503249
0.856507 166 0.503836
0.856507 165 0.504901
0.856507 164 0.505733
0.856314 164 0.505922
0.856121 164 0.510739
0.856121 163 0.512969
0.856121 162 0.517149
0.855927 162 0.520859
0.855734 162 0.522279
0.855734 161 0.52411
0.855734 160 0.524626
0.855734 159 0.52709
0.855734 158 0.528034
0.855734 157 0.530363
0.855734 156 0.532984
0.855541 156 0.537315
0.855347 156 0.540359
0.855154 156 0.541664
0.855154 155 0.544351
0.85496 155 0.544679
0.85496 154 0.547951
0.85496 153 0.549164
0.854767 153 0.551055
0.854767 152 0.551207
0.854767 151 0.555612
0.854767 150 0.55783
0.854767 149 0.56105
0.854767 148 0.561257
0.854574 148 0.561529
0.85438 148 0.567731
0.85438 147 0.567824
0.85438 146 0.568859
0.85438 145 0.569553
0.85438 144 0.571878
0.85438 143 0.573706
0.854187 143 0.575698
0.854187 142 0.578067
0.853993 142 0.579378
0.853993 141 0.581261
0.853993 140 0.582992
0.853993 139 0.588243
0.853993 138 0.59067
0.853993 137 0.591847
0.853993 136 0.59307
0.853993 135 0.597847
0.8538 135 0.600312
0.8538 134 0.604132
0.853607 134 0.60647
0.853413 134 0.606572
0.853413 133 0.607897
0.853413 132 0.610721
0.853413 131 0.610973
0.853413 130 0.615154
0.853413 129 0.616739
0.85322 129 0.618602
0.85322 128 0.628892
0.85322 127 0.632958
0.853026 127 0.63344
0.85264 127 0.633857
0.85264 126 0.634072
0.85264 125 0.636153
0.85264 124 0.637006
0.85264 123 0.639228
0.85264 122 0.639911
0.85264 121 0.643393
0.85264 120 0.649664
0.85264 119 0.652273
0.85264 118 0.653344
0.852446 118 0.653889
0.852446 117 0.654144
0.852253 117 0.65476
0.852253 116 0.655107
0.852253 115 0.655347
0.85206 115 0.659027
0.85206 114 0.661305
0.851866 114 0.669713
0.851866 113 0.673081
0.851866 112 0.675303
0.851866 111 0.683836
0.851866 110 0.684928
0.851866 109 0.686464
0.851866 108 0.687222
0.851673 108 0.688324
0.851479 108 0.688765
0.851286 108 0.690223
0.851093 108 0.691858
0.850899 108 0.698211
0.850899 107 0.699452
0.850899 106 0.699685
0.850706 106 0.699726
0.850706 105 0.707678
0.850706 104 0.709876
0.850706 103 0.714813
0.850706 102 0.717028
0.850706 101 0.717996
0.850706 100 0.722422
0.850512 100 0.72245
0.850319 100 0.723755
0.850319 99 0.724734
0.850126 99 0.72527
0.849932 99 0.726151
0.849932 98 0.727353
0.849739 98 0.732902
0.849739 97 0.73829
0.849546 97 0.739944
0.849352 97 0.740151
0.849352 96 0.744953
0.849352 95 0.748417
0.849159 95 0.750284
0.849159 94 0.763068
0.849159 93 0.76328
0.849159 92 0.766893
0.848965 92 0.772924
0.848772 92 0.773163
0.848772 91 0.775454
0.848772 90 0.77626
0.848579 90 0.777298
0.848385 90 0.77744
0.848385 89 0.77803
0.848192 89 0.781129
0.848192 88 0.784041
0.848192 87 0.784132
0.847998 87 0.786062
0.847805 87 0.788744
0.847612 87 0.789943
0.847612 86 0.791632
0.847612 85 0.794173
0.847612 84 0.805659
0.847418 84 0.808941
0.847418 83 0.809736
0.847225 83 0.810862
0.847225 82 0.812442
0.847032 82 0.812534
0.847032 81 0.813028
0.847032 80 0.817398
0.847032 79 0.817513
0.847032 78 0.818749
0.846645 78 0.819399
0.846645 77 0.820439
0.846451 77 0.822367
0.846258 77 0.826018
0.846258 76 0.829596
0.846065 76 0.830536
0.845871 76 0.832355
0.845871 75 0.83258
0.845871 74 0.833908
0.845871 73 0.836608
0.845678 73 0.838139
0.845484 73 0.839896
0.845291 73 0.84128
0.845291 72 0.842582
0.845098 72 0.842751
0.845098 71 0.844274
0.844904 71 0.844501
0.844904 70 0.844719
0.844711 70 0.851448
0.844518 70 0.858531
0.844324 70 0.858774
0.844131 70 0.859816
0.843937 70 0.859976
0.843744 70 0.86204
0.843551 70 0.864182
0.843357 70 0.866182
0.843357 69 0.866898
0.843357 68 0.867536
0.843357 67 0.869467
0.843164 67 0.870317
0.84297 67 0.871742
0.842777 67 0.872173
0.842777 66 0.872997
0.842777 65 0.874213
0.842777 64 0.875294
0.842584 64 0.87663
0.842584 63 0.876872
0.84239 63 0.880768
0.84239 62 0.880831
0.84239 61 0.881066
0.842197 61 0.884468
0.842003 61 0.886715
0.84181 61 0.88764
0.841617 61 0.888159
0.841423 61 0.888838
0.84123 61 0.89029
0.841037 61 0.891509
0.841037 60 0.892988
0.840843 60 0.893757
0.84065 60 0.894715
0.840456 60 0.894868
0.840263 60 0.896048
0.84007 60 0.897899
0.84007 59 0.898341
0.839876 59 0.901503
0.839683 59 0.901787
0.839489 59 0.902464
0.839489 58 0.903951
0.839296 58 0.905017
0.839296 57 0.909067
0.839296 56 0.912817
0.839103 56 0.913893
0.839103 55 0.913927
0.838909 55 0.914255
0.838716 55 0.914577
0.838523 55 0.918387
0.838329 55 0.919045
0.838136 55 0.919577
0.838136 54 0.919607
0.837942 54 0.921378
0.837749 54 0.921704
0.837556 54 0.921991
0.837362 54 0.922259
0.837169 54 0.923084
0.836975 54 0.923127
0.836782 54 0.923433
0.836589 54 0.925115
0.836395 54 0.92514
0.836202 54 0.925241
0.836202 53 0.925801
0.836009 53 0.928449
0.836009 52 0.928633
0.835815 52 0.928988
0.835622 52 0.93055
0.835428 52 0.930912
0.835235 52 0.933211
0.835235 51 0.934305
0.835042 51 0.935023
0.834848 51 0.937879
0.834848 50 0.938207
0.834848 49 0.939852
0.834655 49 0.942335
0.834655 48 0.942638
0.834655 47 0.942864
0.834461 47 0.943445
0.834268 47 0.943549
0.834075 47 0.945291
0.833881 47 0.946875
0.833688 47 0.948254
0.833494 47 0.949048
0.833301 47 0.949813
0.833301 46 0.95011
0.833301 45 0.950511
0.833108 45 0.951426
0.833108 44 0.952126
0.833108 43 0.952152
0.832914 43 0.953099
0.832721 43 0.954401
0.832528 43 0.954754
0.832334 43 0.955471
0.832141 43 0.955595
0.831947 43 0.956232
0.831754 43 0.957424
0.831561 43 0.957689
0.831367 43 0.957791
0.831367 42 0.958103
0.831174 42 0.958315
0.83098 42 0.959228
0.83098 41 0.959234
0.830787 41 0.960487
0.830594 41 0.962997
0.8304 41 0.963108
0.830207 41 0.963212
0.830014 41 0.963814
0.82982 41 0.96435
0.829627 41 0.964477
0.829627 40 0.964689
0.829433 40 0.965069
0.82924 40 0.965456
0.829047 40 0.965718
0.828853 40 0.965997
0.82866 40 0.966767
0.828466 40 0.96685
0.828273 40 0.967576
0.82808 40 0.967911
0.82808 39 0.96834
0.827886 39 0.968639
0.827693 39 0.969019
0.8275 39 0.969801
0.8275 38 0.970372
0.827306 38 0.970523
0.827113 38 0.97151
0.826919 38 0.971559
0.826919 37 0.972494
0.826726 37 0.972607
0.826533 37 0.972612
0.826339 37 0.973109
0.826146 37 0.973437
0.825759 37 0.973816
0.825566 37 0.973847
0.825372 37 0.974426
0.825179 37 0.974545
0.824985 37 0.974938
0.824792 37 0.975502
0.824792 36 0.975795
0.824792 35 0.97666
0.824599 35 0.977691
0.824405 35 0.978803
0.824212 35 0.979118
0.824019 35 0.979433
0.823825 35 0.980094
0.823825 34 0.980429
0.823632 34 0.980518
0.823438 34 0.98058
0.823245 34 0.98099
0.823052 34 0.981883
0.822858 34 0.982555
0.822858 33 0.982709
0.822665 33 0.982737
0.822471 33 0.983163
0.822471 32 0.983294
0.822278 32 0.983308
0.822085 32 0.983606
0.821891 32 0.983842
0.821891 31 0.983878
0.821698 31 0.984086
0.821505 31 0.985046
0.821311 31 0.985225
0.821118 31 0.985361
0.820924 31 0.985406
0.820731 31 0.985579
0.820538 31 0.985628
0.820538 30 0.985822
0.820344 30 0.986126
0.820151 30 0.986354
0.819957 30 0.986372
0.819764 30 0.986637
0.819571 30 0.986797
0.819377 30 0.987123
0.819184 30 0.987362
0.818991 30 0.987388
0.818797 30 0.987505
0.818604 30 0.987945
0.81841 30 0.988211
0.818217 30 0.988224
0.818024 30 0.988249
0.81783 30 0.988286
0.817637 30 0.988349
0.817443 30 0.988557
0.81725 30 0.988713
0.817057 30 0.988906
0.816863 30 0.988924
0.81667 30 0.988976
0.816477 30 0.989114
0.816283 30 0.989147
0.816283 29 0.989281
0.81609 29 0.989319
0.815896 29 0.989436
0.815703 29 0.989482
0.81551 29 0.989544
0.815316 29 0.989953
0.815123 29 0.990096
0.815123 28 0.990221
0.814929 28 0.990223
0.814543 28 0.990704
0.814349 28 0.990846
0.814349 27 0.991269
0.814349 26 0.991424
0.814156 26 0.991511
0.813962 26 0.991532
0.813769 26 0.99154
0.813576 26 0.991705
0.813382 26 0.991774
0.813189 26 0.9918
0.812996 26 0.991922
0.812802 26 0.99202
0.812609 26 0.992541
0.812609 25 0.992558
0.812415 25 0.99258
0.812222 25 0.992606
0.812029 25 0.992635
0.811835 25 0.992653
0.811835 24 0.992685
0.811642 24 0.992729
0.811448 24 0.992812
0.811255 24 0.992913
0.811255 23 0.993053
0.811062 23 0.993054
0.810868 23 0.993194
0.810868 22 0.993209
0.810675 22 0.993284
0.810482 22 0.993382
0.810482 21 0.993384
0.810288 21 0.993407
0.810095 21 0.993433
0.809901 21 0.993464
0.809708 21 0.993475
0.809515 21 0.993553
0.809321 21 0.99358
0.809128 21 0.993702
0.808934 21 0.993739
0.808741 21 0.993984
0.808548 21 0.994003
0.808354 21 0.994036
0.808161 21 0.994042
0.807968 21 0.994132
0.807774 21 0.994234
0.807581 21 0.994359
0.807387 21 0.994364
0.807387 20 0.994393
0.807194 20 0.994509
0.807001 20 0.994511
0.807001 19 0.99453
0.806807 19 0.99457
0.806614 19 0.99466
0.80642 19 0.994809
0.80642 18 0.994824
0.806227 18 0.994929
0.806034 18 0.994982
0.80584 18 0.995009
0.805647 18 0.995076
0.80526 18 0.995089
0.80526 17 0.99515
0.805067 17 0.995384
0.804873 17 0.995426
0.80468 17 0.99564
0.804487 17 0.995655
0.804293 17 0.99567
0.8041 17 0.995763
0.803906 17 0.995773
0.803713 17 0.995779
0.80352 17 0.995822
0.803326 17 0.995889
0.803133 17 0.995913
0.802939 17 0.995989
0.802939 16 0.996019
0.802746 16 0.996054
0.802553 16 0.996092
0.802359 16 0.996103
0.802166 16 0.99618
0.801973 16 0.996346
0.801779 16 0.996432
0.801586 16 0.996484
0.801392 16 0.996511
0.801199 16 0.996593
0.801006 16 0.996713
0.800812 16 0.996817
0.800619 16 0.996825
0.800425 16 0.996872
0.800232 16 0.996889
0.800039 16 0.996904
0.799845 16 0.996944
0.799652 16 0.997032
0.799459 16 0.997033
0.799265 16 0.997073
0.799072 16 0.997195
0.799072 15 0.997234
0.798878 15 0.997245
0.798685 15 0.997252
0.798492 15 0.997444
0.798298 15 0.997454
0.798105 15 0.99749
0.797911 15 0.997524
0.797718 15 0.99755
0.797525 15 0.997588
0.797331 15 0.997612
0.797138 15 0.997701
0.796944 15 0.99778
0.796751 15 0.997812
0.796558 15 0.997903
0.796364 15 0.997941
0.796364 14 0.99795
0.796171 14 0.997967
0.795978 14 0.998084
0.795784 14 0.998092
0.795591 14 0.998113
0.795397 14 0.998114
0.795204 14 0.998192
0.795011 14 0.99821
0.794817 14 0.998216
0.794624 14 0.99823
0.794624 13 0.998245
0.79443 13 0.998249
0.794237 13 0.998258
0.794044 13 0.99826
0.79385 13 0.998278
0.793657 13 0.998284
0.793464 13 0.998297
0.79327 13 0.998317
0.793077 13 0.998329
0.792883 13 0.998367
0.79269 13 0.998403
0.792497 13 0.998473
0.792303 13 0.998477
0.79211 13 0.998482
0.791916 13 0.998497
0.791723 13 0.998529
0.79153 13 0.998577
0.791336 13 0.99858
0.791143 13 0.998585
0.79095 13 0.998588
0.790756 13 0.998653
0.790563 13 0.998658
0.790369 13 0.99867
0.790369 12 0.998696
0.790176 12 0.998701
0.789983 12 0.998728
0.789789 12 0.998733
0.789596 12 0.998758
0.789209 12 0.998764
0.789209 11 0.998785
0.789209 10 0.998809
0.789016 10 0.998821
0.788822 10 0.998824
0.788629 10 0.998852
0.788436 10 0.998859
0.788242 10 0.998862
0.788049 10 0.99888
0.787855 10 0.998936
0.787662 10 0.998949
0.787469 10 0.998958
0.787275 10 0.998985
0.787082 10 0.998999
0.786888 10 0.99902
0.786695 10 0.999048
0.786502 10 0.999053
0.786308 10 0.999062
0.786115 10 0.999074
0.785921 10 0.999075
0.785728 10 0.999144
0.785728 9 0.999152
0.785341 9 0.999157
0.785148 9 0.99917
0.784955 9 0.999184
0.784761 9 0.999186
0.784568 9 0.999187
0.784374 9 0.999189
0.784181 9 0.999192
0.783988 9 0.999214
0.783794 9 0.999223
0.783601 9 0.999251
0.783407 9 0.99926
0.783214 9 0.999261
0.783021 9 0.999276
0.782827 9 0.999277
0.782441 9 0.999292
0.782247 9 0.999293
0.782054 9 0.999341
0.782054 8 0.999353
0.78186 8 0.999354
0.781667 8 0.999363
0.781474 8 0.999372
0.78128 8 0.999378
0.781087 8 0.99938
0.780893 8 0.999381
0.780507 8 0.999382
0.780313 8 0.999384
0.779927 8 0.999385
0.779733 8 0.999387
0.77954 8 0.999388
0.779346 8 0.999418
0.779153 8 0.999424
0.77896 8 0.999436
0.778766 8 0.999446
0.778573 8 0.999447
0.778379 8 0.999453
0.778186 8 0.999455
0.777993 8 0.999461
0.777799 8 0.999462
0.777606 8 0.999463
0.777412 8 0.999467
0.777219 8 0.999476
0.777026 8 0.999501
0.777026 7 0.99951
0.776832 7 0.999537
0.776639 7 0.999543
0.776446 7 0.999544
0.776252 7 0.999548
0.776059 7 0.999551
0.775865 7 0.999552
0.775672 7 0.99956
0.775479 7 0.999564
0.775285 7 0.999576
0.775092 7 0.999581
0.774898 7 0.999585
0.774512 7 0.999588
0.774318 7 0.999592
0.774125 7 0.999594
0.773932 7 0.999602
0.773738 7 0.999603
0.773738 6 0.999606
0.773545 6 0.999626
0.773351 6 0.999627
0.773158 6 0.999629
0.772965 6 0.999634
0.772771 6 0.999636
0.772578 6 0.999638
0.772384 6 0.999639
0.772191 6 0.999643
0.771998 6 0.999647
0.771804 6 0.99965
0.771611 6 0.999652
0.771418 6 0.999656
0.771031 6 0.99967
0.770837 6 0.999672
0.770644 6 0.999677
0.770451 6 0.999685
0.770257 6 0.999686
0.770064 6 0.999687
0.76987 6 0.999688
0.769677 6 0.999695
0.769484 6 0.999697
0.76929 6 0.999699
0.769097 6 0.999703
0.76871 6 0.999704
0.768517 6 0.999708
0.76813 6 0.999709
0.767743 6 0.99971
0.76755 6 0.999712
0.767356 6 0.999713
0.767163 6 0.999714
0.766776 6 0.999716
0.766389 6 0.999717
0.766196 6 0.999721
0.766003 6 0.999725
0.765809 6 0.999728
0.765616 6 0.999729
0.765229 6 0.999731
0.765036 6 0.999735
0.764842 6 0.999738
0.764649 6 0.999741
0.764456 6 0.999742
0.764262 6 0.999743
0.764069 6 0.999748
0.763875 6 0.99975
0.763682 6 0.999755
0.763489 6 0.999757
0.763295 6 0.999759
0.763102 6 0.99976
0.762715 6 0.999762
0.762522 6 0.999764
0.762328 6 0.999766
0.762135 6 0.999768
0.761942 6 0.999769
0.761555 6 0.999776
0.761168 6 0.999778
0.760975 6 0.999782
0.760781 6 0.999784
0.760201 6 0.999786
0.760008 6 0.99979
0.759814 6 0.999791
0.759621 6 0.999796
0.759428 6 0.999797
0.759234 6 0.999798
0.759041 6 0.999801
0.758847 6 0.999805
0.758654 6 0.999807
0.758461 5 0.999811
0.758074 5 0.999812
0.75788 5 0.999813
0.757687 5 0.999817
0.757494 5 0.999818
0.7573 5 0.999819
0.757107 5 0.99982
0.756914 5 0.999821
0.75672 5 0.999824
0.756527 5 0.999825
0.756333 5 0.999833
0.75614 5 0.999837
0.755947 5 0.999839
0.755753 5 0.99984
0.755366 5 0.999842
0.755173 5 0.999846
0.75498 5 0.999847
0.754786 5 0.99985
0.754593 5 0.999851
0.7544 5 0.999852
0.754206 4 0.999853
0.754206 3 0.999854
0.754013 3 0.999856
0.753433 3 0.999857
0.753239 3 0.999862
0.753046 3 0.999863
0.752852 3 0.999864
0.752659 3 0.999866
0.752466 3 0.999872
0.752079 3 0.999873
0.751692 3 0.999874
0.751305 3 0.999877
0.751112 3 0.99988
0.750919 3 0.999882
0.750725 3 0.999884
0.750532 3 0.999885
0.750338 3 0.999887
0.750145 3 0.999888
0.749758 2 0.999889
0.749565 2 0.99989
0.749371 2 0.999892
0.749178 2 0.999893
0.748985 2 0.999895
0.748791 2 0.999896
0.748598 2 0.999897
0.748211 2 0.999898
0.747824 2 0.999901
0.747438 2 0.999904
0.747244 2 0.999908
0.746857 2 0.999911
0.746471 2 0.999912
0.746084 2 0.999913
0.745697 2 0.999914
0.745504 2 0.999915
0.744924 2 0.999917
0.744537 2 0.999918
0.744343 2 0.999919
0.74415 2 0.99992
0.743957 2 0.999922
0.743763 2 0.999923
0.743183 2 0.999925
0.74299 2 0.999926
0.74241 2 0.999927
0.741829 2 0.999929
0.741443 2 0.99993
0.741249 2 0.999931
0.740282 2 0.999932
0.740089 2 0.999933
0.739896 2 0.999934
0.739702 2 0.999935
0.739315 2 0.999936
0.739122 2 0.999937
0.738348 2 0.999938
0.736995 2 0.999939
0.736801 2 0.99994
0.736608 2 0.999941
0.736221 2 0.999942
0.736028 2 0.999944
0.735448 2 0.999945
0.735254 2 0.999946
0.734674 2 0.999947
0.734481 2 0.999949
0.734094 2 0.99995
0.733901 2 0.999951
0.73274 2 0.999952
0.73216 2 0.999954
0.731773 2 0.999955
0.731193 2 0.999956
0.730806 2 0.999957
0.730613 2 0.999959
0.730226 2 0.99996
0.729646 2 0.999961
0.729066 2 0.999962
0.728292 2 0.999963
0.727712 2 0.999964
0.727325 2 0.999965
0.726165 2 0.999966
0.725392 2 0.999967
0.724038 2 0.999968
0.723845 2 0.999969
0.722878 2 0.99997
0.721911 2 0.999971
0.72075 2 0.999972
0.719783 2 0.999973
0.718816 2 0.999974
0.71785 2 0.999975
0.717269 2 0.999976
0.716109 2 0.999977
0.715142 2 0.999978
0.713595 2 0.999979
0.712048 2 0.99998
0.710694 2 0.999981
0.710114 2 0.999982
0.708374 2 0.999983
0.706633 2 0.999984
0.705279 2 0.999985
0.703539 2 0.999986
0.702379 1 0.999987
0.701025 1 0.999988
0.698898 1 0.999989
0.695997 1 0.99999
0.692709 1 0.999991
0.690389 1 0.999992
0.685747 1 0.999993
0.681686 1 0.999994
0.677819 1 0.999995
0.671243 1 0.999996
0.664475 1 0.999997
0.654419 1 0.999998
0.637788 1 0.999999
0.599884 0 1
0 0 1.79769e+308
