0.667909 167
0.667909 166
0.667748 166
0.667748 165
0.667748 164
0.667603 164
0.667469 164
0.667469 163
0.667469 162
0.667312 162
0.667169 162
0.667169 161
0.667169 160
0.667169 159
0.667169 158
0.667107 157
0.66702 156
0.666876 156
0.666719 156
0.666582 156
0.666582 155
0.666472 155
0.666472 154
0.666392 153
0.666244 153
0.666211 152
0.666211 151
0.666211 150
0.666211 149
0.666211 148
0.666066 148
0.665911 148
0.665911 147
0.665911 146
0.665911 145
0.665911 144
0.665911 143
0.665758 143
0.665758 142
0.66563 142
0.66563 141
0.66563 140
0.66563 139
0.66563 138
0.66563 137
0.66563 136
0.66563 135
0.665483 135
0.665483 134
0.665325 134
0.665184 134
0.665184 133
0.665184 132
0.665184 131
0.665184 130
0.665184 129
0.665036 129
0.665036 128
0.665036 127
0.664891 127
0.664636 127
0.664636 126
0.664636 125
0.664636 124
0.664636 123
0.664636 122
0.664636 121
0.664636 120
0.664636 119
0.664636 118
0.664486 118
0.664486 117
0.664356 117
0.664356 116
0.664298 115
0.66416 115
0.66416 114
0.66405 114
0.66405 113
0.66405 112
0.66405 111
0.66405 110
0.663963 109
0.663963 108
0.663826 108
0.663675 108
0.663526 108
0.663371 108
0.663209 108
0.663209 107
0.663209 106
0.663062 106
0.663062 105
0.663062 104
0.662985 103
0.662985 102
0.662985 101
0.662904 100
0.662754 100
0.662631 100
0.662631 99
0.662477 99
0.662339 99
0.662339 98
0.662192 98
0.662192 97
0.662061 97
0.661928 97
0.661922 96
0.661922 95
0.6618 95
0.6618 94
0.6618 93
0.6618 92
0.661671 92
0.66153 92
0.66153 91
0.66153 90
0.661369 90
0.661213 90
0.661213 89
0.661089 89
0.661089 88
0.661089 87
0.660939 87
0.660779 87
0.660664 87
0.660664 86
0.660664 85
0.660664 84
0.660531 84
0.660531 83
0.660376 83
0.660376 82
0.660261 82
0.660261 81
0.660261 80
0.660188 79
0.660188 78
0.659869 78
0.659869 77
0.659733 77
0.659618 77
0.659618 76
0.659494 76
0.659342 76
0.659342 75
0.659342 74
0.659342 73
0.659218 73
0.659064 73
0.658911 73
0.658911 72
0.658768 72
0.65869 71
0.658573 71
0.658573 70
0.658446 70
0.658287 70
0.658146 70
0.658022 70
0.657887 70
0.657736 70
0.657576 70
0.657439 70
0.657439 69
0.657439 68
0.657439 67
0.657296 67
0.657157 67
0.657012 67
0.657012 66
0.656962 65
0.656962 64
0.656841 64
0.656841 63
0.656705 63
0.656609 62
0.656609 61
0.656489 61
0.656341 61
0.65622 61
0.656097 61
0.655946 61
0.655843 61
0.655728 61
0.655647 60
0.655521 60
0.655391 60
0.655291 60
0.655147 60
0.654997 60
0.654997 59
0.65485 59
0.65473 59
0.654585 59
0.654585 58
0.654459 58
0.654459 57
0.654373 56
0.654226 56
0.654226 55
0.654094 55
0.653941 55
0.653806 55
0.653657 55
0.653545 55
0.653545 54
0.653403 54
0.653285 54
0.653111 54
0.652985 54
0.652851 54
0.652719 54
0.652585 54
0.652426 54
0.652292 54
0.652154 54
0.652153 53
0.652001 53
0.652001 52
0.651853 52
0.65174 52
0.651583 52
0.651438 52
0.651438 51
0.651281 51
0.651122 51
0.651122 50
0.651122 49
0.650985 49
0.650926 48
0.650926 47
0.650785 47
0.650642 47
0.650526 47
0.650406 47
0.650251 47
0.650111 47
0.649967 47
0.649967 46
0.649967 45
0.649831 45
0.649831 44
0.649761 43
0.649641 43
0.649492 43
0.649361 43
0.649218 43
0.649115 43
0.648989 43
0.648849 43
0.648683 43
0.64855 43
0.64855 42
0.648396 42
0.648258 42
0.648258 41
0.648138 41
0.647992 41
0.647854 41
0.647752 41
0.647614 41
0.647464 41
0.647334 41
0.647334 40
0.647183 40
0.647028 40
0.646872 40
0.646716 40
0.646583 40
0.646465 40
0.646312 40
0.646197 40
0.646113 39
0.645968 39
0.645822 39
0.645718 39
0.645718 38
0.645586 38
0.645454 38
0.645323 38
0.645323 37
0.645178 37
0.645041 37
0.644884 37
0.644733 37
0.64448 37
0.64433 37
0.644206 37
0.644047 37
0.643909 37
0.643781 37
0.643781 36
0.643781 35
0.643622 35
0.643506 35
0.643376 35
0.643229 35
0.643126 35
0.643052 34
0.642946 34
0.642801 34
0.642666 34
0.642526 34
0.642367 34
0.642367 33
0.642213 33
0.642054 33
0.642054 32
0.641914 32
0.641765 32
0.641623 32
0.641558 31
0.641445 31
0.641291 31
0.641141 31
0.641011 31
0.640869 31
0.640708 31
0.640548 31
0.640548 30
0.640399 30
0.64027 30
0.640141 30
0.640026 30
0.639883 30
0.639748 30
0.639614 30
0.639454 30
0.639296 30
0.639152 30
0.639007 30
0.638885 30
0.63873 30
0.638582 30
0.638444 30
0.638296 30
0.638138 30
0.637981 30
0.637856 30
0.637741 30
0.637583 30
0.637444 30
0.637444 29
0.63731 29
0.63717 29
0.637017 29
0.636892 29
0.636767 29
0.636623 29
0.636623 28
0.636469 28
0.636242 28
0.636103 28
0.636103 27
0.636103 26
0.635977 26
0.635878 26
0.635723 26
0.635571 26
0.635418 26
0.635272 26
0.635145 26
0.635017 26
0.634895 26
0.634895 25
0.634743 25
0.634602 25
0.634466 25
0.634327 25
0.634327 24
0.634185 24
0.634049 24
0.633899 24
0.633899 23
0.633746 23
0.633607 23
0.633607 22
0.633478 22
0.633347 22
0.633265 21
0.633116 21
0.632981 21
0.632837 21
0.632691 21
0.632532 21
0.632378 21
0.632253 21
0.632127 21
0.631972 21
0.631814 21
0.631673 21
0.631506 21
0.631358 21
0.631212 21
0.631063 21
0.630932 21
0.630932 20
0.630775 20
0.630623 20
0.630528 19
0.63036 19
0.630215 19
0.630096 19
0.630096 18
0.629942 18
0.629788 18
0.629627 18
0.62948 18
0.629178 18
0.629178 17
0.629032 17
0.628913 17
0.628783 17
0.628632 17
0.628478 17
0.628329 17
0.628181 17
0.628031 17
0.627897 17
0.627749 17
0.627613 17
0.627457 17
0.627367 16
0.627222 16
0.627074 16
0.626956 16
0.6268 16
0.626685 16
0.626534 16
0.62638 16
0.626256 16
0.626119 16
0.625963 16
0.625814 16
0.625715 16
0.625553 16
0.625404 16
0.625249 16
0.625095 16
0.624954 16
0.624833 16
0.624695 16
0.624572 16
0.624477 15
0.624339 15
0.624202 15
0.624053 15
0.623911 15
0.62375 15
0.623601 15
0.623465 15
0.623333 15
0.623172 15
0.623065 15
0.622935 15
0.622775 15
0.622626 15
0.622492 15
0.622492 14
0.622338 14
0.622184 14
0.622035 14
0.621893 14
0.621747 14
0.621596 14
0.621444 14
0.621306 14
0.621158 14
0.621158 13
0.621012 13
0.620867 13
0.620704 13
0.620554 13
0.620419 13
0.620265 13
0.620115 13
0.619965 13
0.619816 13
0.619661 13
0.619539 13
0.61939 13
0.619258 13
0.619106 13
0.618969 13
0.61883 13
0.618695 13
0.618546 13
0.618392 13
0.618235 13
0.618077 13
0.617921 13
0.617921 12
0.617794 12
0.617658 12
0.61754 12
0.617405 12
0.617147 12
0.617147 11
0.617083 10
0.616964 10
0.616808 10
0.616657 10
0.6165 10
0.616385 10
0.616232 10
0.61612 10
0.616012 10
0.615864 10
0.615716 10
0.615589 10
0.615435 10
0.615277 10
0.615145 10
0.614994 10
0.614859 10
0.614718 10
0.61456 10
0.61456 9
0.614276 9
0.614131 9
0.613973 9
0.613805 9
0.613658 9
0.613527 9
0.613392 9
0.613275 9
0.613129 9
0.613002 9
0.612859 9
0.612757 9
0.612604 9
0.612449 9
0.612151 9
0.611999 9
0.611828 9
0.611828 8
0.611666 8
0.611512 8
0.611358 8
0.611206 8
0.611077 8
0.610931 8
0.610666 8
0.610516 8
0.610217 8
0.610064 8
0.609922 8
0.609775 8
0.609623 8
0.609486 8
0.609335 8
0.609204 8
0.609067 8
0.608928 8
0.608796 8
0.608635 8
0.60849 8
0.608342 8
0.608194 8
0.608042 8
0.608042 7
0.607921 7
0.607768 7
0.607618 7
0.607492 7
0.607354 7
0.607229 7
0.607089 7
0.606944 7
0.606793 7
0.606641 7
0.606501 7
0.606198 7
0.606062 7
0.605922 7
0.605776 7
0.605641 7
0.605544 6
0.605386 6
0.605243 6
0.605086 6
0.604929 6
0.604801 6
0.604646 6
0.604492 6
0.604356 6
0.6042 6
0.604052 6
0.603909 6
0.603753 6
0.603449 6
0.603289 6
0.603155 6
0.603013 6
0.602858 6
0.602711 6
0.602586 6
0.602433 6
0.60228 6
0.602138 6
0.601981 6
0.601677 6
0.601523 6
0.601236 6
0.600997 6
0.600854 6
0.600707 6
0.600563 6
0.600256 6
0.59998 6
0.599844 6
0.599698 6
0.59959 6
0.599438 6
0.599144 6
0.598988 6
0.598871 6
0.598727 6
0.598613 6
0.59847 6
0.598321 6
0.598171 6
0.598032 6
0.597877 6
0.59773 6
0.597571 6
0.597293 6
0.597144 6
0.596998 6
0.596849 6
0.596695 6
0.596437 6
0.596126 6
0.595967 6
0.59585 6
0.595411 6
0.595312 6
0.595153 6
0.595022 6
0.594871 6
0.594715 6
0.594563 6
0.59441 6
0.59427 6
0.594122 5
0.593834 5
0.593687 5
0.59353 5
0.593396 5
0.59325 5
0.593103 5
0.593002 5
0.592869 5
0.592726 5
0.592567 5
0.592442 5
0.592292 5
0.592138 5
0.59191 5
0.591757 5
0.591621 5
0.591469 5
0.591315 5
0.591177 5
0.591022 4
0.590938 3
0.590788 3
0.590378 3
0.590222 3
0.590103 3
0.58996 3
0.589817 3
0.589668 3
0.589382 3
0.58914 3
0.588837 3
0.588696 3
0.588599 3
0.588448 3
0.588289 3
0.588131 3
0.587971 3
0.587694 2
0.587585 2
0.58742 2
0.587279 2
0.587141 2
0.586988 2
0.586845 2
0.586558 2
0.586274 2
0.585976 2
0.585867 2
0.585575 2
0.585279 2
0.584987 2
0.584695 2
0.584548 2
0.584094 2
0.583793 2
0.58364 2
0.583484 2
0.583335 2
0.583205 2
0.58278 2
0.582622 2
0.582202 2
0.581772 2
0.581487 2
0.581347 2
0.580628 2
0.580482 2
0.580332 2
0.580186 2
0.579884 2
0.579743 2
0.579239 2
0.578177 2
0.578024 2
0.577872 2
0.577624 2
0.577478 2
0.577014 2
0.576858 2
0.576434 2
0.576286 2
0.576003 2
0.5759 2
0.575074 2
0.574627 2
0.574354 2
0.5739 2
0.573595 2
0.573445 2
0.573165 2
0.572747 2
0.572291 2
0.571697 2
0.571266 2
0.570993 2
0.570078 2
0.569463 2
0.568474 2
0.568357 2
0.567593 2
0.566878 2
0.565988 2
0.56525 2
0.564501 2
0.563777 2
0.563328 2
0.562425 2
0.561642 2
0.560474 2
0.559293 2
0.558235 2
0.557779 2
0.556438 2
0.555128 2
0.554121 2
0.552778 2
0.551867 1
0.550792 1
0.549158 1
0.546915 1
0.544393 1
0.542661 1
0.539013 1
0.535953 1
0.532975 1
0.527933 1
0.522732 1
0.515067 1
0.502178 1
0.47274 0
0 0
