0.678898 3480
0.678898 3479
0.678898 3478
0.678898 3477
0.678898 3476
0.678898 3475
0.678898 3474
0.678898 3473
0.678898 3472
0.678898 3471
0.678898 3470
0.678898 3469
0.678898 3468
0.678898 3467
0.678898 3466
0.678898 3465
0.678898 3464
0.678898 3463
0.678898 3462
0.678898 3461
0.678898 3460
0.678898 3459
0.678898 3458
0.678898 3457
0.678898 3456
0.678898 3455
0.678898 3454
0.678898 3453
0.678894 3452
0.678894 3451
0.678894 3450
0.678894 3449
0.678894 3448
0.678894 3447
0.678894 3446
0.678894 3445
0.678894 3444
0.678894 3443
0.678894 3442
0.678894 3441
0.678894 3440
0.678894 3439
0.678894 3438
0.678894 3437
0.678894 3436
0.678894 3435
0.678894 3434
0.678894 3433
0.678894 3432
0.678894 3431
0.678894 3430
0.678894 3429
0.678894 3428
0.678894 3427
0.678894 3426
0.678894 3425
0.678894 3424
0.678894 3423
0.678894 3422
0.678894 3421
0.678894 3420
0.678894 3419
0.678894 3418
0.678894 3417
0.678894 3416
0.678894 3415
0.678894 3414
0.678894 3413
0.678894 3412
0.678894 3411
0.678894 3410
0.678894 3409
0.678894 3408
0.678894 3407
0.678863 3406
0.678863 3405
0.678863 3404
0.678863 3403
0.678863 3402
0.678863 3401
0.678863 3400
0.678863 3399
0.678863 3398
0.678863 3397
0.678863 3396
0.678863 3395
0.678756 3394
0.678756 3393
0.678756 3392
0.678756 3391
0.678756 3390
0.678756 3389
0.678756 3388
0.678756 3387
0.678756 3386
0.678756 3385
0.678756 3384
0.678756 3383
0.678756 3382
0.678756 3381
0.678756 3380
0.678756 3379
0.678756 3378
0.678756 3377
0.678756 3376
0.678756 3375
0.678756 3374
0.678756 3373
0.678756 3372
0.678756 3371
0.678756 3370
0.678756 3369
0.678756 3368
0.678756 3367
0.678756 3366
0.678756 3365
0.678756 3364
0.678756 3363
0.678756 3362
0.678756 3361
0.678756 3360
0.678756 3359
0.678756 3358
0.678756 3357
0.678756 3356
0.678756 3355
0.678756 3353
0.678756 3352
0.678756 3351
0.678756 3350
0.678756 3349
0.678756 3348
0.678756 3347
0.678756 3346
0.678756 3345
0.678756 3344
0.678756 3343
0.678756 3342
0.678756 3341
0.678756 3340
0.678756 3339
0.678756 3338
0.678756 3337
0.678756 3336
0.678756 3335
0.678756 3334
0.678756 3333
0.678756 3332
0.678756 3331
0.678756 3330
0.678756 3328
0.678756 3327
0.678756 3326
0.678756 3325
0.678756 3324
0.678756 3323
0.678756 3322
0.678756 3321
0.678756 3320
0.678756 3319
0.678756 3318
0.678666 3317
0.678666 3316
0.678666 3315
0.678666 3314
0.678666 3313
0.678666 3312
0.678666 3311
0.678666 3310
0.678666 3309
0.678634 3308
0.678634 3307
0.678634 3306
0.678634 3305
0.678634 3304
0.678634 3303
0.678634 3302
0.678634 3301
0.678634 3300
0.678634 3299
0.678634 3298
0.678634 3297
0.678634 3296
0.678634 3295
0.678634 3294
0.678634 3293
0.678634 3292
0.678634 3291
0.678634 3290
0.678634 3289
0.678634 3288
0.678634 3287
0.678634 3286
0.678634 3285
0.678634 3284
0.678634 3283
0.678634 3282
0.678634 3281
0.678634 3280
0.678634 3279
0.678634 3278
0.678634 3277
0.678634 3276
0.678634 3275
0.678634 3274
0.678634 3273
0.678634 3272
0.678634 3271
0.678634 3270
0.678634 3269
0.678634 3268
0.678634 3267
0.678634 3266
0.678634 3265
0.678779 3262
0.678779 3261
0.678779 3260
0.678779 3259
0.678779 3258
0.678779 3257
0.678779 3256
0.678779 3255
0.678779 3254
0.678779 3253
0.678665 3253
0.678665 3252
0.678665 3251
0.678665 3250
0.678665 3249
0.678665 3248
0.678665 3247
0.678665 3246
0.678665 3245
0.678665 3244
0.678665 3243
0.678665 3242
0.678665 3241
0.678665 3240
0.678665 3239
0.678665 3238
0.678665 3237
0.678665 3236
0.678665 3235
0.678665 3234
0.678665 3233
0.678665 3232
0.678665 3231
0.678665 3230
0.678665 3229
0.678665 3228
0.678665 3227
0.678665 3226
0.678665 3225
0.678665 3224
0.678665 3223
0.678665 3222
0.678665 3221
0.678665 3220
0.678665 3219
0.678665 3218
0.678665 3217
0.678665 3216
0.678665 3215
0.678665 3214
0.678665 3213
0.678665 3212
0.678665 3211
0.678665 3210
0.678665 3209
0.678665 3208
0.678665 3207
0.678665 3206
0.678665 3205
0.678665 3204
0.678505 3204
0.678505 3203
0.678505 3202
0.678505 3201
0.678505 3200
0.678505 3199
0.678505 3198
0.678505 3197
0.678505 3196
0.678505 3195
0.678505 3194
0.678505 3193
0.678505 3192
0.678505 3191
0.678505 3190
0.678505 3189
0.678505 3188
0.678505 3187
0.678505 3186
0.678505 3185
0.678505 3184
0.678505 3183
0.678505 3182
0.678505 3181
0.678505 3180
0.678505 3179
0.678505 3177
0.678505 3176
0.678505 3175
0.678505 3174
0.678505 3173
0.678505 3172
0.678505 3171
0.678505 3170
0.678505 3169
0.678505 3168
0.678505 3167
0.678399 3167
0.678399 3166
0.678399 3165
0.678399 3164
0.678399 3163
0.678399 3162
0.678399 3161
0.678399 3160
0.678399 3159
0.678399 3158
0.678399 3157
0.678399 3156
0.678399 3155
0.678399 3154
0.678399 3153
0.678399 3152
0.678399 3151
0.678399 3150
0.678399 3149
0.678399 3148
0.678399 3147
0.678399 3146
0.678399 3145
0.678399 3144
0.678399 3143
0.678399 3142
0.678399 3141
0.678399 3140
0.678399 3139
0.678399 3138
0.678399 3137
0.678399 3136
0.678399 3135
0.678399 3134
0.678399 3133
0.678399 3132
0.678399 3131
0.678399 3130
0.678399 3129
0.678399 3128
0.678399 3127
0.678399 3126
0.678399 3125
0.678399 3124
0.678399 3123
0.678399 3122
0.678399 3121
0.678399 3119
0.678399 3118
0.678399 3117
0.678399 3116
0.678399 3115
0.678399 3114
0.678399 3113
0.678399 3112
0.678399 3111
0.678399 3110
0.678399 3108
0.678399 3107
0.678399 3106
0.678399 3105
0.678399 3104
0.678397 3103
0.678397 3102
0.678397 3101
0.678397 3100
0.678397 3099
0.678397 3098
0.678397 3097
0.678397 3096
0.678397 3095
0.678387 3094
0.678387 3093
0.678387 3092
0.678387 3091
0.678387 3090
0.678387 3089
0.678387 3088
0.678387 3087
0.678387 3086
0.678387 3085
0.678387 3084
0.678387 3083
0.678387 3082
0.678387 3081
0.678387 3080
0.678387 3079
0.678387 3078
0.678387 3077
0.678387 3076
0.678387 3075
0.678387 3074
0.678387 3073
0.678387 3072
0.678387 3071
0.678387 3070
0.678387 3069
0.678387 3068
0.678387 3067
0.678387 3066
0.678387 3065
0.678367 3064
0.678367 3063
0.678367 3062
0.678367 3061
0.678367 3060
0.678367 3059
0.678367 3058
0.678367 3057
0.678367 3056
0.678367 3055
0.678367 3054
0.678367 3053
0.678367 3052
0.678367 3051
0.678367 3050
0.678276 3049
0.678276 3048
0.678276 3047
0.678276 3046
0.678276 3045
0.678276 3043
0.678276 3042
0.678276 3041
0.678276 3040
0.678276 3039
0.678276 3038
0.678276 3037
0.678276 3036
0.678276 3035
0.678276 3034
0.678276 3033
0.678276 3032
0.678276 3031
0.678276 3030
0.678276 3029
0.678276 3028
0.678276 3027
0.678276 3026
0.678276 3025
0.678276 3024
0.678276 3023
0.678276 3022
0.678276 3021
0.678276 3020
0.678276 3019
0.678276 3018
0.678276 3017
0.678276 3016
0.678276 3015
0.678276 3014
0.678276 3013
0.678143 3013
0.678143 3012
0.678143 3011
0.678143 3010
0.678143 3009
0.678143 3008
0.678143 3007
0.678143 3006
0.678143 3005
0.678143 3004
0.678143 3003
0.678143 3002
0.678143 3001
0.678143 3000
0.678143 2999
0.678143 2998
0.678143 2997
0.678143 2996
0.678143 2995
0.678143 2994
0.678143 2993
0.678143 2992
0.678143 2991
0.678143 2990
0.678143 2989
0.678143 2988
0.678143 2987
0.678143 2986
0.678143 2985
0.678143 2984
0.678143 2983
0.678143 2982
0.678143 2981
0.678143 2980
0.678143 2979
0.678143 2978
0.678143 2977
0.678143 2976
0.678143 2975
0.678143 2974
0.678143 2973
0.678143 2972
0.678143 2971
0.678143 2970
0.678143 2969
0.678143 2968
0.678143 2967
0.678143 2966
0.678143 2965
0.678143 2964
0.678143 2963
0.678143 2962
0.678143 2961
0.678143 2960
0.678143 2959
0.678032 2959
0.678032 2958
0.678032 2957
0.678032 2956
0.678032 2955
0.677997 2954
0.677997 2953
0.677997 2952
0.677997 2951
0.677997 2950
0.677997 2948
0.677997 2947
0.677997 2946
0.677997 2945
0.677997 2944
0.677997 2943
0.677997 2942
0.677997 2941
0.677997 2940
0.677997 2939
0.677962 2938
0.677962 2937
0.677962 2936
0.677962 2935
0.677962 2934
0.677962 2933
0.677962 2932
0.677962 2931
0.677962 2930
0.677962 2929
0.677962 2928
0.677962 2927
0.677962 2926
0.677962 2925
0.677962 2924
0.677962 2923
0.677962 2922
0.677962 2921
0.677962 2920
0.677962 2919
0.677962 2918
0.677962 2917
0.677962 2916
0.677962 2915
0.677962 2914
0.677962 2913
0.677962 2912
0.677962 2911
0.677962 2910
0.677962 2909
0.677962 2908
0.677962 2907
0.677962 2906
0.677962 2905
0.677962 2904
0.677962 2903
0.677962 2902
0.677962 2901
0.677962 2900
0.677962 2899
0.677962 2898
0.677962 2897
0.677962 2896
0.677962 2895
0.677962 2894
0.677907 2893
0.677907 2892
0.677907 2891
0.677907 2890
0.677907 2889
0.677907 2888
0.677907 2887
0.677907 2886
0.677907 2885
0.677907 2884
0.677907 2883
0.677907 2882
0.677907 2881
0.677907 2880
0.677907 2879
0.677907 2878
0.677907 2877
0.677907 2876
0.677907 2875
0.677907 2874
0.677907 2873
0.677907 2872
0.677907 2871
0.677907 2870
0.677907 2869
0.677907 2868
0.677907 2867
0.677907 2866
0.677907 2865
0.677907 2864
0.677907 2863
0.677899 2862
0.677899 2861
0.677899 2860
0.677899 2859
0.677899 2858
0.677899 2857
0.677899 2856
0.677899 2855
0.677899 2854
0.677899 2853
0.677899 2852
0.677895 2851
0.677895 2850
0.677895 2849
0.677895 2848
0.677895 2847
0.677774 2847
0.677774 2846
0.677774 2845
0.677774 2844
0.677774 2843
0.677774 2842
0.677774 2841
0.677774 2840
0.677774 2839
0.677774 2838
0.677774 2837
0.677774 2836
0.677774 2835
0.677774 2834
0.677774 2833
0.677774 2832
0.677774 2831
0.677774 2830
0.677774 2829
0.677774 2828
0.677774 2827
0.677774 2826
0.677774 2825
0.677774 2824
0.677774 2823
0.677774 2822
0.677774 2821
0.677774 2820
0.677774 2819
0.677774 2818
0.677774 2817
0.677774 2816
0.677774 2815
0.677774 2814
0.677774 2813
0.677774 2812
0.677774 2811
0.677774 2810
0.677774 2809
0.677774 2808
0.677774 2807
0.677699 2806
0.677699 2805
0.677699 2804
0.677699 2803
0.677699 2802
0.677699 2801
0.677699 2800
0.677699 2799
0.677699 2798
0.677571 2798
0.677571 2797
0.677571 2796
0.677571 2795
0.677571 2794
0.677571 2793
0.677571 2792
0.677571 2791
0.677571 2790
0.677571 2789
0.677571 2788
0.677571 2787
0.67757 2786
0.67757 2785
0.67757 2784
0.67757 2783
0.67757 2782
0.67757 2781
0.677461 2781
0.677461 2780
0.677461 2779
0.677461 2778
0.677461 2777
0.677461 2776
0.677461 2775
0.677461 2774
0.677461 2773
0.677461 2772
0.677461 2771
0.677461 2770
0.677461 2769
0.677461 2768
0.677461 2767
0.677461 2766
0.677461 2765
0.677461 2764
0.677461 2763
0.677461 2762
0.677461 2761
0.677461 2760
0.677461 2759
0.677461 2758
0.677461 2757
0.677461 2756
0.677461 2755
0.677461 2754
0.677461 2753
0.677461 2752
0.677461 2751
0.677461 2750
0.677461 2749
0.677461 2748
0.677461 2747
0.677461 2746
0.677461 2745
0.677458 2744
0.677458 2743
0.677458 2742
0.677458 2741
0.677458 2740
0.677382 2739
0.677382 2738
0.677382 2737
0.677382 2736
0.677382 2735
0.677382 2734
0.677382 2733
0.677382 2732
0.677382 2731
0.677382 2730
0.677382 2729
0.677382 2728
0.677382 2727
0.677382 2726
0.677382 2725
0.677382 2724
0.677382 2723
0.677382 2722
0.677382 2721
0.677382 2720
0.677382 2719
0.677382 2718
0.677382 2717
0.677382 2716
0.677382 2715
0.677382 2714
0.677382 2713
0.677382 2712
0.677382 2711
0.677382 2710
0.677382 2709
0.677382 2708
0.677382 2707
0.677382 2706
0.677382 2705
0.677382 2704
0.677382 2703
0.677382 2702
0.677382 2700
0.677382 2699
0.677382 2698
0.677382 2697
0.677382 2696
0.677382 2695
0.677382 2694
0.67737 2693
0.67737 2692
0.67737 2691
0.67737 2690
0.67737 2689
0.67737 2688
0.67737 2687
0.67737 2686
0.67737 2685
0.67737 2684
0.67737 2683
0.67737 2682
0.67737 2681
0.67737 2680
0.67737 2679
0.67737 2678
0.67737 2677
0.67737 2676
0.67737 2675
0.67737 2674
0.67737 2673
0.67737 2672
0.67737 2671
0.67737 2670
0.67737 2669
0.67737 2668
0.67737 2667
0.67737 2666
0.67737 2665
0.67737 2664
0.67737 2663
0.67737 2662
0.67737 2661
0.67737 2660
0.67737 2659
0.67737 2658
0.67737 2657
0.67737 2656
0.67737 2655
0.67737 2654
0.67737 2653
0.67737 2652
0.67737 2651
0.67737 2650
0.67737 2649
0.67737 2648
0.67737 2647
0.67737 2646
0.67737 2645
0.67737 2644
0.67736 2643
0.67736 2642
0.67736 2641
0.67736 2640
0.67736 2639
0.67736 2638
0.67736 2637
0.67736 2636
0.67736 2635
0.67736 2634
0.67736 2633
0.67736 2632
0.67736 2631
0.67736 2630
0.67736 2629
0.67736 2628
0.67736 2627
0.67736 2626
0.67736 2625
0.67736 2624
0.67736 2623
0.67736 2622
0.67736 2621
0.677227 2621
0.677227 2620
0.677227 2619
0.677227 2618
0.677227 2617
0.677227 2616
0.677227 2615
0.677227 2614
0.677227 2613
0.677227 2612
0.677227 2611
0.677227 2610
0.677227 2609
0.677227 2608
0.677227 2607
0.677227 2606
0.677227 2605
0.677227 2604
0.677227 2603
0.677227 2602
0.677227 2601
0.677227 2600
0.677227 2599
0.677227 2598
0.677227 2597
0.677227 2596
0.677227 2595
0.677227 2594
0.677227 2593
0.677227 2592
0.677227 2591
0.677227 2590
0.677227 2589
0.677227 2588
0.677227 2587
0.677227 2586
0.677227 2585
0.677227 2584
0.677227 2583
0.677227 2582
0.677227 2581
0.677227 2580
0.677226 2579
0.677226 2578
0.677226 2577
0.677226 2576
0.677226 2575
0.677226 2574
0.677226 2573
0.677226 2572
0.677226 2571
0.677226 2570
0.677226 2569
0.677226 2568
0.677226 2567
0.677226 2566
0.677226 2565
0.677226 2564
0.677226 2563
0.677226 2562
0.677226 2561
0.677226 2560
0.677226 2559
0.677226 2558
0.677226 2557
0.677226 2556
0.677226 2555
0.677226 2554
0.677226 2553
0.677226 2552
0.677226 2551
0.677226 2550
0.677226 2549
0.677226 2548
0.677226 2547
0.677226 2546
0.677226 2545
0.677226 2544
0.677226 2543
0.677226 2542
0.677226 2541
0.677226 2540
0.677226 2539
0.677226 2538
0.677226 2537
0.677226 2536
0.677226 2535
0.677168 2535
0.677168 2534
0.677168 2533
0.677168 2532
0.677168 2531
0.677168 2530
0.677168 2529
0.677168 2528
0.677168 2527
0.677168 2526
0.677168 2525
0.677168 2524
0.677168 2523
0.677168 2522
0.677168 2521
0.677168 2520
0.677168 2519
0.677168 2518
0.677168 2517
0.677168 2516
0.677168 2515
0.677168 2514
0.677168 2513
0.677168 2512
0.677168 2511
0.677168 2510
0.677168 2509
0.677168 2508
0.677168 2507
0.677168 2506
0.677168 2505
0.677168 2504
0.677168 2503
0.677168 2502
0.677168 2501
0.677077 2500
0.677077 2499
0.677077 2498
0.677077 2497
0.677077 2496
0.677077 2495
0.677077 2494
0.677077 2493
0.677077 2492
0.677077 2491
0.677077 2490
0.677077 2489
0.677077 2488
0.677077 2487
0.677077 2486
0.677077 2485
0.677077 2484
0.677077 2483
0.677077 2482
0.677077 2481
0.677077 2480
0.677077 2479
0.677077 2478
0.677077 2477
0.677077 2476
0.677077 2475
0.677077 2474
0.677077 2473
0.677077 2472
0.677077 2471
0.677077 2470
0.677077 2469
0.677077 2468
0.677077 2467
0.677077 2466
0.677074 2465
0.677074 2464
0.677074 2463
0.677074 2462
0.677074 2461
0.677074 2460
0.677074 2459
0.677074 2458
0.677074 2457
0.677074 2456
0.677074 2455
0.677074 2454
0.677074 2453
0.677074 2452
0.677074 2451
0.677074 2450
0.677074 2449
0.677074 2448
0.677074 2446
0.677074 2445
0.677074 2444
0.677074 2443
0.677074 2442
0.677074 2441
0.677014 2440
0.677014 2439
0.677014 2438
0.677014 2437
0.677014 2436
0.677014 2435
0.677014 2434
0.676988 2433
0.676988 2432
0.676988 2431
0.676988 2430
0.676988 2429
0.676988 2428
0.676988 2427
0.676988 2426
0.676988 2425
0.676988 2424
0.676988 2423
0.676988 2422
0.676988 2421
0.676988 2420
0.676988 2419
0.676988 2418
0.676988 2417
0.676988 2416
0.676988 2415
0.676988 2414
0.676988 2413
0.676988 2412
0.676988 2411
0.676988 2410
0.676988 2409
0.676954 2407
0.676954 2406
0.676954 2405
0.676954 2404
0.676954 2403
0.676932 2402
0.676932 2401
0.676932 2400
0.676932 2399
0.676932 2398
0.676932 2397
0.676932 2396
0.676932 2395
0.676932 2394
0.676932 2393
0.676932 2392
0.676932 2391
0.676932 2390
0.676932 2389
0.676932 2388
0.676932 2387
0.676932 2386
0.676932 2385
0.676904 2385
0.676904 2384
0.676904 2383
0.676904 2382
0.676904 2381
0.676904 2380
0.676807 2380
0.676807 2379
0.676807 2378
0.676807 2377
0.676807 2376
0.676782 2375
0.676782 2374
0.676782 2373
0.676782 2372
0.676782 2371
0.676782 2370
0.676782 2369
0.676782 2368
0.676782 2367
0.676782 2366
0.676782 2365
0.676782 2364
0.676782 2363
0.676782 2362
0.676782 2361
0.676782 2360
0.676782 2359
0.676782 2358
0.676782 2357
0.676782 2356
0.676782 2355
0.676782 2354
0.676782 2353
0.676782 2352
0.676782 2351
0.676782 2350
0.676782 2349
0.676782 2348
0.676782 2347
0.676782 2346
0.676782 2345
0.676782 2344
0.676782 2343
0.676782 2342
0.676756 2341
0.676756 2340
0.676756 2339
0.676756 2338
0.676756 2337
0.676756 2336
0.676756 2335
0.676756 2334
0.676756 2333
0.676756 2332
0.676756 2331
0.676756 2330
0.676756 2329
0.676756 2328
0.676756 2327
0.676756 2326
0.676756 2325
0.676756 2324
0.676755 2323
0.676755 2322
0.676755 2321
0.676755 2320
0.676688 2319
0.676688 2318
0.676688 2317
0.676688 2316
0.676688 2315
0.676688 2314
0.676688 2313
0.676688 2312
0.676688 2311
0.676688 2310
0.676688 2309
0.676688 2308
0.676688 2307
0.676688 2306
0.676688 2305
0.676688 2304
0.676688 2303
0.676688 2302
0.676688 2301
0.676688 2300
0.676688 2299
0.676688 2298
0.676688 2297
0.676688 2296
0.676688 2295
0.676688 2294
0.676688 2293
0.676688 2292
0.676688 2291
0.676688 2290
0.676688 2289
0.676688 2288
0.676688 2287
0.676688 2286
0.676688 2285
0.676688 2284
0.676688 2283
0.676688 2282
0.676688 2281
0.676688 2280
0.676688 2279
0.676688 2278
0.676688 2277
0.676688 2276
0.676688 2275
0.67654 2275
0.67654 2274
0.67654 2273
0.67654 2272
0.67654 2271
0.676485 2270
0.676485 2269
0.676485 2268
0.676485 2267
0.676485 2266
0.676485 2265
0.676485 2264
0.676485 2263
0.676485 2262
0.676485 2261
0.676485 2260
0.676485 2259
0.676485 2258
0.676485 2257
0.676485 2256
0.676485 2255
0.676485 2254
0.676485 2253
0.676485 2252
0.676485 2251
0.676479 2250
0.676479 2249
0.676479 2248
0.676479 2247
0.676479 2246
0.676479 2245
0.676479 2244
0.676479 2243
0.676479 2242
0.676479 2241
0.676479 2240
0.676479 2239
0.676479 2238
0.676479 2237
0.676479 2236
0.676479 2235
0.676479 2234
0.676479 2233
0.676479 2232
0.676479 2231
0.676479 2229
0.676479 2228
0.676479 2227
0.676479 2226
0.676479 2225
0.676479 2224
0.676479 2223
0.676479 2222
0.676479 2221
0.676479 2220
0.676479 2219
0.67643 2218
0.67643 2217
0.67643 2216
0.67643 2215
0.67643 2214
0.676329 2214
0.676329 2213
0.676329 2212
0.676329 2211
0.676329 2210
0.676329 2209
0.676329 2208
0.676329 2207
0.676329 2206
0.676329 2205
0.676329 2204
0.676329 2203
0.676329 2202
0.676329 2201
0.676329 2200
0.676329 2199
0.676329 2198
0.676329 2197
0.676329 2196
0.676329 2194
0.676169 2194
0.676169 2193
0.676169 2192
0.676169 2191
0.676169 2190
0.676169 2189
0.676169 2188
0.676169 2187
0.676169 2186
0.676169 2185
0.676169 2184
0.676169 2183
0.676169 2182
0.676169 2181
0.676169 2180
0.676169 2179
0.676169 2178
0.676169 2177
0.676169 2176
0.676169 2175
0.676169 2173
0.676135 2172
0.676135 2171
0.676135 2170
0.676135 2169
0.676135 2168
0.676135 2167
0.676135 2166
0.676135 2165
0.676135 2164
0.676135 2163
0.676135 2162
0.676135 2161
0.676135 2160
0.676135 2159
0.676135 2158
0.676135 2157
0.676135 2156
0.676135 2155
0.676135 2154
0.676135 2153
0.676135 2152
0.676135 2151
0.676135 2150
0.676135 2149
0.676135 2148
0.676135 2147
0.676135 2146
0.676135 2145
0.676135 2144
0.676135 2143
0.676135 2142
0.676135 2141
0.676135 2140
0.676135 2139
0.676135 2138
0.675989 2138
0.675989 2137
0.675989 2136
0.675989 2135
0.675989 2134
0.675989 2133
0.675989 2132
0.675989 2131
0.675989 2130
0.675989 2129
0.675989 2128
0.675989 2127
0.675989 2126
0.675989 2125
0.675989 2124
0.675989 2123
0.675989 2122
0.675989 2121
0.675989 2120
0.675888 2120
0.675888 2119
0.675888 2118
0.675888 2117
0.675888 2116
0.675888 2115
0.675888 2114
0.675888 2113
0.675888 2112
0.675888 2111
0.675888 2110
0.675888 2109
0.675864 2108
0.675864 2107
0.675864 2106
0.675864 2105
0.675864 2104
0.675861 2102
0.675861 2101
0.675861 2100
0.675861 2099
0.675861 2098
0.675861 2097
0.675732 2097
0.675732 2096
0.675732 2095
0.675732 2094
0.675732 2093
0.675732 2091
0.675732 2090
0.675732 2089
0.675732 2088
0.675732 2087
0.675732 2086
0.675732 2085
0.675732 2084
0.675732 2083
0.675732 2082
0.675732 2081
0.675732 2080
0.675732 2079
0.675732 2078
0.675732 2077
0.675732 2076
0.675732 2075
0.675732 2074
0.675732 2073
0.675732 2072
0.675732 2071
0.675732 2070
0.675732 2069
0.675732 2068
0.675732 2067
0.675732 2066
0.675732 2065
0.675732 2064
0.675732 2063
0.675732 2062
0.675732 2061
0.675732 2060
0.675732 2059
0.675732 2058
0.675732 2057
0.675699 2056
0.675699 2055
0.675699 2054
0.675699 2053
0.675699 2052
0.675699 2051
0.675699 2050
0.675699 2049
0.675699 2048
0.675699 2047
0.675699 2046
0.675699 2045
0.67559 2045
0.67559 2044
0.67559 2043
0.67559 2042
0.67559 2041
0.67559 2040
0.67559 2039
0.67559 2038
0.67559 2037
0.675548 2036
0.675548 2035
0.675548 2034
0.675548 2033
0.675548 2032
0.675548 2031
0.675548 2030
0.675548 2029
0.675548 2028
0.675548 2027
0.675548 2026
0.675548 2025
0.675548 2024
0.675548 2023
0.675548 2022
0.675548 2021
0.675548 2020
0.675548 2019
0.675548 2018
0.675548 2017
0.675548 2016
0.675548 2015
0.675548 2014
0.675548 2013
0.675548 2012
0.675548 2011
0.675548 2010
0.675548 2009
0.675548 2008
0.675548 2007
0.675548 2006
0.675548 2005
0.675548 2004
0.675548 2003
0.675548 2002
0.675548 2001
0.675548 2000
0.675548 1999
0.675548 1998
0.675503 1997
0.675503 1996
0.675503 1995
0.675367 1995
0.675367 1994
0.675367 1993
0.675367 1992
0.675367 1991
0.675367 1990
0.675367 1989
0.675225 1989
0.675225 1988
0.675225 1987
0.675225 1986
0.675225 1985
0.675225 1984
0.675225 1983
0.675225 1982
0.675225 1981
0.675225 1980
0.675225 1979
0.675225 1978
0.675225 1977
0.675225 1976
0.675225 1975
0.675225 1974
0.675225 1973
0.675225 1972
0.675225 1971
0.675077 1971
0.675077 1970
0.675077 1969
0.675077 1968
0.675077 1967
0.675077 1966
0.674959 1966
0.674959 1965
0.674959 1964
0.674959 1963
0.674959 1962
0.674959 1961
0.674959 1960
0.674959 1959
0.674959 1957
0.674959 1956
0.674959 1955
0.674959 1954
0.674959 1953
0.674959 1952
0.674959 1951
0.674959 1950
0.674959 1949
0.674959 1948
0.674959 1947
0.674959 1945
0.674959 1944
0.674959 1943
0.674959 1942
0.674959 1941
0.674959 1940
0.674959 1939
0.674959 1938
0.674959 1937
0.674959 1936
0.674959 1935
0.674959 1934
0.674959 1933
0.674933 1932
0.674933 1931
0.674933 1930
0.674933 1929
0.674933 1928
0.674933 1927
0.674933 1926
0.674933 1925
0.674933 1924
0.674933 1923
0.674933 1922
0.674933 1921
0.674933 1920
0.674933 1919
0.674933 1918
0.674933 1917
0.674933 1916
0.674933 1915
0.674933 1914
0.674933 1913
0.674933 1912
0.674933 1911
0.674933 1910
0.674933 1908
0.674933 1907
0.67479 1907
0.67479 1906
0.67479 1905
0.67479 1904
0.67479 1903
0.67479 1902
0.67479 1901
0.67479 1900
0.67479 1899
0.67479 1898
0.67479 1897
0.67479 1896
0.67479 1895
0.67479 1894
0.67479 1893
0.67479 1892
0.67479 1891
0.67479 1890
0.674649 1890
0.674649 1889
0.674649 1888
0.674649 1887
0.674649 1886
0.674649 1885
0.674649 1884
0.674649 1883
0.674649 1882
0.674649 1881
0.674649 1880
0.674649 1879
0.674645 1878
0.674645 1877
0.674645 1876
0.674645 1875
0.674499 1875
0.674499 1874
0.674499 1873
0.674499 1872
0.674499 1871
0.674499 1870
0.674499 1869
0.674363 1869
0.674363 1868
0.674363 1867
0.674363 1866
0.674363 1865
0.674363 1864
0.674362 1863
0.674362 1862
0.674362 1861
0.674362 1860
0.674328 1859
0.674328 1858
0.674237 1857
0.674237 1856
0.674237 1855
0.674237 1854
0.674129 1854
0.674129 1853
0.674129 1852
0.674129 1851
0.674129 1850
0.674129 1849
0.674129 1848
0.674036 1848
0.674036 1847
0.674036 1846
0.674036 1845
0.674036 1844
0.674036 1843
0.674036 1842
0.674036 1841
0.674036 1840
0.674036 1839
0.674036 1838
0.674036 1837
0.674036 1836
0.674036 1835
0.674036 1834
0.674036 1833
0.674036 1832
0.674036 1831
0.674036 1830
0.674036 1829
0.674036 1828
0.674036 1827
0.674036 1826
0.674036 1825
0.674036 1824
0.673979 1823
0.673979 1822
0.673979 1821
0.673979 1820
0.673979 1819
0.673855 1819
0.673855 1818
0.673855 1817
0.673855 1816
0.673855 1815
0.673846 1814
0.673846 1813
0.673846 1812
0.673846 1811
0.673846 1810
0.673846 1809
0.673846 1808
0.673846 1807
0.673846 1806
0.673846 1805
0.673846 1804
0.673846 1803
0.673846 1802
0.673846 1801
0.673846 1800
0.673846 1799
0.673841 1798
0.673841 1797
0.673841 1796
0.673841 1795
0.673841 1794
0.673841 1793
0.673841 1792
0.673841 1791
0.673841 1790
0.673841 1789
0.673841 1788
0.673841 1787
0.673841 1786
0.673841 1785
0.673841 1784
0.673841 1783
0.673841 1782
0.673841 1781
0.673841 1780
0.673841 1779
0.673841 1778
0.673841 1777
0.673841 1776
0.673841 1775
0.673841 1774
0.673841 1773
0.673841 1772
0.673841 1771
0.673841 1770
0.673841 1769
0.673841 1768
0.673841 1767
0.673841 1766
0.673841 1765
0.673841 1764
0.673841 1763
0.673841 1762
0.673841 1761
0.673841 1760
0.673841 1759
0.673841 1758
0.673841 1757
0.673841 1756
0.673841 1755
0.673841 1754
0.673838 1753
0.673838 1752
0.673838 1751
0.673838 1750
0.673838 1749
0.673838 1748
0.673838 1747
0.673838 1746
0.67375 1745
0.67375 1743
0.67375 1742
0.67375 1741
0.67375 1740
0.67375 1739
0.67375 1738
0.67375 1737
0.67375 1736
0.67375 1735
0.67375 1734
0.67375 1733
0.67375 1732
0.67375 1731
0.67375 1730
0.67375 1729
0.67375 1728
0.673661 1727
0.673661 1726
0.673661 1725
0.673661 1724
0.673661 1723
0.673661 1722
0.673661 1721
0.673661 1720
0.673661 1719
0.673661 1718
0.673661 1717
0.673661 1716
0.673661 1715
0.673661 1714
0.673661 1713
0.673661 1712
0.673661 1711
0.673661 1710
0.673661 1709
0.673661 1708
0.673661 1707
0.673661 1706
0.67355 1706
0.67355 1705
0.67355 1704
0.67355 1703
0.67355 1702
0.67355 1701
0.67355 1700
0.67355 1699
0.67355 1698
0.67355 1697
0.67355 1696
0.67355 1695
0.67355 1694
0.67355 1693
0.67355 1692
0.67355 1691
0.67355 1690
0.67355 1689
0.67355 1688
0.67355 1687
0.67355 1686
0.67355 1685
0.67355 1684
0.67355 1683
0.673516 1682
0.673514 1681
0.673514 1680
0.673514 1679
0.673514 1678
0.673514 1677
0.673514 1676
0.673514 1675
0.673514 1674
0.673514 1673
0.673347 1673
0.673347 1672
0.673337 1671
0.673337 1670
0.673337 1669
0.673337 1668
0.673337 1667
0.673337 1666
0.673337 1665
0.673337 1664
0.673337 1663
0.673337 1662
0.673337 1661
0.673322 1660
0.673322 1659
0.673322 1658
0.673322 1657
0.673322 1656
0.673322 1655
0.673322 1654
0.673322 1653
0.673322 1652
0.673322 1651
0.673322 1650
0.673322 1649
0.673322 1648
0.673308 1647
0.673308 1646
0.673308 1645
0.673308 1644
0.673308 1643
0.673132 1643
0.673132 1642
0.673132 1641
0.673132 1640
0.673132 1639
0.673132 1638
0.673132 1637
0.673132 1636
0.673132 1635
0.673132 1634
0.673132 1633
0.673132 1632
0.673132 1631
0.673132 1630
0.673132 1629
0.673132 1628
0.673132 1627
0.673132 1626
0.673132 1625
0.673132 1624
0.673132 1623
0.673132 1622
0.673132 1621
0.673132 1620
0.673132 1619
0.673132 1618
0.673132 1617
0.673132 1616
0.673132 1615
0.673132 1614
0.673132 1613
0.673132 1612
0.673132 1611
0.673132 1610
0.673132 1609
0.673132 1608
0.673132 1607
0.673132 1606
0.673132 1605
0.673132 1604
0.673132 1603
0.673132 1602
0.673132 1601
0.673132 1600
0.673132 1599
0.673132 1598
0.673132 1597
0.673132 1596
0.673132 1595
0.673003 1595
0.673003 1594
0.673003 1593
0.673003 1592
0.673003 1591
0.673003 1590
0.673003 1589
0.673003 1588
0.673003 1587
0.673003 1586
0.673003 1585
0.673003 1584
0.673003 1583
0.673003 1582
0.673003 1581
0.672834 1581
0.672834 1580
0.672834 1579
0.672834 1578
0.672834 1577
0.672834 1576
0.672834 1575
0.672834 1574
0.672834 1573
0.672834 1572
0.672834 1571
0.672834 1570
0.672834 1569
0.672834 1568
0.672679 1568
0.672679 1567
0.672679 1566
0.672679 1565
0.672679 1564
0.672679 1563
0.672679 1562
0.672679 1561
0.672679 1560
0.672679 1559
0.672679 1558
0.672679 1557
0.672679 1556
0.672679 1555
0.672679 1553
0.672679 1552
0.672665 1551
0.672575 1550
0.672575 1549
0.672575 1548
0.672575 1547
0.672575 1546
0.672575 1545
0.672575 1544
0.672575 1543
0.672575 1542
0.672575 1541
0.672575 1540
0.672575 1539
0.672575 1538
0.672575 1537
0.672575 1536
0.672575 1535
0.672575 1534
0.672575 1533
0.672575 1532
0.672575 1531
0.672575 1530
0.672575 1529
0.672575 1528
0.672575 1527
0.672575 1526
0.672575 1525
0.672575 1524
0.672575 1522
0.672438 1522
0.672438 1521
0.672438 1520
0.672438 1519
0.672438 1518
0.672438 1517
0.672438 1516
0.672438 1515
0.672334 1515
0.672334 1514
0.672334 1513
0.672334 1512
0.672334 1511
0.672334 1510
0.672334 1509
0.672334 1508
0.672334 1507
0.672334 1506
0.672334 1505
0.672334 1504
0.672334 1503
0.672334 1502
0.672167 1502
0.672167 1501
0.672167 1500
0.672167 1499
0.672167 1498
0.672167 1497
0.672167 1496
0.672167 1495
0.672167 1494
0.672167 1493
0.672167 1492
0.672167 1491
0.672167 1490
0.672167 1489
0.672167 1488
0.672167 1487
0.672167 1486
0.672167 1485
0.672167 1484
0.672167 1483
0.672167 1482
0.672167 1481
0.672167 1480
0.672167 1479
0.672167 1478
0.672167 1477
0.672167 1476
0.672167 1475
0.672167 1474
0.672167 1473
0.672167 1472
0.672071 1471
0.672025 1470
0.672025 1469
0.672025 1468
0.672025 1467
0.672025 1466
0.672025 1465
0.672025 1464
0.672004 1463
0.672004 1462
0.672004 1461
0.672004 1460
0.672004 1459
0.672004 1458
0.672004 1457
0.672004 1456
0.672004 1455
0.672004 1454
0.672004 1453
0.672004 1452
0.672004 1451
0.672004 1450
0.672004 1449
0.671891 1449
0.671891 1448
0.671891 1447
0.671891 1446
0.671891 1445
0.671891 1444
0.671891 1443
0.671891 1442
0.671891 1441
0.671891 1440
0.671891 1439
0.671891 1438
0.671891 1437
0.67189 1436
0.67189 1435
0.67189 1434
0.67189 1433
0.67189 1432
0.67189 1431
0.67189 1430
0.67189 1429
0.67189 1428
0.67189 1427
0.67189 1426
0.67189 1425
0.67189 1424
0.67189 1423
0.67189 1422
0.67189 1421
0.67189 1420
0.67189 1419
0.67189 1418
0.67189 1417
0.67189 1416
0.67189 1415
0.67189 1414
0.67189 1413
0.671877 1412
0.671877 1411
0.671877 1410
0.671877 1409
0.671877 1408
0.671877 1407
0.671877 1406
0.671877 1405
0.671877 1404
0.671877 1403
0.671877 1402
0.671877 1401
0.671877 1400
0.671877 1399
0.671877 1398
0.671877 1397
0.671877 1396
0.671877 1395
0.671877 1394
0.671877 1393
0.671877 1392
0.671877 1391
0.671877 1390
0.671877 1389
0.671877 1388
0.671877 1387
0.671877 1386
0.671877 1385
0.671877 1384
0.671877 1383
0.671877 1382
0.671877 1381
0.671877 1380
0.67178 1380
0.67178 1379
0.67178 1378
0.67178 1377
0.67178 1376
0.67178 1375
0.67178 1374
0.67178 1373
0.67178 1372
0.671642 1372
0.671642 1371
0.671642 1370
0.671642 1369
0.671642 1368
0.671642 1367
0.671642 1366
0.671642 1365
0.671642 1364
0.671642 1363
0.671478 1363
0.671478 1362
0.671478 1361
0.671478 1360
0.671478 1359
0.671478 1358
0.671478 1357
0.671478 1356
0.671478 1355
0.671478 1354
0.671478 1353
0.671478 1352
0.67137 1352
0.67137 1351
0.67137 1350
0.67137 1349
0.67137 1348
0.67137 1347
0.67137 1346
0.67137 1345
0.67137 1344
0.67137 1343
0.67137 1342
0.67137 1341
0.67137 1340
0.67137 1339
0.671302 1338
0.671302 1337
0.671302 1336
0.671302 1335
0.671302 1334
0.671302 1333
0.671302 1332
0.671302 1331
0.671302 1330
0.671302 1329
0.671302 1328
0.671302 1327
0.671293 1326
0.671293 1325
0.671293 1324
0.671293 1323
0.671273 1322
0.671273 1321
0.671273 1320
0.671273 1319
0.671273 1318
0.671273 1317
0.671273 1316
0.671273 1315
0.671273 1314
0.671273 1313
0.671273 1312
0.671273 1311
0.671273 1310
0.671273 1309
0.671273 1308
0.671273 1307
0.671273 1306
0.671273 1305
0.671273 1304
0.671273 1303
0.671273 1302
0.671273 1301
0.671273 1300
0.671273 1299
0.671273 1298
0.671273 1297
0.671273 1296
0.671273 1295
0.671273 1294
0.671273 1293
0.671273 1292
0.671273 1291
0.671273 1290
0.671273 1289
0.671273 1288
0.671177 1287
0.671177 1286
0.671177 1285
0.671177 1284
0.671177 1283
0.671177 1282
0.671173 1281
0.671173 1280
0.671173 1279
0.671173 1278
0.671173 1277
0.671173 1276
0.671173 1275
0.671173 1274
0.671173 1273
0.671173 1272
0.671173 1271
0.671173 1270
0.671173 1269
0.671173 1268
0.671173 1267
0.671058 1267
0.671058 1266
0.671058 1265
0.671058 1264
0.671058 1263
0.671058 1262
0.671058 1261
0.671058 1260
0.671058 1259
0.671058 1258
0.671058 1257
0.671058 1256
0.671058 1255
0.671058 1254
0.671058 1253
0.671058 1251
0.671058 1250
0.671058 1249
0.671058 1248
0.671058 1247
0.671058 1246
0.671058 1245
0.671055 1244
0.671055 1243
0.671055 1242
0.671055 1241
0.671055 1240
0.670937 1240
0.670937 1239
0.670937 1238
0.670937 1237
0.670799 1237
0.670799 1236
0.670799 1235
0.670799 1234
0.670799 1233
0.670799 1232
0.670799 1231
0.670799 1230
0.670799 1229
0.670799 1228
0.670791 1227
0.670755 1227
0.670755 1226
0.670755 1225
0.670755 1224
0.670755 1223
0.670755 1222
0.670755 1221
0.670755 1220
0.670755 1219
0.670755 1218
0.670755 1217
0.670755 1216
0.670628 1216
0.670628 1215
0.670628 1214
0.670628 1213
0.670628 1212
0.670628 1211
0.670628 1210
0.670628 1209
0.670628 1208
0.670532 1207
0.670532 1206
0.670532 1205
0.670458 1204
0.670458 1203
0.670458 1202
0.670458 1201
0.670458 1200
0.670338 1200
0.670185 1200
0.670185 1199
0.670185 1198
0.670185 1197
0.670185 1196
0.670185 1195
0.670185 1194
0.670185 1193
0.670185 1192
0.670185 1190
0.670185 1189
0.670185 1188
0.670185 1187
0.670185 1186
0.670185 1185
0.670185 1184
0.670185 1183
0.670185 1182
0.670185 1181
0.67004 1181
0.67004 1180
0.669999 1179
0.669999 1178
0.669999 1177
0.669999 1176
0.669999 1175
0.669999 1174
0.669999 1173
0.669999 1172
0.669999 1171
0.669999 1170
0.669999 1169
0.669999 1168
0.669999 1167
0.669999 1166
0.669999 1165
0.669999 1164
0.669999 1163
0.669999 1162
0.669999 1161
0.669999 1160
0.669999 1159
0.669999 1158
0.669999 1157
0.669999 1156
0.669999 1155
0.669999 1154
0.669999 1153
0.669999 1152
0.669999 1151
0.66994 1150
0.66994 1149
0.66994 1148
0.66994 1147
0.66994 1146
0.66994 1145
0.66994 1144
0.66994 1143
0.66994 1142
0.66994 1141
0.66994 1140
0.66994 1139
0.66994 1138
0.66994 1137
0.66994 1136
0.66994 1135
0.66994 1134
0.66994 1133
0.66994 1132
0.66994 1131
0.66994 1130
0.66994 1129
0.66994 1128
0.66994 1127
0.66994 1126
0.66994 1125
0.66994 1124
0.66994 1123
0.66994 1122
0.66994 1121
0.66994 1120
0.66994 1119
0.66994 1118
0.66994 1117
0.66994 1116
0.66994 1115
0.669768 1115
0.669768 1114
0.669768 1113
0.669768 1112
0.669768 1111
0.669768 1110
0.669768 1109
0.669768 1108
0.669768 1107
0.669768 1106
0.669768 1105
0.669768 1104
0.669768 1103
0.669768 1102
0.669768 1101
0.669768 1100
0.669768 1099
0.669768 1098
0.669768 1097
0.669768 1096
0.669768 1095
0.669768 1094
0.669768 1093
0.669768 1092
0.669768 1091
0.669768 1090
0.669768 1089
0.669768 1088
0.669748 1087
0.669748 1086
0.669748 1085
0.669748 1084
0.669748 1083
0.669748 1082
0.669748 1081
0.669748 1080
0.669748 1079
0.669737 1078
0.669737 1077
0.669737 1076
0.669737 1075
0.669737 1074
0.669589 1074
0.669589 1073
0.669589 1072
0.669589 1071
0.669589 1070
0.669589 1069
0.669479 1069
0.669351 1069
0.669351 1068
0.669351 1067
0.669351 1066
0.669351 1065
0.669351 1064
0.669351 1063
0.669351 1062
0.669351 1061
0.669351 1060
0.669351 1059
0.669351 1058
0.669351 1057
0.669351 1056
0.669351 1055
0.669351 1054
0.669351 1053
0.669351 1052
0.669351 1051
0.669351 1050
0.669351 1049
0.669351 1047
0.669351 1046
0.669351 1045
0.669351 1044
0.669351 1043
0.669245 1043
0.669245 1042
0.669245 1041
0.669245 1040
0.669245 1039
0.669245 1038
0.669245 1037
0.669245 1036
0.669244 1035
0.669244 1034
0.669244 1033
0.669244 1032
0.669244 1031
0.669244 1030
0.669244 1029
0.669244 1028
0.669244 1027
0.669134 1027
0.669134 1026
0.669134 1025
0.669134 1024
0.669134 1023
0.669134 1022
0.669134 1021
0.669134 1020
0.669134 1019
0.669115 1017
0.669015 1017
0.668868 1017
0.668868 1016
0.668868 1015
0.668868 1014
0.668867 1013
0.668867 1012
0.668867 1011
0.668867 1010
0.668867 1009
0.668867 1008
0.668867 1007
0.668867 1006
0.668867 1005
0.668867 1004
0.668867 1003
0.668867 1002
0.668867 1001
0.668867 1000
0.668867 999
0.668732 999
0.668732 998
0.668732 997
0.668732 996
0.668732 995
0.668732 994
0.668732 993
0.668732 992
0.668732 991
0.668732 990
0.668732 989
0.668732 988
0.668603 988
0.668603 987
0.668603 986
0.668603 985
0.668603 984
0.668603 983
0.668504 983
0.668504 982
0.668504 981
0.668504 980
0.668504 979
0.668504 978
0.668504 977
0.668504 976
0.668504 975
0.668504 974
0.668504 973
0.668504 972
0.668504 971
0.668504 970
0.668504 969
0.668504 968
0.668504 967
0.668504 966
0.668504 965
0.668504 964
0.668504 963
0.668504 962
0.668504 961
0.668504 960
0.668504 959
0.668373 959
0.668373 958
0.668373 957
0.668373 956
0.668373 955
0.668373 954
0.668373 953
0.668373 952
0.668373 951
0.668373 950
0.668373 949
0.668373 948
0.668373 947
0.668373 946
0.668373 945
0.668373 944
0.668229 944
0.668229 943
0.668229 942
0.668229 941
0.668229 940
0.668229 939
0.668229 938
0.668229 937
0.668229 936
0.668229 935
0.668229 934
0.668229 933
0.668229 932
0.668189 931
0.668189 930
0.668189 929
0.668189 928
0.668189 927
0.668189 926
0.668189 925
0.668189 924
0.668189 923
0.668189 922
0.668189 921
0.668189 920
0.668189 919
0.668189 918
0.668189 917
0.668189 916
0.668189 915
0.668029 915
0.668029 914
0.668029 913
0.668029 912
0.668029 911
0.668029 910
0.668029 909
0.668029 908
0.668029 907
0.668029 906
0.668029 905
0.668029 904
0.668029 903
0.668029 902
0.668029 901
0.668029 900
0.668029 899
0.668029 898
0.668029 897
0.668029 896
0.668029 895
0.668029 894
0.668029 893
0.668029 892
0.668029 891
0.668029 890
0.668029 889
0.668029 888
0.668029 887
0.668029 886
0.668029 885
0.668029 884
0.668029 883
0.668029 882
0.667887 882
0.667887 881
0.667887 880
0.667887 879
0.667887 878
0.667887 877
0.667887 876
0.667887 875
0.667887 874
0.667887 873
0.667887 872
0.667887 871
0.667772 871
0.667772 870
0.667772 869
0.667772 868
0.667666 868
0.667666 867
0.667666 866
0.667666 865
0.667666 864
0.667666 863
0.667666 862
0.667666 861
0.667666 860
0.667666 859
0.667666 858
0.667666 857
0.667666 856
0.667666 854
0.667666 853
0.667666 852
0.667666 851
0.667614 850
0.667485 850
0.667485 849
0.667485 848
0.667485 847
0.667485 846
0.667485 845
0.667485 844
0.667485 843
0.667485 842
0.667485 841
0.667485 840
0.667485 839
0.667372 839
0.667372 838
0.667372 837
0.667372 836
0.667372 835
0.667372 834
0.667372 833
0.667257 833
0.667257 832
0.667257 831
0.667257 830
0.667257 829
0.667158 829
0.667158 828
0.667158 827
0.667158 826
0.667158 825
0.667158 824
0.667158 823
0.667158 822
0.667158 821
0.667158 820
0.667158 819
0.667158 818
0.667158 817
0.667158 816
0.667158 815
0.667158 814
0.667158 813
0.667158 812
0.667158 811
0.667158 810
0.667158 809
0.667158 808
0.667158 807
0.667158 806
0.667158 805
0.667158 804
0.667158 803
0.667158 802
0.667027 802
0.667027 801
0.667027 800
0.667027 799
0.666954 798
0.666954 797
0.666954 796
0.666954 795
0.666954 794
0.666954 793
0.666954 792
0.666954 791
0.666809 791
0.666809 790
0.666809 789
0.666809 788
0.666809 787
0.666655 787
0.666655 786
0.666655 785
0.666655 784
0.666655 783
0.666655 782
0.666655 781
0.666655 780
0.666655 779
0.666655 778
0.666509 778
0.666509 777
0.666509 776
0.666509 775
0.666509 774
0.666509 773
0.666509 772
0.666509 771
0.666346 771
0.666346 770
0.666346 769
0.666346 768
0.666346 767
0.666346 766
0.666346 765
0.666346 764
0.666346 763
0.666346 762
0.666346 761
0.666346 760
0.666346 759
0.666346 758
0.666346 757
0.666346 756
0.666346 755
0.666346 754
0.666247 754
0.666247 753
0.666247 752
0.666247 751
0.666247 750
0.666247 749
0.666235 748
0.666235 747
0.666235 746
0.666235 745
0.666235 744
0.666235 743
0.666235 742
0.666235 741
0.666235 740
0.666235 739
0.666235 738
0.666235 737
0.666235 736
0.666235 735
0.666235 734
0.666235 733
0.666235 732
0.666235 731
0.666235 730
0.666235 729
0.666235 728
0.666235 727
0.666234 726
0.666234 725
0.666234 723
0.666234 722
0.666234 721
0.666234 720
0.666234 719
0.666234 718
0.666234 717
0.666234 716
0.666234 715
0.666234 714
0.666234 713
0.666234 712
0.666234 711
0.666234 710
0.666234 709
0.666234 708
0.666234 707
0.666234 706
0.666234 705
0.666234 704
0.666234 703
0.666234 702
0.666234 701
0.666234 700
0.666234 699
0.666234 698
0.666234 697
0.666234 696
0.666234 695
0.666234 694
0.666234 693
0.666234 692
0.666234 691
0.666234 690
0.666234 689
0.666234 688
0.666234 687
0.666234 686
0.666234 685
0.666234 684
0.666234 683
0.666234 682
0.666234 681
0.666234 680
0.666066 680
0.666066 679
0.666066 678
0.666066 677
0.666066 676
0.666066 675
0.666066 674
0.666066 673
0.666066 672
0.666066 671
0.666066 670
0.666066 669
0.666066 668
0.666066 667
0.666066 666
0.666066 665
0.666066 664
0.666066 663
0.666066 662
0.666066 661
0.666066 660
0.666066 659
0.666066 658
0.666066 657
0.666066 656
0.666066 655
0.666066 654
0.666066 653
0.666066 652
0.666066 651
0.666066 650
0.666066 649
0.666066 648
0.666066 647
0.666066 646
0.666066 645
0.666066 644
0.666066 643
0.666066 642
0.666066 641
0.666066 640
0.666066 639
0.666066 638
0.666016 637
0.666016 636
0.665917 636
0.665917 635
0.665917 634
0.665917 633
0.665917 632
0.665917 631
0.665917 630
0.665917 629
0.665917 628
0.665917 627
0.665917 626
0.665917 625
0.665917 624
0.665917 623
0.665917 622
0.665917 621
0.665917 620
0.665811 620
0.665811 619
0.665811 618
0.665811 617
0.665811 616
0.66566 616
0.66566 615
0.66566 614
0.66566 613
0.66566 612
0.66566 611
0.66566 610
0.66566 609
0.66566 608
0.66566 607
0.66566 606
0.66566 605
0.66559 604
0.66559 603
0.66559 602
0.66559 601
0.66559 600
0.665568 599
0.665568 598
0.665568 597
0.665568 596
0.665568 595
0.665558 594
0.665558 593
0.665462 592
0.665462 591
0.665462 590
0.665462 589
0.665462 588
0.665462 587
0.665462 586
0.665453 585
0.665453 584
0.665453 583
0.665453 582
0.665453 581
0.665453 580
0.665453 579
0.665453 578
0.665453 577
0.665453 576
0.665282 576
0.665282 575
0.665282 574
0.665282 573
0.665282 572
0.665282 571
0.665282 570
0.665158 570
0.665158 569
0.665158 568
0.665158 567
0.665158 566
0.665158 565
0.665158 564
0.665158 563
0.665054 563
0.665054 562
0.665054 561
0.665054 560
0.665053 559
0.665053 558
0.665053 557
0.665053 556
0.665045 555
0.665045 554
0.665045 553
0.665045 552
0.664895 552
0.664895 551
0.664895 550
0.664895 549
0.664895 548
0.664895 547
0.664895 546
0.664895 545
0.664753 545
0.664746 544
0.664746 543
0.664746 542
0.664662 541
0.66456 541
0.66456 540
0.66456 539
0.66456 538
0.66456 537
0.66456 536
0.66456 535
0.66456 534
0.66456 533
0.66456 532
0.66456 531
0.664431 531
0.664431 530
0.664431 529
0.664431 528
0.664431 527
0.664431 526
0.664431 525
0.664431 524
0.664431 523
0.664431 522
0.664431 521
0.664431 520
0.664321 520
0.664321 519
0.664321 518
0.664321 517
0.664321 516
0.664317 515
0.664317 514
0.664317 513
0.664317 512
0.664138 512
0.664138 511
0.664138 510
0.664138 509
0.664138 508
0.664063 507
0.664063 506
0.664063 505
0.664063 504
0.664063 503
0.664063 502
0.664063 501
0.664063 500
0.664063 499
0.664063 498
0.664063 497
0.664063 496
0.664063 495
0.664063 494
0.664063 493
0.664063 492
0.664063 491
0.664063 490
0.6639 490
0.6639 489
0.6639 488
0.6639 487
0.66388 486
0.66388 485
0.66388 484
0.663783 484
0.663783 483
0.663783 482
0.663783 481
0.663783 480
0.663783 479
0.663783 478
0.663783 477
0.663783 476
0.663783 475
0.663783 474
0.663783 473
0.663783 472
0.663783 471
0.663783 470
0.663783 469
0.663783 468
0.663783 467
0.663783 466
0.663783 465
0.663783 464
0.663783 463
0.663783 462
0.663783 461
0.663697 460
0.663596 460
0.663596 459
0.663506 458
0.663506 457
0.663506 456
0.663442 456
0.663442 455
0.663442 454
0.66327 454
0.66327 453
0.66327 452
0.66327 451
0.66327 450
0.66327 449
0.66327 448
0.66327 447
0.66327 446
0.66327 445
0.66327 444
0.66327 443
0.66327 442
0.66327 441
0.663129 441
0.663045 440
0.663045 439
0.663045 438
0.663045 437
0.663039 436
0.663039 435
0.66289 435
0.662764 435
0.662764 434
0.662668 433
0.662544 433
0.662544 432
0.662544 431
0.662544 430
0.662544 429
0.662544 428
0.662544 427
0.662544 426
0.662544 425
0.662544 424
0.662474 423
0.66235 423
0.66235 422
0.662218 422
0.662218 421
0.662218 420
0.662218 419
0.662218 418
0.662094 418
0.662094 417
0.662094 416
0.662094 415
0.661998 414
0.661998 413
0.661998 412
0.661863 412
0.661743 412
0.661743 411
0.661743 410
0.661743 409
0.661743 408
0.661743 407
0.661743 406
0.661621 406
0.661621 405
0.661594 404
0.661594 403
0.661594 402
0.661594 401
0.661594 400
0.661594 399
0.661594 398
0.661594 397
0.661594 396
0.661594 395
0.661594 394
0.661488 394
0.661337 394
0.661337 393
0.66125 392
0.661145 392
0.661145 391
0.661145 390
0.661145 389
0.661145 388
0.661145 387
0.661035 387
0.661035 386
0.660959 385
0.660959 384
0.660959 383
0.660959 382
0.660842 382
0.660842 381
0.660842 380
0.660842 379
0.660842 378
0.660842 377
0.660842 376
0.660842 375
0.660842 374
0.660842 373
0.660842 372
0.660842 371
0.660842 370
0.660842 369
0.660842 368
0.66075 367
0.66075 366
0.66075 365
0.66075 364
0.66075 363
0.66075 362
0.66075 361
0.66075 360
0.66075 359
0.66075 358
0.66075 357
0.66075 356
0.66075 355
0.660637 355
0.660637 354
0.660637 353
0.660637 352
0.660637 351
0.660637 350
0.660637 349
0.660483 349
0.660483 348
0.660417 347
0.660417 346
0.660417 345
0.660417 344
0.660267 344
0.660267 343
0.660105 343
0.660105 342
0.660105 341
0.660105 340
0.660105 339
0.660105 338
0.659969 338
0.659969 337
0.659966 336
0.659904 335
0.659904 334
0.659904 333
0.659904 332
0.659904 331
0.659793 331
0.659678 331
0.659678 330
0.659678 329
0.659678 328
0.659678 327
0.659678 326
0.659678 325
0.659678 324
0.659678 323
0.659678 322
0.659678 321
0.659678 320
0.659678 319
0.659678 318
0.659678 317
0.659678 316
0.659678 315
0.659678 314
0.659678 313
0.659533 313
0.659533 312
0.659533 311
0.659533 310
0.659533 309
0.659533 308
0.659533 307
0.659533 306
0.659533 305
0.659533 304
0.659533 303
0.659533 302
0.659413 302
0.659413 301
0.659413 300
0.659413 299
0.659261 299
0.659261 298
0.659261 297
0.659261 296
0.659191 295
0.659191 294
0.659191 293
0.659191 292
0.659191 291
0.659072 291
0.659072 290
0.659072 289
0.659072 288
0.658981 287
0.658981 286
0.65891 285
0.65891 284
0.65891 283
0.65891 282
0.65891 281
0.65891 280
0.65891 279
0.65891 278
0.658823 277
0.658653 277
0.658653 276
0.658653 275
0.658653 274
0.658653 273
0.658557 272
0.658557 271
0.658557 270
0.658557 269
0.658557 268
0.658477 267
0.658477 266
0.658477 265
0.658477 264
0.658465 263
0.658465 262
0.658465 261
0.658465 260
0.658465 259
0.658465 258
0.658465 257
0.65835 257
0.658252 257
0.658152 257
0.658152 256
0.658152 255
0.658152 254
0.658152 253
0.658152 252
0.658152 251
0.658152 250
0.658152 249
0.658152 248
0.658152 247
0.658006 247
0.658006 246
0.657845 246
0.657845 245
0.657845 244
0.657845 243
0.657768 242
0.657768 241
0.657768 240
0.657665 240
0.657665 239
0.657665 238
0.657553 238
0.657436 238
0.657436 237
0.657335 237
0.6572 237
0.657106 236
0.657106 235
0.656947 235
0.656792 235
0.656792 234
0.656792 233
0.656792 232
0.656661 232
0.656661 231
0.656661 230
0.656661 229
0.656661 228
0.65662 227
0.656522 227
0.656522 226
0.656522 225
0.656412 225
0.656278 225
0.656278 224
0.656278 223
0.656278 222
0.656278 221
0.656278 220
0.656278 219
0.656278 218
0.656154 218
0.656021 218
0.655883 218
0.655744 218
0.655617 218
0.655617 217
0.655617 216
0.655617 215
0.655617 214
0.655509 214
0.655397 214
0.655284 214
0.655129 214
0.655129 213
0.655129 212
0.655129 211
0.655129 210
0.655129 209
0.655129 208
0.655129 207
0.654978 207
0.654978 206
0.654863 206
0.654863 205
0.654863 204
0.654863 203
0.654727 203
0.654727 202
0.654727 201
0.654727 200
0.654727 199
0.654727 198
0.654727 197
0.654727 196
0.65462 196
0.654535 195
0.654535 194
0.654535 193
0.654368 193
0.654368 192
0.654368 191
0.654368 190
0.654368 189
0.65435 188
0.65435 187
0.654219 187
0.654219 186
0.654219 185
0.654219 184
0.654219 183
0.654083 183
0.653961 183
0.653961 182
0.653845 182
0.653845 181
0.653845 180
0.653845 179
0.653676 179
0.653533 179
0.653533 178
0.653533 177
0.653533 176
0.653533 175
0.653533 174
0.653408 174
0.653408 173
0.653408 172
0.65326 172
0.653135 172
0.653011 172
0.653011 171
0.6529 171
0.652821 170
0.652695 170
0.652662 169
0.652548 169
0.652548 168
0.652548 167
0.65239 167
0.65239 166
0.65224 166
0.652171 165
0.652171 164
0.652171 163
0.65204 163
0.65197 162
0.651846 162
0.651846 161
0.651846 160
0.651691 160
0.6516 159
0.651514 158
0.651383 158
0.651383 157
0.651361 156
0.651361 155
0.651229 155
0.651229 154
0.651229 153
0.651229 152
0.651078 152
0.650932 152
0.650759 152
0.650641 152
0.650641 151
0.650483 151
0.650157 151
0.650157 150
0.650157 149
0.650157 148
0.650157 147
0.650157 146
0.650157 145
0.650092 144
0.650001 143
0.650001 142
0.649872 142
0.64974 142
0.649697 141
0.649697 140
0.649697 139
0.649697 138
0.649561 138
0.649561 137
0.649428 137
0.649428 136
0.649274 136
0.649138 136
0.649027 136
0.649027 135
0.649027 134
0.649027 133
0.649027 132
0.649027 131
0.648921 131
0.648792 131
0.648662 131
0.648548 131
0.648548 130
0.648548 129
0.648548 128
0.648408 128
0.648258 128
0.648258 127
0.648258 126
0.648122 126
0.647976 126
0.647886 125
0.647886 124
0.647724 124
0.64758 124
0.64758 123
0.64758 122
0.64758 121
0.647417 121
0.647364 120
0.647364 119
0.647364 118
0.647364 117
0.64723 117
0.64723 116
0.64711 116
0.64696 116
0.64696 115
0.646791 115
0.646706 114
0.646601 114
0.64652 113
0.646428 112
0.646264 112
0.646117 112
0.646117 111
0.646003 111
0.645846 111
0.645669 111
0.645547 111
0.645387 111
0.645387 110
0.645307 109
0.645174 109
0.645064 109
0.645064 108
0.645064 107
0.645064 106
0.644936 106
0.644831 106
0.644831 105
0.644831 104
0.644831 103
0.644831 102
0.644651 102
0.644615 101
0.644485 101
0.644485 100
0.644377 100
0.644261 100
0.64413 100
0.64413 99
0.644004 99
0.644004 98
0.643875 98
0.643742 98
0.643588 98
0.643588 97
0.643426 97
0.643299 97
0.643173 97
0.643173 96
0.643145 95
0.643145 94
0.643019 94
0.643019 93
0.642899 93
0.642724 93
0.642592 93
0.642492 93
0.642313 93
0.642313 92
0.642163 92
0.642163 91
0.642163 90
0.642058 90
0.641908 90
0.641908 89
0.641908 88
0.641908 87
0.641816 86
0.641696 86
0.641602 85
0.641462 85
0.641355 85
0.641355 84
0.641251 84
0.641251 83
0.641251 82
0.641251 81
0.641111 81
0.640957 81
0.640788 81
0.640648 81
0.640513 81
0.640376 81
0.640376 80
0.640301 79
0.640301 78
0.640156 78
0.6401 77
0.639954 77
0.639815 77
0.639663 77
0.639575 76
0.639435 76
0.639435 75
0.639435 74
0.639268 74
0.639132 74
0.639043 73
0.639043 72
0.638888 72
0.638888 71
0.638782 71
0.638782 70
0.63866 70
0.638553 70
0.638553 69
0.638412 69
0.638309 69
0.638186 69
0.638016 69
0.638016 68
0.637892 68
0.637892 67
0.637755 67
0.637642 67
0.637485 67
0.637293 66
0.637134 66
0.637032 66
0.636929 66
0.636903 65
0.636903 64
0.636777 64
0.636653 64
0.63654 64
0.636391 64
0.636294 64
0.636166 64
0.636023 64
0.635908 64
0.635756 64
0.635756 63
0.635652 63
0.635504 63
0.635324 63
0.635178 63
0.635178 62
0.635139 61
0.635139 60
0.635139 59
0.635001 59
0.634844 58
0.634718 58
0.634592 58
0.634432 58
0.634306 58
0.634306 57
0.634144 57
0.633976 57
0.633873 57
0.633702 57
0.633642 56
0.633588 55
0.633456 55
0.633456 54
0.63336 53
0.633207 53
0.633082 53
0.632959 53
0.632809 53
0.632686 53
0.632575 53
0.632459 53
0.632313 53
0.632233 52
0.632076 52
0.631958 52
0.631823 52
0.631672 52
0.631516 52
0.631487 51
0.631336 51
0.631205 51
0.631205 50
0.631039 50
0.630909 50
0.630909 49
0.630748 49
0.630748 48
0.630612 48
0.630612 47
0.630487 47
0.630335 47
0.630201 47
0.63006 47
0.629916 47
0.629916 46
0.629806 46
0.629683 46
0.62952 46
0.62952 45
0.629393 45
0.62927 45
0.629126 45
0.629126 44
0.629019 44
0.628881 44
0.628721 44
0.628584 44
0.628417 44
0.628417 43
0.628417 42
0.628417 41
0.628328 40
0.628176 40
0.628039 40
0.627907 40
0.627752 40
0.627612 40
0.627496 40
0.627496 39
0.627375 39
0.627322 38
0.627322 37
0.627166 37
0.627027 37
0.626922 37
0.626768 37
0.626611 37
0.62652 36
0.626368 36
0.626257 36
0.626121 36
0.625975 36
0.625885 35
0.625773 35
0.625606 35
0.6255 35
0.625349 35
0.625234 35
0.625112 35
0.624967 35
0.624818 35
0.624688 35
0.624543 35
0.624391 35
0.624238 35
0.624096 35
0.623992 35
0.623863 35
0.623751 35
0.623621 35
0.623492 35
0.623354 35
0.623238 35
0.62313 35
0.623025 35
0.622909 35
0.622758 35
0.622611 35
0.622463 35
0.622315 35
0.622139 35
0.622014 35
0.62186 35
0.62171 35
0.621574 35
0.621433 35
0.621307 35
0.621157 35
0.621006 35
0.620888 35
0.62077 35
0.620641 35
0.620516 35
0.620341 35
0.620177 35
0.620033 35
0.619901 35
0.619752 35
0.619592 35
0.619476 35
0.619345 35
0.619189 35
0.619052 35
0.619052 34
0.618947 34
0.618824 34
0.618698 34
0.618698 33
0.618543 33
0.618424 33
0.61828 33
0.618013 33
0.617844 33
0.617715 33
0.617537 33
0.617392 33
0.617247 33
0.617247 32
0.617082 32
0.616935 32
0.616827 32
0.616651 32
0.616484 32
0.616359 32
0.616243 32
0.616076 32
0.615946 32
0.615798 32
0.615701 32
0.615537 32
0.615537 31
0.615408 31
0.615272 31
0.615101 31
0.615101 30
0.614967 30
0.614967 29
0.614833 29
0.614701 29
0.614593 29
0.614435 29
0.614309 29
0.614166 29
0.614032 29
0.613906 29
0.613778 29
0.61365 29
0.613551 29
0.613415 29
0.613271 29
0.613161 29
0.613021 29
0.612873 29
0.612742 29
0.612595 29
0.612505 28
0.612373 28
0.612102 28
0.611969 28
0.611837 28
0.611719 28
0.611603 28
0.611455 28
0.611311 28
0.611171 28
0.61105 28
0.610901 28
0.61076 28
0.610642 28
0.610484 28
0.610348 28
0.610197 28
0.610057 28
0.609952 28
0.609826 28
0.609675 28
0.609524 28
0.609412 28
0.609263 28
0.609144 28
0.608993 28
0.608877 28
0.608778 28
0.608605 28
0.608501 28
0.608359 28
0.608208 28
0.608084 28
0.607922 28
0.607762 28
0.607627 28
0.607484 28
0.607352 28
0.607208 28
0.607047 28
0.606912 28
0.606781 28
0.606667 28
0.606538 28
0.606422 28
0.606262 28
0.606115 28
0.60599 28
0.605841 28
0.60574 28
0.605568 28
0.605408 28
0.605248 28
0.605123 28
0.60501 28
0.604859 28
0.60473 28
0.60458 28
0.60444 28
0.604305 28
0.604305 27
0.604162 27
0.604024 27
0.603899 27
0.603806 26
0.603806 25
0.603662 25
0.603519 25
0.603408 25
0.603263 25
0.603109 25
0.602996 25
0.602859 25
0.602711 25
0.602592 25
0.602447 25
0.602324 25
0.602188 25
0.602045 25
0.601924 25
0.601767 25
0.601627 25
0.601495 25
0.601365 25
0.601227 25
0.601077 25
0.600918 25
0.6008 25
0.600639 25
0.60053 25
0.600375 25
0.600202 25
0.600059 25
0.599888 25
0.59975 25
0.599598 25
0.599509 24
0.59938 24
0.599234 24
0.599126 24
0.598989 24
0.598861 24
0.598764 24
0.598638 24
0.59851 24
0.598387 24
0.598289 24
0.598125 24
0.598125 23
0.597986 23
0.59783 23
0.597695 23
0.597557 23
0.597411 23
0.597275 23
0.59712 23
0.596956 23
0.596812 23
0.596658 23
0.596652 22
0.596538 22
0.596385 22
0.596238 22
0.596104 22
0.595978 22
0.59581 22
0.595681 22
0.595548 22
0.595416 22
0.595416 21
0.595289 21
0.595167 21
0.595017 21
0.594866 21
0.594702 21
0.594576 21
0.594416 21
0.594259 21
0.594125 21
0.593964 21
0.593801 21
0.593639 21
0.593495 21
0.593364 21
0.593184 21
0.593013 21
0.592893 21
0.592728 21
0.592599 21
0.592465 21
0.59216 21
0.592019 21
0.591841 21
0.59169 21
0.591426 21
0.591346 20
0.591206 20
0.59107 20
0.590994 19
0.590994 18
0.590861 18
0.590759 18
0.590589 18
0.590435 18
0.590279 18
0.590279 17
0.590115 17
0.589969 17
0.589814 17
0.58965 17
0.589502 17
0.589458 16
0.589328 16
0.589169 16
0.589026 16
0.588881 16
0.588745 16
0.588588 16
0.588463 16
0.588294 16
0.58813 16
0.587969 16
0.587969 15
0.587832 15
0.587672 15
0.587527 15
0.587397 15
0.58725 15
0.58725 14
0.587106 14
0.586992 14
0.586869 14
0.586715 14
0.58656 14
0.586398 14
0.586249 14
0.586094 14
0.58596 14
0.58583 14
0.585692 14
0.585549 14
0.585382 14
0.585242 14
0.585108 14
0.584833 14
0.584695 14
0.584537 14
0.58438 14
0.584255 14
0.584099 14
0.583959 14
0.583809 14
0.583637 14
0.583499 14
0.583427 13
0.583296 13
0.583124 13
0.58299 13
0.582838 13
0.582688 13
0.582581 13
0.582479 13
0.58234 13
0.582203 13
0.582019 13
0.581922 13
0.581779 13
0.581624 13
0.581482 13
0.581315 13
0.581178 13
0.581178 12
0.581032 12
0.580877 12
0.580763 12
0.58065 12
0.580513 12
0.580374 12
0.580205 12
0.580059 12
0.57992 12
0.579777 12
0.579647 12
0.579511 12
0.579366 12
0.57921 12
0.579056 12
0.578893 12
0.578738 12
0.578584 12
0.578422 12
0.578254 12
0.578106 12
0.577975 12
0.577816 12
0.577695 12
0.577553 12
0.577377 12
0.577262 12
0.577108 12
0.576941 12
0.576824 12
0.576664 12
0.576547 12
0.576381 12
0.576234 12
0.576112 12
0.575954 12
0.57582 12
0.5757 12
0.575554 12
0.575418 12
0.575301 12
0.575301 11
0.575201 11
0.575036 11
0.574912 11
0.574802 11
0.574654 11
0.574511 11
0.574372 11
0.574251 11
0.574006 10
0.573848 10
0.573715 10
0.573561 10
0.57343 10
0.573289 10
0.573148 10
0.573007 10
0.572848 10
0.572701 10
0.572543 10
0.572434 10
0.572268 10
0.572122 10
0.572007 10
0.571874 10
0.571733 10
0.571586 10
0.571414 10
0.571239 10
0.571069 10
0.570903 10
0.570756 10
0.570615 10
0.57033 10
0.570227 10
0.570062 10
0.569941 10
0.56985 9
0.569705 9
0.569553 9
0.569412 9
0.569297 9
0.569164 9
0.569015 9
0.568852 9
0.568702 9
0.568599 9
0.568459 9
0.56829 9
0.56817 9
0.567865 9
0.567705 9
0.567542 9
0.567379 9
0.567218 9
0.567116 9
0.566957 9
0.566806 9
0.566647 9
0.566497 9
0.566325 9
0.566159 9
0.56602 9
0.565901 9
0.565737 9
0.565573 9
0.565436 9
0.565286 9
0.565174 9
0.565008 9
0.564879 9
0.564727 9
0.564589 9
0.56446 9
0.564296 9
0.564173 9
0.564034 9
0.56394 8
0.563774 8
0.563607 8
0.563345 8
0.563217 8
0.56312 8
0.56295 8
0.562805 8
0.562654 8
0.562496 8
0.56234 8
0.562075 8
0.56192 8
0.561771 8
0.561634 8
0.561481 8
0.561337 8
0.561205 8
0.561092 8
0.560963 8
0.560843 8
0.56068 8
0.560574 8
0.560423 8
0.560287 8
0.560028 8
0.559903 8
0.559727 8
0.559596 8
0.559445 8
0.559306 8
0.559169 8
0.559016 8
0.558856 8
0.558694 8
0.558529 8
0.558373 8
0.558373 7
0.558229 7
0.558068 7
0.557767 7
0.557446 7
0.55732 7
0.557188 7
0.557041 7
0.556899 7
0.556743 7
0.556601 7
0.556442 7
0.556327 7
0.556204 7
0.556039 7
0.555873 7
0.555691 7
0.555602 6
0.555434 6
0.555272 6
0.555124 6
0.554968 6
0.554822 6
0.554692 6
0.554554 6
0.554407 6
0.554252 6
0.554144 6
0.553998 6
0.55387 6
0.553699 6
0.553559 6
0.55338 6
0.553217 6
0.553082 6
0.55293 6
0.552779 6
0.55263 6
0.552468 6
0.55215 6
0.552016 6
0.551877 6
0.551707 6
0.551597 6
0.55144 6
0.551301 6
0.551134 6
0.550969 6
0.550816 6
0.550686 6
0.550559 6
0.5504 6
0.550236 6
0.550093 6
0.550093 5
0.549963 5
0.54982 5
0.549696 5
0.549543 5
0.549399 5
0.549234 5
0.549111 5
0.548969 5
0.548831 5
0.54871 5
0.548555 5
0.548427 5
0.548281 5
0.548111 5
0.547974 5
0.547879 4
0.547739 4
0.547573 4
0.547432 4
0.547269 4
0.547128 4
0.546982 4
0.546831 4
0.546705 4
0.546575 4
0.546417 4
0.546271 4
0.546028 4
0.545888 4
0.545707 4
0.545598 4
0.545474 4
0.545308 4
0.545152 4
0.544993 4
0.544826 4
0.544662 4
0.544527 4
0.544382 4
0.544211 4
0.544034 4
0.544034 3
0.543869 3
0.543697 3
0.543531 3
0.543382 3
0.54324 3
0.543131 3
0.542968 3
0.542802 3
0.54264 3
0.542509 3
0.542347 3
0.542198 3
0.542043 3
0.541898 3
0.541723 3
0.541572 3
0.541429 3
0.541282 3
0.541139 3
0.541028 3
0.54085 3
0.540708 3
0.540567 3
0.540395 3
0.54024 3
0.540076 3
0.53993 3
0.539767 3
0.539623 3
0.539476 3
0.539319 3
0.539175 3
0.538998 3
0.538843 3
0.538693 3
0.538554 3
0.538409 3
0.538262 3
0.537968 3
0.537808 3
0.537652 3
0.537494 3
0.537327 3
0.537161 3
0.537011 3
0.536871 3
0.536734 3
0.536601 3
0.536481 3
0.536333 3
0.53618 3
0.536014 3
0.535866 3
0.535701 3
0.535559 3
0.535397 3
0.535285 3
0.535117 3
0.53495 3
0.534669 3
0.534494 3
0.534336 3
0.534167 3
0.533994 3
0.533819 3
0.533694 3
0.533558 3
0.533442 3
0.533281 3
0.533135 3
0.532967 3
0.532817 3
0.532669 3
0.532523 3
0.53237 3
0.532236 3
0.532078 3
0.531919 3
0.531798 3
0.531631 3
0.531472 3
0.531327 3
0.531191 3
0.531049 3
0.530898 3
0.530734 3
0.5306 3
0.530435 3
0.530164 3
0.530033 3
0.529871 3
0.529718 3
0.529567 3
0.529419 3
0.52912 3
0.528956 3
0.528789 3
0.528616 3
0.528454 3
0.528344 3
0.528221 3
0.528066 3
0.527921 3
0.527781 3
0.527632 3
0.52746 3
0.527315 3
0.527176 3
0.527024 3
0.526861 3
0.526698 3
0.52654 3
0.526359 3
0.526202 3
0.526038 3
0.525874 3
0.525608 3
0.525438 3
0.52529 3
0.525122 3
0.524997 3
0.524829 3
0.524689 3
0.524577 3
0.524435 3
0.524297 3
0.524173 3
0.52403 3
0.523913 3
0.523769 3
0.523602 3
0.52345 3
0.523298 3
0.523161 3
0.523023 3
0.522906 3
0.522775 3
0.522637 3
0.522542 2
0.522207 2
0.522086 2
0.521791 2
0.521617 2
0.521466 2
0.521356 2
0.521217 2
0.521081 2
0.520912 2
0.520749 2
0.520594 2
0.520434 2
0.52027 2
0.520126 2
0.520008 2
0.519865 2
0.519727 2
0.519543 2
0.519396 2
0.519256 2
0.519086 2
0.518919 2
0.518767 2
0.518625 2
0.518468 2
0.518328 2
0.518184 2
0.518063 2
0.517925 2
0.517757 2
0.51763 2
0.517496 2
0.517341 2
0.517208 2
0.517029 2
0.516728 2
0.51657 2
0.516431 2
0.516136 2
0.515996 2
0.515868 2
0.51572 2
0.51558 2
0.515453 2
0.515303 2
0.515174 2
0.514999 2
0.514834 2
0.514714 2
0.514557 2
0.514385 2
0.514133 2
0.513981 2
0.513811 2
0.513653 2
0.513334 2
0.513177 2
0.513009 2
0.51285 2
0.512694 2
0.512537 2
0.512363 2
0.512246 2
0.512077 2
0.511917 2
0.511758 2
0.511758 1
0.51162 1
0.511496 1
0.511328 1
0.511165 1
0.511021 1
0.510893 1
0.510778 1
0.510641 1
0.510466 1
0.510337 1
0.510177 1
0.510043 1
0.50987 1
0.509739 1
0.509605 1
0.509461 1
0.509226 1
0.509077 1
0.508921 1
0.508746 1
0.508596 1
0.508269 1
0.508115 1
0.507964 1
0.507812 1
0.507667 1
0.507521 1
0.507364 1
0.507199 1
0.507056 1
0.506903 1
0.50659 1
0.506158 1
0.506033 1
0.505872 1
0.505728 1
0.505584 1
0.505439 1
0.505291 1
0.505139 1
0.505031 1
0.504849 1
0.50456 1
0.504377 1
0.504203 1
0.50407 1
0.503911 1
0.503761 1
0.503616 1
0.503352 1
0.503217 1
0.503074 1
0.50289 1
0.50274 1
0.502583 1
0.502424 1
0.50226 1
0.502136 1
0.501824 1
0.501514 1
0.501368 1
0.5012 1
0.500887 1
0.500713 1
0.50055 1
0.500215 1
0.500056 1
0.499913 1
0.499799 1
0.499641 1
0.499528 1
0.499368 1
0.49922 1
0.499079 1
0.498929 1
0.498786 1
0.498665 1
0.498494 1
0.498333 1
0.498194 1
0.498046 1
0.497893 1
0.497775 1
0.497621 1
0.497491 1
0.49736 1
0.497206 1
0.497049 1
0.49689 1
0.496727 1
0.496597 1
0.496446 1
0.496295 1
0.496142 1
0.495969 1
0.495817 1
0.495685 1
0.495517 1
0.495369 1
0.495225 1
0.495058 1
0.494934 1
0.494759 1
0.4946 1
0.494427 1
0.494276 1
0.494112 1
0.493954 1
0.493653 1
0.493522 1
0.4932 1
0.493052 1
0.492928 1
0.492782 1
0.492634 1
0.49247 1
0.492326 1
0.492195 1
0.492051 1
0.491903 1
0.491753 1
0.491609 1
0.491497 1
0.491343 1
0.491343 0
0.491168 0
0.490996 0
0.49085 0
0.490689 0
0.490522 0
0.490362 0
0.490219 0
0.490085 0
0.489927 0
0.489782 0
0.489613 0
0.489477 0
0.489324 0
0.489192 0
0.488883 0
0.488742 0
0.488582 0
0.488415 0
0.488278 0
0.48813 0
0.48797 0
0.48781 0
0.48768 0
0.487516 0
0.487358 0
0.487223 0
0.487069 0
0.486927 0
0.486771 0
0.486615 0
0.486473 0
0.48632 0
0.486168 0
0.486006 0
0.485865 0
0.485703 0
0.48554 0
0.485387 0
0.485254 0
0.485086 0
0.484929 0
0.484757 0
0.484628 0
0.484462 0
0.48433 0
0.484151 0
0.483986 0
0.483828 0
0.483689 0
0.48356 0
0.483407 0
0.483271 0
0.48313 0
0.482978 0
0.482824 0
0.482668 0
0.482512 0
0.482347 0
0.482175 0
0.48203 0
0.481894 0
0.481749 0
0.481569 0
0.481424 0
0.481263 0
0.481125 0
0.480978 0
0.480821 0
0.480694 0
0.480536 0
0.480362 0
0.480206 0
0.480038 0
0.479572 0
0.479443 0
0.479126 0
0.478984 0
0.478851 0
0.478701 0
0.47856 0
0.478412 0
0.478283 0
0.478145 0
0.478001 0
0.477839 0
0.4777 0
0.47753 0
0.477383 0
0.477234 0
0.477064 0
0.476933 0
0.476784 0
0.476629 0
0.476469 0
0.476334 0
0.476206 0
0.47593 0
0.475793 0
0.475619 0
0.475482 0
0.475338 0
0.475167 0
0.475027 0
0.474857 0
0.474737 0
0.474587 0
0.474429 0
0.474321 0
0.47416 0
0.473996 0
0.473834 0
0.473708 0
0.47338 0
0.473233 0
0.473084 0
0.47293 0
0.472785 0
0.472612 0
0.47244 0
0.472126 0
0.472006 0
0.471865 0
0.471707 0
0.471549 0
0.471374 0
0.471095 0
0.47095 0
0.470797 0
0.47064 0
0.470492 0
0.470329 0
0.470159 0
0.470021 0
0.469874 0
0.469723 0
0.469581 0
0.469435 0
0.46927 0
0.46914 0
0.468871 0
0.468703 0
0.468585 0
0.468428 0
0.468297 0
0.46816 0
0.468006 0
0.467872 0
0.467707 0
0.467546 0
0.467388 0
0.46723 0
0.46707 0
0.466901 0
0.466767 0
0.466593 0
0.466429 0
0.466274 0
0.466094 0
0.465936 0
0.465777 0
0.465626 0
0.465471 0
0.46532 0
0.465176 0
0.465006 0
0.464871 0
0.464738 0
0.464586 0
0.464266 0
0.463941 0
0.463772 0
0.463626 0
0.463466 0
0.463299 0
0.46315 0
0.46299 0
0.462352 0
0.462104 0
0.461948 0
0.461783 0
0.461628 0
0.46146 0
0.461146 0
0.460994 0
0.460657 0
0.460483 0
0.460216 0
0.460115 0
0.459967 0
0.459818 0
0.459676 0
0.459521 0
0.459377 0
0.459212 0
0.459076 0
0.458921 0
0.458763 0
0.458595 0
0.458434 0
0.458274 0
0.458125 0
0.457969 0
0.457818 0
0.457664 0
0.457347 0
0.457179 0
0.457007 0
0.456847 0
0.456699 0
0.456546 0
0.456388 0
0.456107 0
0.455948 0
0.455799 0
0.455636 0
0.455469 0
0.455346 0
0.455222 0
0.455103 0
0.45495 0
0.454784 0
0.45466 0
0.454529 0
0.454385 0
0.454234 0
0.454118 0
0.453997 0
0.453841 0
0.453689 0
0.453512 0
0.453243 0
0.453083 0
0.452964 0
0.452807 0
0.452657 0
0.452335 0
0.452211 0
0.452055 0
0.45188 0
0.451745 0
0.451585 0
0.451413 0
0.451294 0
0.451131 0
0.450673 0
0.450365 0
0.450203 0
0.450022 0
0.449733 0
0.44957 0
0.449422 0
0.44925 0
0.449084 0
0.448939 0
0.448773 0
0.448635 0
0.448474 0
0.448327 0
0.448188 0
0.448061 0
0.447908 0
0.447764 0
0.447612 0
0.447446 0
0.447297 0
0.447176 0
0.447019 0
0.446872 0
0.446616 0
0.446444 0
0.446297 0
0.44617 0
0.44605 0
0.445903 0
0.44575 0
0.445582 0
0.445416 0
0.445244 0
0.445084 0
0.444957 0
0.444801 0
0.444492 0
0.44435 0
0.444199 0
0.44407 0
0.443793 0
0.443646 0
0.443506 0
0.443338 0
0.443191 0
0.442892 0
0.442727 0
0.442571 0
0.442411 0
0.44225 0
0.442133 0
0.441965 0
0.44167 0
0.441533 0
0.441376 0
0.441203 0
0.441079 0
0.440924 0
0.440765 0
0.440595 0
0.440422 0
0.440255 0
0.440089 0
0.439931 0
0.439779 0
0.439453 0
0.439311 0
0.439005 0
0.438837 0
0.438689 0
0.438528 0
0.438349 0
0.438172 0
0.438016 0
0.437876 0
0.437701 0
0.437552 0
0.437426 0
0.437269 0
0.437098 0
0.436945 0
0.436615 0
0.43633 0
0.436208 0
0.436072 0
0.435892 0
0.435757 0
0.435629 0
0.435474 0
0.435306 0
0.435143 0
0.435007 0
0.434861 0
0.434682 0
0.434548 0
0.434392 0
0.434229 0
0.43406 0
0.4339 0
0.433731 0
0.433567 0
0.433414 0
0.433259 0
0.433094 0
0.432923 0
0.432779 0
0.432616 0
0.432307 0
0.432135 0
0.432015 0
0.431684 0
0.431534 0
0.431384 0
0.431218 0
0.430928 0
0.430753 0
0.430606 0
0.430431 0
0.430134 0
0.429802 0
0.429644 0
0.429486 0
0.429331 0
0.429155 0
0.428996 0
0.428672 0
0.428495 0
0.42834 0
0.428181 0
0.428036 0
0.427914 0
0.427752 0
0.427606 0
0.427435 0
0.427294 0
0.426977 0
0.426693 0
0.426435 0
0.426116 0
0.425944 0
0.425783 0
0.425631 0
0.425487 0
0.425188 0
0.425015 0
0.42473 0
0.424587 0
0.424449 0
0.42429 0
0.423988 0
0.423834 0
0.423675 0
0.423511 0
0.423362 0
0.423241 0
0.423078 0
0.422918 0
0.422774 0
0.422618 0
0.422464 0
0.422296 0
0.422137 0
0.421981 0
0.421833 0
0.421678 0
0.421333 0
0.421016 0
0.420865 0
0.420707 0
0.420535 0
0.420377 0
0.420194 0
0.41983 0
0.419691 0
0.419525 0
0.419204 0
0.419039 0
0.418892 0
0.418754 0
0.418596 0
0.418431 0
0.418294 0
0.41816 0
0.418025 0
0.417848 0
0.417686 0
0.417532 0
0.417054 0
0.416899 0
0.416739 0
0.416462 0
0.416298 0
0.416147 0
0.415991 0
0.41583 0
0.415663 0
0.415512 0
0.415371 0
0.415193 0
0.415077 0
0.414914 0
0.414773 0
0.414628 0
0.414488 0
0.414343 0
0.414185 0
0.414016 0
0.413883 0
0.413732 0
0.413584 0
0.41344 0
0.413272 0
0.413134 0
0.412995 0
0.412829 0
0.412647 0
0.412475 0
0.41234 0
0.412185 0
0.41203 0
0.411678 0
0.411559 0
0.411395 0
0.411244 0
0.411101 0
0.410968 0
0.410821 0
0.410668 0
0.410522 0
0.410382 0
0.410211 0
0.410057 0
0.40976 0
0.409587 0
0.409427 0
0.409276 0
0.409119 0
0.408947 0
0.408598 0
0.408443 0
0.408302 0
0.408183 0
0.408015 0
0.407875 0
0.407715 0
0.407424 0
0.407286 0
0.406951 0
0.406803 0
0.406636 0
0.40647 0
0.406314 0
0.406149 0
0.406006 0
0.405873 0
0.405712 0
0.405558 0
0.405416 0
0.405244 0
0.405079 0
0.404927 0
0.404592 0
0.404265 0
0.404109 0
0.403985 0
0.403829 0
0.403685 0
0.403524 0
0.403395 0
0.403085 0
0.402756 0
0.402589 0
0.40244 0
0.402278 0
0.402116 0
0.401955 0
0.40178 0
0.401633 0
0.401453 0
0.401313 0
0.401158 0
0.400854 0
0.400724 0
0.400579 0
0.400411 0
0.400275 0
0.40012 0
0.399635 0
0.399468 0
0.399298 0
0.399138 0
0.399004 0
0.398846 0
0.398347 0
0.398183 0
0.398025 0
0.39787 0
0.397733 0
0.39739 0
0.397212 0
0.39704 0
0.396891 0
0.396727 0
0.396554 0
0.395976 0
0.395837 0
0.395691 0
0.395528 0
0.395368 0
0.395214 0
0.39506 0
0.394907 0
0.394772 0
0.394654 0
0.394486 0
0.394333 0
0.394175 0
0.394021 0
0.393878 0
0.39373 0
0.393566 0
0.393427 0
0.393129 0
0.392826 0
0.392499 0
0.392318 0
0.392171 0
0.392003 0
0.391876 0
0.391588 0
0.391438 0
0.391131 0
0.390983 0
0.390636 0
0.390464 0
0.390294 0
0.390165 0
0.390007 0
0.389694 0
0.389542 0
0.389381 0
0.389271 0
0.389146 0
0.388971 0
0.388832 0
0.388382 0
0.388055 0
0.387938 0
0.387772 0
0.387637 0
0.387484 0
0.387351 0
0.387187 0
0.387046 0
0.386694 0
0.38612 0
0.385953 0
0.385624 0
0.385467 0
0.385167 0
0.384841 0
0.384699 0
0.38438 0
0.384219 0
0.383928 0
0.383789 0
0.383643 0
0.383332 0
0.383169 0
0.382989 0
0.382817 0
0.382646 0
0.382506 0
0.382383 0
0.382218 0
0.382056 0
0.381889 0
0.381733 0
0.381569 0
0.381415 0
0.381246 0
0.381078 0
0.380942 0
0.380761 0
0.380604 0
0.380458 0
0.380142 0
0.379807 0
0.37948 0
0.379319 0
0.379159 0
0.379008 0
0.378871 0
0.37853 0
0.37807 0
0.377917 0
0.377774 0
0.377626 0
0.377462 0
0.377284 0
0.377134 0
0.377008 0
0.37667 0
0.376497 0
0.376197 0
0.37603 0
0.375875 0
0.375555 0
0.375217 0
0.375058 0
0.374905 0
0.374738 0
0.374435 0
0.374284 0
0.374171 0
0.374005 0
0.37384 0
0.373667 0
0.373496 0
0.373366 0
0.373226 0
0.373056 0
0.372887 0
0.372715 0
0.372576 0
0.372431 0
0.372148 0
0.371999 0
0.371825 0
0.37169 0
0.371513 0
0.371205 0
0.370897 0
0.370607 0
0.370447 0
0.370271 0
0.369963 0
0.369797 0
0.369639 0
0.369501 0
0.369347 0
0.36919 0
0.368856 0
0.368697 0
0.368525 0
0.36839 0
0.368231 0
0.367799 0
0.367516 0
0.367404 0
0.367245 0
0.366747 0
0.366625 0
0.366472 0
0.366308 0
0.366132 0
0.365994 0
0.36582 0
0.365647 0
0.365504 0
0.365342 0
0.365171 0
0.365024 0
0.36489 0
0.364731 0
0.364577 0
0.364414 0
0.364255 0
0.364094 0
0.363966 0
0.363792 0
0.363673 0
0.363508 0
0.36335 0
0.363027 0
0.362885 0
0.362579 0
0.362423 0
0.36229 0
0.362151 0
0.362002 0
0.361834 0
0.361539 0
0.361394 0
0.361249 0
0.361083 0
0.360961 0
0.360822 0
0.360667 0
0.360531 0
0.360367 0
0.36021 0
0.360054 0
0.359891 0
0.359568 0
0.359409 0
0.359239 0
0.359075 0
0.358924 0
0.358787 0
0.358625 0
0.358459 0
0.358306 0
0.357803 0
0.357484 0
0.357339 0
0.357159 0
0.356847 0
0.35669 0
0.356533 0
0.356347 0
0.356176 0
0.356036 0
0.355856 0
0.355702 0
0.35555 0
0.355393 0
0.355216 0
0.355049 0
0.354894 0
0.354733 0
0.354573 0
0.354432 0
0.354283 0
0.354136 0
0.353825 0
0.353483 0
0.353319 0
0.353167 0
0.352859 0
0.35271 0
0.352379 0
0.352048 0
0.351743 0
0.351459 0
0.351299 0
0.351151 0
0.350997 0
0.350838 0
0.350674 0
0.350516 0
0.350349 0
0.350183 0
0.350058 0
0.349911 0
0.349746 0
0.3496 0
0.349265 0
0.349118 0
0.348952 0
0.348795 0
0.348638 0
0.348496 0
0.348229 0
0.348065 0
0.347893 0
0.347742 0
0.34745 0
0.347153 0
0.346834 0
0.346686 0
0.346512 0
0.346364 0
0.346213 0
0.345872 0
0.345704 0
0.345543 0
0.345383 0
0.345127 0
0.34497 0
0.344812 0
0.344651 0
0.344489 0
0.344349 0
0.344171 0
0.344034 0
0.343875 0
0.343749 0
0.343588 0
0.343469 0
0.343164 0
0.343009 0
0.342714 0
0.342545 0
0.342392 0
0.342237 0
0.342074 0
0.341944 0
0.341463 0
0.341309 0
0.341161 0
0.340989 0
0.340844 0
0.340542 0
0.340392 0
0.340252 0
0.340091 0
0.339917 0
0.339768 0
0.339607 0
0.339457 0
0.33931 0
0.339158 0
0.338649 0
0.338493 0
0.338327 0
0.338184 0
0.338043 0
0.33788 0
0.337729 0
0.337565 0
0.337425 0
0.337185 0
0.336686 0
0.336527 0
0.336378 0
0.336218 0
0.336075 0
0.335901 0
0.335623 0
0.335463 0
0.335299 0
0.335145 0
0.334984 0
0.33483 0
0.334669 0
0.334537 0
0.334367 0
0.334052 0
0.333743 0
0.333268 0
0.333121 0
0.332961 0
0.332163 0
0.332007 0
0.331705 0
0.331533 0
0.331368 0
0.331198 0
0.331029 0
0.33068 0
0.330517 0
0.330022 0
0.329898 0
0.32974 0
0.329583 0
0.329408 0
0.329234 0
0.329077 0
0.328896 0
0.328772 0
0.328605 0
0.328299 0
0.328004 0
0.327863 0
0.327722 0
0.327569 0
0.32739 0
0.327245 0
0.327089 0
0.326926 0
0.326772 0
0.326612 0
0.326442 0
0.326296 0
0.325957 0
0.325831 0
0.325683 0
0.325388 0
0.325234 0
0.325094 0
0.32494 0
0.324784 0
0.324653 0
0.324496 0
0.324152 0
0.323982 0
0.323866 0
0.323698 0
0.323532 0
0.323253 0
0.322933 0
0.322786 0
0.32264 0
0.322483 0
0.322315 0
0.322153 0
0.321983 0
0.321829 0
0.321545 0
0.321381 0
0.321236 0
0.32092 0
0.320742 0
0.320592 0
0.320423 0
0.320256 0
0.319955 0
0.319784 0
0.319607 0
0.319447 0
0.319298 0
0.319002 0
0.31873 0
0.318427 0
0.318272 0
0.317965 0
0.317812 0
0.31749 0
0.317327 0
0.317158 0
0.316846 0
0.316522 0
0.31621 0
0.315888 0
0.315711 0
0.315398 0
0.315096 0
0.31493 0
0.314628 0
0.314481 0
0.314329 0
0.314181 0
0.314011 0
0.313849 0
0.31368 0
0.313511 0
0.313368 0
0.3132 0
0.313077 0
0.312927 0
0.312781 0
0.312608 0
0.312436 0
0.312278 0
0.311802 0
0.311658 0
0.311162 0
0.310995 0
0.310833 0
0.310701 0
0.310548 0
0.310401 0
0.31022 0
0.310071 0
0.309754 0
0.309593 0
0.309275 0
0.309102 0
0.30894 0
0.308842 0
0.308669 0
0.308534 0
0.308376 0
0.308201 0
0.308041 0
0.30773 0
0.307568 0
0.307433 0
0.30728 0
0.307118 0
0.306977 0
0.306828 0
0.306487 0
0.306209 0
0.306054 0
0.305719 0
0.305593 0
0.305306 0
0.304974 0
0.304804 0
0.304518 0
0.30434 0
0.304185 0
0.304016 0
0.30387 0
0.30374 0
0.303596 0
0.303257 0
0.303126 0
0.302963 0
0.302824 0
0.302674 0
0.302529 0
0.302388 0
0.302226 0
0.302058 0
0.30191 0
0.301767 0
0.301635 0
0.301159 0
0.300991 0
0.300835 0
0.300664 0
0.300491 0
0.300344 0
0.300029 0
0.299575 0
0.299258 0
0.298926 0
0.298754 0
0.298579 0
0.298248 0
0.297939 0
0.297796 0
0.297633 0
0.297478 0
0.297322 0
0.297162 0
0.296875 0
0.296714 0
0.296577 0
0.296417 0
0.296256 0
0.296105 0
0.2958 0
0.295649 0
0.295499 0
0.295184 0
0.295009 0
0.294709 0
0.294376 0
0.294224 0
0.294101 0
0.293928 0
0.29365 0
0.293493 0
0.293357 0
0.29307 0
0.292748 0
0.292607 0
0.292457 0
0.292299 0
0.292145 0
0.291711 0
0.291385 0
0.29123 0
0.290587 0
0.290284 0
0.290153 0
0.289985 0
0.289675 0
0.289509 0
0.289214 0
0.288886 0
0.28873 0
0.288571 0
0.288432 0
0.288109 0
0.287961 0
0.287636 0
0.28748 0
0.287303 0
0.286828 0
0.286668 0
0.286494 0
0.286331 0
0.286157 0
0.285858 0
0.285694 0
0.285542 0
0.285231 0
0.285094 0
0.284957 0
0.284777 0
0.28463 0
0.284461 0
0.284134 0
0.283991 0
0.283831 0
0.283698 0
0.283249 0
0.283094 0
0.282756 0
0.282594 0
0.282408 0
0.282099 0
0.281777 0
0.281483 0
0.281334 0
0.281181 0
0.280865 0
0.280408 0
0.280244 0
0.280082 0
0.279747 0
0.279598 0
0.279433 0
0.279305 0
0.278966 0
0.278807 0
0.278634 0
0.278483 0
0.278319 0
0.27817 0
0.278005 0
0.277831 0
0.277505 0
0.277355 0
0.2769 0
0.27676 0
0.276464 0
0.276291 0
0.275998 0
0.275839 0
0.275528 0
0.275037 0
0.27487 0
0.274713 0
0.27454 0
0.274385 0
0.274213 0
0.273893 0
0.273553 0
0.273266 0
0.273136 0
0.27297 0
0.272805 0
0.272527 0
0.272382 0
0.272231 0
0.272084 0
0.271916 0
0.27178 0
0.271633 0
0.271352 0
0.271208 0
0.271062 0
0.270784 0
0.2705 0
0.270172 0
0.269839 0
0.269687 0
0.269527 0
0.269384 0
0.269222 0
0.269093 0
0.268741 0
0.268575 0
0.268431 0
0.268275 0
0.267945 0
0.267777 0
0.267612 0
0.267442 0
0.267164 0
0.266839 0
0.266697 0
0.266541 0
0.266378 0
0.265786 0
0.265629 0
0.265456 0
0.265141 0
0.264968 0
0.264629 0
0.264466 0
0.264293 0
0.264122 0
0.263956 0
0.263803 0
0.263644 0
0.263484 0
0.263323 0
0.263156 0
0.263014 0
0.262855 0
0.262718 0
0.262584 0
0.262417 0
0.262091 0
0.261737 0
0.261588 0
0.261454 0
0.261283 0
0.260959 0
0.260835 0
0.260698 0
0.260535 0
0.260365 0
0.260207 0
0.259704 0
0.259554 0
0.259389 0
0.259227 0
0.25909 0
0.258627 0
0.25847 0
0.2583 0
0.25796 0
0.257618 0
0.257454 0
0.257294 0
0.257129 0
0.256956 0
0.256814 0
0.256674 0
0.256232 0
0.255932 0
0.255822 0
0.255639 0
0.255472 0
0.255164 0
0.255013 0
0.2547 0
0.254389 0
0.254233 0
0.254091 0
0.253921 0
0.253769 0
0.253606 0
0.253444 0
0.253274 0
0.253102 0
0.25294 0
0.252606 0
0.252441 0
0.252285 0
0.25214 0
0.251996 0
0.25183 0
0.251544 0
0.251217 0
0.251058 0
0.250906 0
0.250747 0
0.250589 0
0.250244 0
0.249417 0
0.248932 0
0.248768 0
0.248472 0
0.248299 0
0.247661 0
0.247512 0
0.247207 0
0.247047 0
0.246881 0
0.246714 0
0.246391 0
0.246235 0
0.246092 0
0.245932 0
0.245482 0
0.245349 0
0.245211 0
0.244755 0
0.244601 0
0.244282 0
0.244159 0
0.244011 0
0.243516 0
0.243359 0
0.243046 0
0.242897 0
0.242769 0
0.242597 0
0.242436 0
0.241973 0
0.24164 0
0.241515 0
0.241345 0
0.241053 0
0.240883 0
0.24075 0
0.24043 0
0.240265 0
0.240103 0
0.239922 0
0.23949 0
0.239184 0
0.239019 0
0.238866 0
0.23855 0
0.238387 0
0.238272 0
0.238122 0
0.237973 0
0.237633 0
0.237478 0
0.237175 0
0.236831 0
0.236682 0
0.236529 0
0.236352 0
0.23588 0
0.235715 0
0.235584 0
0.235296 0
0.23514 0
0.234993 0
0.234839 0
0.234681 0
0.234521 0
0.234034 0
0.233898 0
0.233569 0
0.233446 0
0.233295 0
0.232819 0
0.232364 0
0.232214 0
0.232049 0
0.231875 0
0.231727 0
0.231436 0
0.231253 0
0.231126 0
0.230963 0
0.230623 0
0.230301 0
0.230005 0
0.229828 0
0.229659 0
0.229529 0
0.229223 0
0.22845 0
0.228278 0
0.228114 0
0.227978 0
0.227706 0
0.227537 0
0.227371 0
0.227219 0
0.226911 0
0.226607 0
0.22645 0
0.226098 0
0.225987 0
0.22571 0
0.225408 0
0.224753 0
0.224604 0
0.224439 0
0.224269 0
0.223672 0
0.223221 0
0.223065 0
0.222894 0
0.222397 0
0.222223 0
0.221909 0
0.221455 0
0.221159 0
0.220564 0
0.220258 0
0.219832 0
0.219666 0
0.219558 0
0.219244 0
0.219086 0
0.218755 0
0.218595 0
0.218292 0
0.218127 0
0.217986 0
0.217814 0
0.217681 0
0.217521 0
0.217365 0
0.216931 0
0.216768 0
0.216607 0
0.216451 0
0.216302 0
0.216156 0
0.215845 0
0.215529 0
0.215376 0
0.215054 0
0.214905 0
0.214458 0
0.214305 0
0.213987 0
0.213843 0
0.213671 0
0.213524 0
0.213256 0
0.21308 0
0.212912 0
0.212744 0
0.212583 0
0.212262 0
0.212079 0
0.211913 0
0.211759 0
0.211606 0
0.21144 0
0.21129 0
0.210971 0
0.210825 0
0.210666 0
0.210537 0
0.2101 0
0.209816 0
0.209358 0
0.209198 0
0.209035 0
0.208716 0
0.208543 0
0.208255 0
0.208094 0
0.20793 0
0.207769 0
0.207598 0
0.207419 0
0.207082 0
0.206752 0
0.206588 0
0.20628 0
0.205953 0
0.205786 0
0.205636 0
0.205496 0
0.20518 0
0.204861 0
0.204393 0
0.204257 0
0.204084 0
0.203919 0
0.203741 0
0.203407 0
0.202926 0
0.202771 0
0.202437 0
0.202277 0
0.201807 0
0.20151 0
0.201204 0
0.200576 0
0.200259 0
0.200104 0
0.199785 0
0.199475 0
0.199156 0
0.198998 0
0.198826 0
0.198655 0
0.198512 0
0.198155 0
0.197506 0
0.197154 0
0.196983 0
0.196636 0
0.196179 0
0.196044 0
0.195909 0
0.195604 0
0.195443 0
0.194934 0
0.194788 0
0.194632 0
0.194454 0
0.194287 0
0.193944 0
0.193465 0
0.193328 0
0.193185 0
0.192861 0
0.192228 0
0.19207 0
0.19193 0
0.191769 0
0.191591 0
0.191272 0
0.191101 0
0.190776 0
0.190619 0
0.190451 0
0.189996 0
0.189716 0
0.18939 0
0.189258 0
0.188808 0
0.188646 0
0.188496 0
0.188057 0
0.187904 0
0.187593 0
0.187449 0
0.187286 0
0.187117 0
0.186945 0
0.18666 0
0.186369 0
0.186214 0
0.185883 0
0.185719 0
0.185559 0
0.185385 0
0.185201 0
0.185035 0
0.184859 0
0.184724 0
0.184402 0
0.184238 0
0.184072 0
0.183919 0
0.18358 0
0.183285 0
0.183136 0
0.182979 0
0.182662 0
0.182496 0
0.182329 0
0.182164 0
0.182007 0
0.181505 0
0.181333 0
0.18115 0
0.18098 0
0.180638 0
0.180152 0
0.179989 0
0.179845 0
0.179684 0
0.179514 0
0.179209 0
0.178895 0
0.178752 0
0.178586 0
0.178287 0
0.177629 0
0.177474 0
0.177159 0
0.176823 0
0.176678 0
0.176515 0
0.176388 0
0.176231 0
0.176065 0
0.1756 0
0.175439 0
0.175119 0
0.174964 0
0.174794 0
0.174634 0
0.174303 0
0.174154 0
0.173835 0
0.173371 0
0.173199 0
0.172681 0
0.172349 0
0.172206 0
0.171889 0
0.171721 0
0.171411 0
0.17094 0
0.170809 0
0.170298 0
0.169958 0
0.169633 0
0.169144 0
0.168966 0
0.168653 0
0.168483 0
0.168314 0
0.168149 0
0.167972 0
0.167801 0
0.16751 0
0.167195 0
0.167027 0
0.166713 0
0.166535 0
0.166356 0
0.166188 0
0.166019 0
0.165844 0
0.165688 0
0.165365 0
0.16505 0
0.164892 0
0.164482 0
0.16417 0
0.164001 0
0.163696 0
0.163552 0
0.163248 0
0.1631 0
0.162936 0
0.162789 0
0.162455 0
0.162294 0
0.161983 0
0.161815 0
0.161656 0
0.16135 0
0.161026 0
0.160709 0
0.160558 0
0.160255 0
0.16012 0
0.159962 0
0.15981 0
0.159647 0
0.159343 0
0.159174 0
0.15904 0
0.1589 0
0.158716 0
0.158072 0
0.157906 0
0.157586 0
0.157272 0
0.157099 0
0.156762 0
0.156619 0
0.156482 0
0.156334 0
0.156033 0
0.15586 0
0.155557 0
0.155267 0
0.155102 0
0.154941 0
0.154783 0
0.154447 0
0.154137 0
0.153969 0
0.153617 0
0.153473 0
0.153148 0
0.152881 0
0.15274 0
0.152595 0
0.152434 0
0.152097 0
0.151737 0
0.151577 0
0.151246 0
0.151099 0
0.150955 0
0.150798 0
0.150636 0
0.15047 0
0.150302 0
0.150047 0
0.149905 0
0.149742 0
0.149393 0
0.14924 0
0.149066 0
0.14893 0
0.14878 0
0.148611 0
0.148262 0
0.148091 0
0.147942 0
0.147627 0
0.147473 0
0.147133 0
0.146956 0
0.146792 0
0.146645 0
0.146488 0
0.146018 0
0.145852 0
0.145363 0
0.144747 0
0.14457 0
0.144413 0
0.144083 0
0.143764 0
0.143615 0
0.143471 0
0.143156 0
0.143004 0
0.142845 0
0.142675 0
0.142506 0
0.142344 0
0.142187 0
0.14202 0
0.14187 0
0.141706 0
0.141555 0
0.1411 0
0.140778 0
0.140621 0
0.140464 0
0.14031 0
0.14016 0
0.139841 0
0.139674 0
0.139362 0
0.139208 0
0.139036 0
0.138857 0
0.138559 0
0.137752 0
0.137429 0
0.13713 0
0.136983 0
0.136838 0
0.136526 0
0.136191 0
0.136038 0
0.135863 0
0.135516 0
0.135346 0
0.134869 0
0.134574 0
0.134401 0
0.13424 0
0.134106 0
0.133449 0
0.133147 0
0.132813 0
0.132673 0
0.132502 0
0.132038 0
0.1317 0
0.131416 0
0.131249 0
0.13109 0
0.130772 0
0.129802 0
0.129478 0
0.129309 0
0.129184 0
0.12872 0
0.128381 0
0.128051 0
0.127875 0
0.127717 0
0.127567 0
0.127227 0
0.127084 0
0.126764 0
0.126283 0
0.126143 0
0.125987 0
0.125651 0
0.125492 0
0.125186 0
0.125029 0
0.124412 0
0.123952 0
0.123647 0
0.123471 0
0.123306 0
0.123131 0
0.122977 0
0.122839 0
0.122337 0
0.122212 0
0.121898 0
0.121742 0
0.12158 0
0.121414 0
0.121281 0
0.120788 0
0.120475 0
0.119974 0
0.119831 0
0.119666 0
0.119516 0
0.119198 0
0.119026 0
0.118856 0
0.118545 0
0.118392 0
0.118219 0
0.117737 0
0.117573 0
0.117393 0
0.117247 0
0.117076 0
0.116921 0
0.11676 0
0.116582 0
0.116293 0
0.11614 0
0.115973 0
0.115806 0
0.11563 0
0.115128 0
0.114806 0
0.114492 0
0.114351 0
0.114021 0
0.113699 0
0.113537 0
0.113218 0
0.113079 0
0.112758 0
0.112589 0
0.112433 0
0.112273 0
0.112106 0
0.111936 0
0.111793 0
0.111633 0
0.111471 0
0.111023 0
0.110739 0
0.110581 0
0.110422 0
0.110118 0
0.109959 0
0.109797 0
0.109632 0
0.109464 0
0.109306 0
0.10914 0
0.108973 0
0.108487 0
0.108321 0
0.108159 0
0.107992 0
0.107558 0
0.107411 0
0.107255 0
0.106916 0
0.106779 0
0.106619 0
0.106339 0
0.105847 0
0.105698 0
0.105526 0
0.105394 0
0.105216 0
0.10505 0
0.104885 0
0.10473 0
0.104395 0
0.104269 0
0.104119 0
0.103958 0
0.1038 0
0.103639 0
0.103485 0
0.103327 0
0.102988 0
0.102823 0
0.102645 0
0.102479 0
0.102316 0
0.102195 0
0.102065 0
0.101915 0
0.101758 0
0.101606 0
0.101467 0
0.101162 0
0.100888 0
0.100595 0
0.100273 0
0.100105 0
0.0999367 0
0.0997593 0
0.0995914 0
0.0992822 0
0.0989547 0
0.0986421 0
0.0984761 0
0.098318 0
0.097794 0
0.0976368 0
0.0974805 0
0.0973312 0
0.0971889 0
0.0970549 0
0.096881 0
0.0960417 0
0.0958948 0
0.0957286 0
0.0955912 0
0.0954223 0
0.0950908 0
0.094957 0
0.0948257 0
0.0946605 0
0.0941925 0
0.0938827 0
0.0937002 0
0.0935355 0
0.0930559 0
0.0927046 0
0.092353 0
0.0921858 0
0.0920146 0
0.0918434 0
0.0915304 0
0.0913729 0
0.0910616 0
0.0909025 0
0.0906119 0
0.0903083 0
0.0901496 0
0.0898314 0
0.089686 0
0.089371 0
0.0892102 0
0.0890513 0
0.0886103 0
0.0881263 0
0.0879805 0
0.0878375 0
0.0874816 0
0.0873111 0
0.0871546 0
0.0868404 0
0.0866857 0
0.0865065 0
0.0860236 0
0.0856979 0
0.0855863 0
0.085411 0
0.0842722 0
0.0839842 0
0.0837223 0
0.0833934 0
0.0832306 0
0.0830749 0
0.0827638 0
0.0826011 0
0.0824343 0
0.0822937 0
0.0821327 0
0.0818176 0
0.0816789 0
0.0815261 0
0.0813759 0
0.0809161 0
0.080756 0
0.0805925 0
0.0804294 0
0.0802719 0
0.0801121 0
0.079947 0
0.0797959 0
0.0793352 0
0.0791673 0
0.0790049 0
0.0786618 0
0.0785181 0
0.0783577 0
0.078039 0
0.0778757 0
0.0773778 0
0.0770589 0
0.076908 0
0.0765831 0
0.0763989 0
0.0762482 0
0.0760745 0
0.0757374 0
0.07559 0
0.075419 0
0.0749344 0
0.0746664 0
0.0745149 0
0.0743642 0
0.0742078 0
0.074032 0
0.0738607 0
0.0737025 0
0.0733893 0
0.0730487 0
0.0727119 0
0.0722272 0
0.0719393 0
0.071622 0
0.0714673 0
0.0713196 0
0.0711845 0
0.0707175 0
0.0705745 0
0.070404 0
0.0702541 0
0.0700829 0
0.0699286 0
0.0697495 0
0.0694121 0
0.0692564 0
0.069088 0
0.0689499 0
0.0686309 0
0.068471 0
0.0683284 0
0.0681784 0
0.0680321 0
0.0678766 0
0.0675335 0
0.0673592 0
0.067027 0
0.0668867 0
0.0667303 0
0.0663975 0
0.0659332 0
0.0657863 0
0.0656058 0
0.0654365 0
0.0652597 0
0.0651095 0
0.0649351 0
0.064598 0
0.0644371 0
0.0636767 0
0.063524 0
0.0633698 0
0.0630638 0
0.0628882 0
0.0625875 0
0.0624169 0
0.062258 0
0.0621227 0
0.0619836 0
0.0618142 0
0.0616546 0
0.0615156 0
0.061359 0
0.0610426 0
0.0607429 0
0.0601042 0
0.0596241 0
0.0593195 0
0.0590313 0
0.0588617 0
0.0584079 0
0.0582558 0
0.0579495 0
0.057776 0
0.057472 0
0.0573124 0
0.0571425 0
0.0568208 0
0.0563203 0
0.0559846 0
0.0556621 0
0.0553319 0
0.0551578 0
0.0549869 0
0.0546699 0
0.0545181 0
0.054352 0
0.0540273 0
0.0535913 0
0.0534724 0
0.0529905 0
0.0528409 0
0.0525373 0
0.0519873 0
0.0516477 0
0.0514828 0
0.0511522 0
0.0507087 0
0.0505312 0
0.0503615 0
0.0500345 0
0.049685 0
0.0495382 0
0.0492242 0
0.0490561 0
0.0488932 0
0.0487245 0
0.0485794 0
0.0484177 0
0.0480946 0
0.0477781 0
0.0476366 0
0.0471647 0
0.0468429 0
0.0467024 0
0.0460556 0
0.0457466 0
0.0454327 0
0.0452927 0
0.0451358 0
0.0448389 0
0.0446835 0
0.0443411 0
0.0441792 0
0.0440084 0
0.0437256 0
0.0434423 0
0.0432856 0
0.0431618 0
0.0429849 0
0.0428217 0
0.0425056 0
0.0423369 0
0.0422044 0
0.0420663 0
0.0419113 0
0.0417373 0
0.0414126 0
0.0411078 0
0.0408378 0
0.0406797 0
0.0403483 0
0.0402063 0
0.0398774 0
0.0397312 0
0.0395907 0
0.0392918 0
0.0388044 0
0.0383138 0
0.0381502 0
0.0378087 0
0.0375249 0
0.0373604 0
0.0370335 0
0.0367193 0
0.0365673 0
0.0364092 0
0.0362443 0
0.036103 0
0.0359413 0
0.0357824 0
0.0356244 0
0.0354494 0
0.0353206 0
0.0351846 0
0.0346874 0
0.0342099 0
0.0339147 0
0.0337394 0
0.0335993 0
0.0332954 0
0.032969 0
0.0328016 0
0.0326396 0
0.0323021 0
0.0319639 0
0.0317894 0
0.0314494 0
0.031298 0
0.0311518 0
0.0308163 0
0.030677 0
0.0305321 0
0.0302013 0
0.0298742 0
0.0297058 0
0.0295315 0
0.0293686 0
0.0292071 0
0.0290408 0
0.0287101 0
0.0285328 0
0.028033 0
0.0277033 0
0.0275525 0
0.0273689 0
0.0271904 0
0.0268756 0
0.0267132 0
0.0265359 0
0.0262191 0
0.0258901 0
0.0255643 0
0.0253918 0
0.0252301 0
0.0250634 0
0.0245924 0
0.0242456 0
0.0240678 0
0.0239031 0
0.0237458 0
0.0235908 0
0.0231222 0
0.0227681 0
0.0226052 0
0.0221554 0
0.0219918 0
0.021846 0
0.0215203 0
0.0211958 0
0.0210164 0
0.0206761 0
0.0205047 0
0.0203483 0
0.0201971 0
0.0200168 0
0.0198477 0
0.0196832 0
0.0193524 0
0.0191825 0
0.019038 0
0.0187142 0
0.0185798 0
0.0184142 0
0.0182673 0
0.0179461 0
0.0177837 0
0.0176365 0
0.017455 0
0.0172817 0
0.0171158 0
0.0164398 0
0.0162637 0
0.0161012 0
0.0157639 0
0.0155885 0
0.0154238 0
0.0152512 0
0.0150939 0
0.0149398 0
0.0147823 0
0.0142764 0
0.0139523 0
0.0134391 0
0.0132898 0
0.0131134 0
0.0129357 0
0.012769 0
0.012629 0
0.0124509 0
0.0122986 0
0.0119699 0
0.0118152 0
0.0116544 0
0.0113545 0
0.0111854 0
0.0108535 0
0.0107034 0
0.0105514 0
0.0104035 0
0.0102553 0
0.0100843 0
0.00993813 0
0.00977 0
0.00960904 0
0.00943184 0
0.00926137 0
0.00911306 0
0.0086558 0
0.00832084 0
0.00815641 0
0.00798754 0
0.00784843 0
0.00751273 0
0.00735598 0
0.00720494 0
0.00707443 0
0.00672719 0
0.0063778 0
0.0060408 0
0.00569972 0
0.00538901 0
0.0052393 0
0.00506979 0
0.00490443 0
0.00475894 0
0.00458562 0
0.00442916 0
0.0040986 0
0.00393266 0
0.00376886 0
0.00360096 0
0.00342005 0
0.00324436 0
0.00308714 0
0.00292054 0
0.00275595 0
0.00260051 0
0.00243133 0
0.00227788 0
0.00211919 0
0.00166992 0
0.00149471 0
0.00133069 0
0.00115231 0
0.000990362 0
0.000824397 0
0.000656827 0
0.000501111 0
0.000340519 0
0.00016173 0
