0.604133 3857
0.604133 3856
0.604133 3855
0.604064 3854
0.604064 3853
0.604064 3852
0.604064 3851
0.604064 3850
0.604064 3849
0.604064 3848
0.604057 3847
0.604057 3846
0.604057 3845
0.604057 3844
0.604057 3843
0.604057 3842
0.604057 3841
0.604057 3840
0.604057 3839
0.604057 3838
0.604057 3837
0.604057 3836
0.604057 3835
0.604057 3834
0.604057 3833
0.604057 3832
0.604057 3831
0.604053 3830
0.604053 3829
0.604053 3828
0.604053 3827
0.604053 3826
0.604049 3825
0.604049 3824
0.604049 3823
0.604049 3822
0.60403 3821
0.60403 3820
0.60403 3819
0.60403 3818
0.60403 3817
0.60396 3816
0.60396 3815
0.60396 3814
0.60396 3813
0.60396 3812
0.60396 3811
0.60396 3810
0.60396 3809
0.60396 3808
0.60396 3807
0.60396 3806
0.60396 3805
0.60396 3804
0.60396 3803
0.60396 3802
0.60396 3801
0.60396 3800
0.60396 3799
0.60396 3798
0.60396 3797
0.60396 3796
0.60396 3795
0.60396 3794
0.60396 3793
0.60396 3792
0.60396 3791
0.60396 3790
0.60396 3789
0.60396 3788
0.60396 3787
0.60396 3786
0.60396 3785
0.60396 3784
0.60396 3783
0.60396 3782
0.60396 3781
0.60396 3780
0.60396 3779
0.60396 3778
0.60396 3777
0.60396 3776
0.60396 3775
0.60396 3774
0.603839 3774
0.603833 3773
0.603833 3772
0.603833 3771
0.603833 3770
0.603833 3769
0.603833 3768
0.603833 3767
0.603833 3766
0.603833 3765
0.603833 3764
0.603833 3763
0.603833 3762
0.603833 3761
0.603833 3760
0.603833 3759
0.603833 3758
0.603833 3757
0.60381 3756
0.60381 3755
0.60381 3754
0.60381 3753
0.60381 3752
0.60381 3751
0.60381 3750
0.60381 3749
0.60381 3748
0.60381 3747
0.60381 3746
0.60381 3745
0.60381 3744
0.60381 3743
0.60381 3742
0.60381 3741
0.60381 3740
0.60379 3739
0.60379 3738
0.60379 3737
0.60379 3736
0.60379 3735
0.60379 3734
0.60379 3733
0.60379 3732
0.60379 3731
0.60379 3730
0.60379 3729
0.60379 3728
0.60379 3727
0.60379 3726
0.60379 3725
0.60379 3724
0.60379 3723
0.60379 3722
0.60379 3721
0.60379 3720
0.60379 3719
0.60379 3718
0.60379 3717
0.603675 3717
0.603675 3716
0.603675 3715
0.603675 3714
0.603675 3713
0.603675 3712
0.603675 3711
0.603675 3710
0.603675 3709
0.603675 3708
0.603675 3707
0.603675 3706
0.603675 3705
0.603675 3704
0.603675 3703
0.603675 3702
0.603675 3701
0.603675 3700
0.603675 3699
0.603675 3698
0.603675 3697
0.603675 3696
0.603675 3695
0.603675 3694
0.603675 3693
0.603675 3692
0.603649 3691
0.603649 3690
0.603649 3689
0.603649 3688
0.603649 3687
0.603649 3686
0.603646 3685
0.603646 3684
0.603646 3683
0.603637 3682
0.603637 3681
0.603637 3680
0.603588 3679
0.603588 3678
0.603588 3677
0.603588 3676
0.603588 3675
0.603588 3674
0.603588 3673
0.603588 3672
0.603588 3671
0.603588 3670
0.603588 3669
0.603588 3668
0.603588 3667
0.603588 3666
0.603588 3665
0.603588 3664
0.603588 3663
0.603588 3662
0.603588 3661
0.603588 3660
0.603588 3659
0.603588 3658
0.603588 3657
0.603588 3656
0.603588 3655
0.603588 3654
0.603588 3653
0.603588 3652
0.603588 3651
0.603588 3650
0.603588 3649
0.603552 3648
0.603552 3647
0.603505 3646
0.603505 3645
0.603505 3644
0.603505 3643
0.603505 3642
0.603505 3641
0.603499 3640
0.603499 3639
0.603499 3638
0.603499 3637
0.603499 3636
0.603499 3635
0.603499 3634
0.603401 3634
0.603401 3633
0.603401 3632
0.60334 3631
0.60334 3630
0.60334 3629
0.60334 3628
0.60334 3627
0.60334 3626
0.60334 3625
0.60334 3624
0.60334 3623
0.60334 3622
0.60334 3621
0.60334 3620
0.60334 3619
0.60334 3618
0.60334 3617
0.60334 3616
0.60334 3615
0.603316 3614
0.603316 3613
0.603316 3612
0.603316 3611
0.603316 3610
0.603316 3609
0.603316 3608
0.603316 3607
0.603316 3606
0.603316 3605
0.603316 3604
0.603316 3603
0.603316 3602
0.603316 3601
0.603316 3600
0.603316 3599
0.603316 3598
0.603316 3597
0.603316 3596
0.603316 3595
0.603316 3594
0.603261 3593
0.603261 3592
0.603261 3591
0.603261 3590
0.603261 3589
0.603261 3588
0.603261 3587
0.603261 3586
0.603261 3585
0.603261 3584
0.603261 3583
0.603257 3582
0.603257 3581
0.603257 3580
0.603257 3579
0.603245 3578
0.603245 3577
0.603245 3576
0.603245 3575
0.603245 3574
0.603245 3573
0.603245 3572
0.603245 3571
0.603245 3570
0.603245 3569
0.603245 3568
0.603245 3567
0.603245 3566
0.603245 3565
0.603245 3564
0.603245 3563
0.603245 3562
0.603159 3561
0.603159 3560
0.603159 3559
0.603159 3558
0.603159 3557
0.603159 3556
0.603159 3555
0.603159 3554
0.603159 3553
0.603159 3552
0.603159 3551
0.603159 3550
0.603159 3549
0.603159 3548
0.603159 3547
0.603151 3546
0.603151 3545
0.603151 3544
0.603151 3543
0.603151 3542
0.603151 3541
0.603151 3540
0.603151 3539
0.603151 3538
0.603151 3537
0.603151 3536
0.603151 3535
0.603151 3534
0.603151 3533
0.603151 3532
0.603151 3531
0.603151 3530
0.603151 3529
0.603151 3528
0.603151 3527
0.603151 3526
0.603151 3525
0.603151 3524
0.603151 3523
0.603151 3522
0.603151 3521
0.603151 3520
0.603151 3519
0.603151 3518
0.603151 3517
0.603151 3516
0.603151 3515
0.603151 3514
0.603151 3513
0.603151 3512
0.603151 3511
0.603151 3510
0.603151 3509
0.603151 3508
0.603151 3507
0.603151 3506
0.603151 3505
0.603151 3504
0.603119 3503
0.603119 3502
0.603119 3501
0.603115 3500
0.603115 3499
0.603106 3498
0.603106 3497
0.603106 3496
0.603106 3495
0.603106 3494
0.603106 3493
0.603106 3492
0.603106 3491
0.603106 3490
0.603106 3489
0.603106 3488
0.603055 3487
0.603025 3486
0.603025 3485
0.603025 3484
0.603019 3483
0.603019 3482
0.603019 3481
0.603019 3480
0.603019 3479
0.603019 3478
0.603019 3477
0.603019 3476
0.603019 3475
0.603019 3474
0.603019 3473
0.603019 3472
0.603019 3470
0.603019 3469
0.603019 3468
0.603019 3467
0.603019 3466
0.603019 3465
0.603019 3464
0.603019 3463
0.603019 3462
0.602999 3461
0.602999 3460
0.602999 3459
0.602956 3458
0.602956 3457
0.602956 3456
0.602956 3455
0.602956 3454
0.602956 3453
0.602956 3452
0.602956 3451
0.602956 3450
0.602956 3449
0.602956 3448
0.602956 3447
0.602956 3446
0.602956 3445
0.602956 3444
0.602956 3443
0.602956 3442
0.602956 3441
0.602956 3440
0.602956 3439
0.602956 3438
0.602956 3437
0.602956 3436
0.602956 3435
0.602956 3434
0.602935 3433
0.602935 3432
0.602921 3431
0.602921 3430
0.602921 3429
0.602921 3428
0.602874 3427
0.602874 3426
0.602874 3425
0.602874 3424
0.602874 3423
0.602874 3422
0.602874 3421
0.602874 3420
0.602874 3419
0.602874 3418
0.602874 3417
0.602874 3416
0.60287 3415
0.60287 3414
0.60287 3413
0.60287 3412
0.60287 3411
0.60287 3410
0.60287 3409
0.60287 3408
0.60287 3407
0.60287 3406
0.60287 3404
0.60287 3403
0.60287 3402
0.60287 3401
0.60287 3400
0.60287 3399
0.60287 3398
0.602862 3397
0.602862 3396
0.602862 3395
0.602844 3394
0.602844 3393
0.602844 3392
0.602844 3391
0.602844 3390
0.602844 3389
0.602844 3388
0.602844 3387
0.602844 3386
0.602844 3385
0.602844 3384
0.602844 3383
0.602844 3382
0.602844 3381
0.602844 3380
0.602844 3379
0.602844 3378
0.602815 3377
0.602814 3376
0.602814 3375
0.602814 3374
0.602797 3373
0.602797 3372
0.602797 3371
0.602797 3370
0.602797 3369
0.602715 3368
0.602715 3367
0.602715 3366
0.602715 3365
0.602715 3364
0.602606 3364
0.602606 3363
0.602606 3362
0.602606 3361
0.602606 3360
0.602606 3359
0.602606 3358
0.602606 3357
0.602606 3356
0.602606 3355
0.602606 3354
0.602606 3353
0.602606 3352
0.602606 3351
0.602606 3350
0.602606 3349
0.602606 3348
0.602606 3347
0.602606 3346
0.602606 3345
0.602606 3344
0.602606 3343
0.602606 3342
0.602606 3341
0.602606 3340
0.602606 3339
0.602606 3338
0.602591 3337
0.602591 3336
0.602504 3336
0.602442 3335
0.602442 3334
0.602442 3333
0.602442 3332
0.602442 3331
0.602442 3330
0.602442 3329
0.602442 3328
0.602442 3327
0.602442 3326
0.602442 3325
0.602442 3324
0.602442 3323
0.602442 3322
0.602442 3321
0.602442 3320
0.602395 3319
0.602395 3318
0.602395 3317
0.602395 3316
0.602395 3315
0.602395 3314
0.602395 3313
0.602395 3312
0.602395 3311
0.602395 3310
0.602395 3309
0.602395 3308
0.602395 3307
0.602395 3306
0.602395 3305
0.602395 3304
0.602395 3303
0.602395 3302
0.602395 3301
0.602395 3300
0.602395 3299
0.602395 3298
0.602395 3297
0.602395 3296
0.602395 3295
0.602395 3294
0.602395 3293
0.602395 3292
0.602395 3291
0.602395 3290
0.602395 3289
0.602395 3288
0.602395 3287
0.602395 3286
0.602395 3285
0.602395 3284
0.602395 3283
0.602395 3282
0.602395 3281
0.602395 3280
0.602395 3279
0.602395 3278
0.602395 3277
0.602395 3276
0.602395 3275
0.602395 3274
0.602395 3273
0.602395 3272
0.602356 3271
0.602356 3270
0.602356 3269
0.602356 3268
0.602356 3267
0.602356 3266
0.602356 3265
0.602356 3264
0.602356 3263
0.602352 3262
0.602352 3261
0.602352 3260
0.602352 3259
0.602352 3258
0.602352 3257
0.602352 3256
0.602352 3255
0.602352 3254
0.602352 3253
0.602352 3252
0.602352 3251
0.602352 3250
0.602352 3249
0.602352 3248
0.602352 3247
0.602352 3246
0.602352 3245
0.602352 3244
0.602352 3243
0.602352 3242
0.602352 3241
0.602352 3240
0.602352 3239
0.602352 3238
0.602352 3237
0.602352 3236
0.602352 3235
0.602352 3234
0.602296 3233
0.602296 3232
0.602296 3231
0.602296 3230
0.602296 3229
0.602296 3228
0.602296 3227
0.602296 3226
0.602296 3225
0.602296 3224
0.602296 3223
0.602296 3222
0.602296 3221
0.602296 3220
0.602296 3219
0.602296 3218
0.602296 3217
0.602296 3216
0.602296 3215
0.602296 3214
0.602296 3213
0.602296 3212
0.602296 3211
0.602296 3210
0.602296 3209
0.602296 3208
0.602296 3207
0.602296 3206
0.602296 3205
0.602296 3204
0.602296 3203
0.602296 3202
0.602296 3201
0.602296 3200
0.602296 3199
0.602296 3198
0.602296 3197
0.602296 3196
0.602296 3195
0.602296 3194
0.602296 3193
0.602296 3192
0.602296 3191
0.60229 3190
0.60229 3189
0.60229 3188
0.60229 3187
0.60229 3186
0.60229 3185
0.60229 3184
0.60229 3183
0.60229 3182
0.60229 3181
0.60229 3180
0.60229 3179
0.60229 3178
0.60229 3177
0.60229 3176
0.60229 3175
0.60229 3174
0.60229 3173
0.60229 3172
0.60229 3171
0.60229 3170
0.60229 3169
0.60229 3168
0.60229 3167
0.60229 3166
0.60229 3165
0.60229 3164
0.60229 3163
0.60229 3162
0.60229 3161
0.60229 3160
0.60229 3159
0.60229 3158
0.60229 3157
0.602194 3157
0.602194 3156
0.602194 3155
0.602194 3154
0.602194 3153
0.602194 3152
0.602194 3151
0.602186 3150
0.602186 3149
0.602186 3148
0.602076 3148
0.602076 3147
0.602076 3146
0.602076 3145
0.602076 3144
0.602076 3143
0.602076 3142
0.602076 3141
0.602076 3140
0.602076 3139
0.602076 3138
0.602076 3137
0.602076 3136
0.602076 3135
0.602076 3134
0.602076 3133
0.602076 3132
0.602045 3131
0.602045 3130
0.602045 3129
0.602045 3128
0.602045 3127
0.602045 3126
0.602045 3125
0.601967 3124
0.601967 3123
0.601967 3122
0.601967 3121
0.601967 3120
0.601967 3119
0.601967 3118
0.601967 3117
0.601967 3116
0.601967 3115
0.601967 3114
0.601967 3113
0.601967 3112
0.601967 3111
0.601892 3110
0.601892 3109
0.601892 3108
0.601892 3107
0.601892 3106
0.601892 3105
0.601823 3104
0.601823 3103
0.601823 3102
0.601823 3101
0.601823 3100
0.601833 3099
0.601833 3098
0.601833 3097
0.601833 3096
0.601833 3095
0.601811 3094
0.601811 3093
0.601811 3092
0.601811 3091
0.601811 3090
0.601811 3089
0.601811 3088
0.601811 3087
0.601811 3086
0.601811 3085
0.601811 3084
0.601811 3083
0.601811 3082
0.601811 3081
0.601811 3080
0.601811 3079
0.601811 3078
0.601811 3077
0.601811 3076
0.601811 3075
0.601811 3074
0.601811 3073
0.601811 3072
0.601811 3071
0.601811 3070
0.601811 3069
0.601768 3068
0.601768 3067
0.601768 3066
0.601768 3065
0.601768 3064
0.601768 3063
0.601768 3062
0.601768 3061
0.601768 3060
0.601768 3059
0.601767 3058
0.601767 3057
0.601767 3056
0.601767 3055
0.601767 3054
0.601767 3053
0.601767 3052
0.601767 3051
0.601767 3050
0.601767 3049
0.601767 3048
0.601767 3047
0.601767 3046
0.601767 3045
0.601767 3044
0.601767 3043
0.601634 3043
0.601634 3042
0.601634 3041
0.601634 3040
0.601634 3039
0.601634 3038
0.601512 3038
0.601512 3037
0.601512 3036
0.601512 3035
0.601512 3034
0.601512 3033
0.601512 3032
0.601512 3031
0.601512 3030
0.601512 3029
0.601512 3028
0.601512 3027
0.601512 3026
0.601427 3025
0.601427 3024
0.601427 3023
0.601427 3022
0.601427 3021
0.601427 3020
0.601427 3019
0.601427 3018
0.601427 3017
0.601427 3016
0.601427 3015
0.601427 3014
0.601427 3013
0.601422 3012
0.601422 3011
0.601422 3010
0.601422 3009
0.601422 3008
0.601422 3007
0.601422 3006
0.601422 3005
0.601422 3004
0.601403 3003
0.601403 3002
0.601403 3001
0.601403 3000
0.601403 2999
0.601403 2998
0.601403 2997
0.601403 2996
0.601403 2995
0.601403 2994
0.601403 2993
0.601403 2992
0.601403 2991
0.601403 2990
0.601403 2989
0.601403 2988
0.601403 2987
0.601403 2986
0.601403 2985
0.601403 2984
0.601403 2983
0.601403 2982
0.601312 2981
0.601312 2980
0.601312 2979
0.601312 2978
0.601256 2977
0.601256 2976
0.601256 2975
0.601256 2974
0.601256 2973
0.601256 2972
0.601256 2971
0.601256 2970
0.601256 2969
0.601256 2968
0.601256 2967
0.601256 2966
0.601256 2965
0.601256 2964
0.601256 2963
0.601256 2962
0.601256 2961
0.601256 2960
0.601256 2959
0.601225 2958
0.601225 2957
0.601225 2956
0.601225 2955
0.601225 2954
0.601225 2953
0.601225 2952
0.601225 2951
0.601225 2950
0.601225 2949
0.601225 2948
0.601225 2947
0.601225 2946
0.601225 2945
0.601225 2944
0.601225 2943
0.601225 2942
0.601225 2941
0.601225 2940
0.601225 2939
0.601225 2938
0.601225 2937
0.601225 2936
0.601225 2935
0.601225 2934
0.601225 2933
0.601225 2932
0.601225 2931
0.601225 2930
0.601225 2929
0.601225 2928
0.601225 2927
0.601225 2926
0.601135 2925
0.601135 2924
0.601135 2923
0.601135 2922
0.601135 2921
0.601135 2920
0.601113 2919
0.601113 2918
0.601113 2917
0.601113 2916
0.601113 2915
0.601092 2914
0.601092 2913
0.601092 2912
0.601092 2911
0.601092 2910
0.601092 2909
0.601092 2908
0.601092 2907
0.601092 2906
0.601092 2905
0.601092 2904
0.601092 2903
0.601092 2902
0.601092 2901
0.601089 2900
0.601026 2899
0.601026 2898
0.601026 2897
0.601026 2896
0.601026 2895
0.601026 2894
0.601026 2893
0.601026 2892
0.601026 2891
0.601026 2890
0.600979 2889
0.600979 2888
0.600979 2887
0.600979 2886
0.600979 2885
0.600979 2884
0.600979 2883
0.600979 2882
0.600979 2881
0.600979 2880
0.600979 2879
0.600979 2878
0.600979 2877
0.600979 2876
0.600979 2875
0.600979 2874
0.600979 2873
0.600979 2872
0.600979 2871
0.600979 2870
0.600979 2869
0.600979 2868
0.600979 2867
0.600979 2866
0.600979 2865
0.600979 2864
0.600979 2863
0.600979 2862
0.600979 2861
0.600979 2860
0.600979 2859
0.600979 2858
0.600979 2857
0.600979 2856
0.600979 2855
0.600979 2854
0.600979 2853
0.600979 2852
0.600905 2851
0.600899 2850
0.600899 2849
0.600899 2848
0.600899 2847
0.600899 2846
0.600899 2845
0.600899 2844
0.600899 2843
0.600881 2842
0.600881 2841
0.600881 2840
0.600881 2839
0.600868 2838
0.600868 2837
0.600868 2836
0.600868 2835
0.600868 2834
0.600856 2833
0.600856 2832
0.600856 2831
0.600856 2830
0.600856 2829
0.600856 2828
0.600856 2827
0.600856 2826
0.600846 2825
0.600846 2824
0.600846 2823
0.60082 2822
0.600817 2821
0.600817 2820
0.600817 2819
0.600817 2818
0.600817 2817
0.600722 2816
0.600722 2815
0.600722 2814
0.600722 2813
0.600722 2812
0.600722 2811
0.600722 2810
0.600722 2809
0.600722 2808
0.600722 2807
0.600722 2806
0.600722 2805
0.600722 2804
0.600707 2803
0.600707 2802
0.600674 2801
0.600674 2800
0.600613 2799
0.600613 2798
0.600593 2797
0.600593 2796
0.600593 2795
0.600593 2794
0.600593 2793
0.600593 2792
0.600593 2791
0.600593 2790
0.600593 2789
0.600593 2788
0.600593 2787
0.600593 2786
0.600593 2785
0.600593 2784
0.600535 2783
0.600535 2782
0.600535 2781
0.600535 2780
0.600535 2779
0.600489 2778
0.600489 2777
0.600489 2776
0.600489 2775
0.600489 2774
0.600489 2773
0.600489 2772
0.600489 2771
0.600489 2770
0.600489 2769
0.600489 2768
0.600489 2767
0.600489 2766
0.600489 2765
0.600476 2764
0.600476 2763
0.600476 2762
0.600465 2761
0.600465 2760
0.600465 2759
0.600465 2758
0.600465 2757
0.600465 2756
0.600368 2756
0.600368 2755
0.600368 2754
0.600347 2753
0.600347 2752
0.600347 2751
0.600347 2750
0.600347 2749
0.600267 2748
0.600267 2747
0.600267 2746
0.600267 2745
0.600267 2744
0.600267 2743
0.600267 2742
0.600267 2741
0.600267 2740
0.600267 2739
0.600267 2738
0.600267 2737
0.600267 2736
0.600267 2735
0.600267 2734
0.600267 2733
0.600267 2732
0.600267 2731
0.600267 2730
0.600267 2729
0.600246 2728
0.600246 2727
0.600246 2726
0.600246 2725
0.600246 2724
0.600246 2723
0.600246 2722
0.600149 2721
0.600062 2720
0.600062 2719
0.600062 2718
0.600062 2717
0.600062 2716
0.600062 2715
0.600062 2714
0.600062 2713
0.600062 2712
0.600062 2711
0.600062 2710
0.600062 2709
0.600062 2708
0.600062 2707
0.600062 2706
0.600062 2705
0.599977 2704
0.599977 2703
0.599977 2702
0.599977 2701
0.599977 2700
0.599977 2699
0.599977 2698
0.599977 2697
0.599977 2696
0.599977 2695
0.599977 2694
0.599977 2693
0.599977 2692
0.599977 2691
0.599977 2690
0.599977 2689
0.599977 2688
0.59997 2687
0.599892 2686
0.599892 2685
0.599892 2684
0.599892 2683
0.599892 2682
0.599892 2681
0.599892 2680
0.599892 2679
0.599892 2678
0.599892 2677
0.599892 2676
0.599892 2675
0.599892 2674
0.599892 2673
0.599892 2672
0.599892 2671
0.599892 2670
0.599892 2669
0.599877 2668
0.599877 2667
0.599877 2666
0.599877 2665
0.599877 2664
0.599877 2663
0.599877 2662
0.599877 2661
0.599877 2660
0.599877 2659
0.599877 2658
0.599844 2657
0.599844 2656
0.599844 2655
0.599844 2654
0.599844 2653
0.599844 2652
0.599844 2651
0.599844 2650
0.599844 2649
0.599844 2648
0.599844 2647
0.599844 2646
0.599836 2645
0.599836 2644
0.599842 2644
0.599842 2643
0.599842 2642
0.599842 2641
0.599842 2640
0.599842 2639
0.599842 2638
0.599842 2637
0.599842 2636
0.599842 2635
0.599842 2634
0.599842 2633
0.599842 2632
0.599842 2631
0.599842 2630
0.599842 2629
0.599842 2628
0.599842 2627
0.599842 2626
0.599842 2625
0.599842 2624
0.599842 2623
0.599842 2622
0.599829 2621
0.599829 2620
0.599829 2619
0.599829 2618
0.599829 2617
0.599829 2616
0.599829 2615
0.599829 2614
0.599829 2613
0.599829 2612
0.599829 2611
0.599829 2610
0.599829 2609
0.599829 2608
0.599829 2607
0.599829 2606
0.599829 2605
0.599829 2604
0.599829 2603
0.599829 2602
0.599829 2601
0.599829 2600
0.599829 2599
0.599829 2598
0.599829 2597
0.599829 2596
0.599829 2595
0.599829 2594
0.599829 2593
0.599829 2592
0.599829 2591
0.599829 2590
0.599829 2589
0.599829 2588
0.599829 2587
0.599829 2586
0.599829 2585
0.599829 2584
0.599829 2583
0.599829 2582
0.599829 2581
0.599829 2580
0.599829 2579
0.599829 2578
0.599829 2577
0.599829 2576
0.599829 2575
0.599829 2574
0.599829 2573
0.599829 2572
0.599829 2571
0.599829 2570
0.599829 2569
0.599829 2568
0.599829 2567
0.599829 2566
0.599829 2565
0.599829 2564
0.599829 2563
0.599829 2562
0.599829 2561
0.599829 2560
0.599777 2559
0.599777 2558
0.599739 2557
0.599739 2556
0.599739 2555
0.599739 2554
0.599739 2553
0.599739 2552
0.599739 2551
0.599739 2550
0.599731 2549
0.599731 2548
0.599731 2547
0.599731 2546
0.599731 2545
0.599731 2544
0.599663 2543
0.599663 2542
0.599663 2541
0.599663 2540
0.599663 2539
0.599663 2538
0.599663 2537
0.599663 2536
0.599663 2535
0.599663 2534
0.599663 2533
0.599663 2532
0.599663 2531
0.599663 2530
0.599663 2529
0.599663 2528
0.599663 2527
0.599663 2526
0.599663 2525
0.599663 2524
0.599663 2523
0.599663 2522
0.599656 2521
0.599656 2520
0.599656 2519
0.599656 2518
0.599656 2517
0.599656 2516
0.599656 2515
0.599656 2514
0.599656 2513
0.599656 2512
0.599623 2511
0.599591 2510
0.599591 2509
0.599591 2508
0.599591 2507
0.599591 2506
0.599591 2505
0.599591 2504
0.599591 2503
0.599591 2502
0.599591 2501
0.599541 2500
0.599541 2499
0.599541 2498
0.599541 2497
0.599541 2496
0.599541 2495
0.599541 2494
0.599541 2493
0.599541 2492
0.599541 2491
0.599541 2490
0.599541 2489
0.599541 2488
0.599541 2487
0.599541 2486
0.599541 2485
0.599541 2484
0.599541 2483
0.599541 2482
0.599541 2481
0.599541 2480
0.599541 2479
0.599541 2478
0.599522 2477
0.599522 2476
0.599522 2475
0.599522 2474
0.599386 2474
0.599337 2473
0.599337 2472
0.599337 2471
0.599337 2470
0.599337 2469
0.599337 2468
0.599291 2467
0.599291 2466
0.599291 2465
0.599291 2464
0.599291 2463
0.599291 2462
0.599291 2461
0.599291 2460
0.599291 2459
0.599291 2458
0.599291 2457
0.599291 2456
0.599291 2455
0.599291 2454
0.599291 2453
0.599291 2452
0.599291 2451
0.599279 2450
0.599279 2449
0.599279 2448
0.599279 2447
0.599279 2446
0.599279 2445
0.599279 2444
0.599279 2443
0.599279 2442
0.599279 2441
0.599279 2440
0.599141 2440
0.599089 2439
0.599089 2438
0.599089 2437
0.599089 2436
0.599089 2435
0.599089 2434
0.599089 2433
0.599089 2432
0.599089 2431
0.599089 2430
0.599089 2429
0.599015 2428
0.598959 2427
0.598887 2426
0.598887 2425
0.598887 2424
0.598887 2423
0.598887 2422
0.598887 2421
0.598855 2420
0.598855 2419
0.598855 2418
0.598855 2417
0.598855 2416
0.598855 2415
0.598799 2414
0.598799 2413
0.598676 2413
0.598676 2412
0.598676 2411
0.598676 2410
0.598676 2409
0.598676 2408
0.598676 2407
0.598676 2406
0.598676 2404
0.598676 2403
0.598676 2402
0.598676 2401
0.598676 2400
0.598676 2399
0.598676 2398
0.598676 2397
0.598676 2396
0.598676 2395
0.598676 2394
0.598676 2393
0.598653 2392
0.598653 2391
0.598653 2390
0.598653 2389
0.598653 2388
0.598653 2387
0.598653 2386
0.598653 2385
0.598653 2384
0.598527 2384
0.598527 2383
0.598527 2382
0.598508 2381
0.598508 2380
0.598508 2379
0.598508 2378
0.598468 2377
0.598468 2376
0.598468 2375
0.598468 2374
0.598418 2373
0.598418 2372
0.598418 2371
0.598418 2370
0.598418 2369
0.598418 2368
0.598418 2367
0.598418 2366
0.598418 2365
0.598413 2364
0.598413 2363
0.598413 2362
0.598413 2361
0.598413 2360
0.598413 2359
0.598413 2358
0.598413 2357
0.598413 2356
0.598413 2355
0.598413 2354
0.598413 2353
0.598413 2352
0.598413 2351
0.598413 2350
0.598413 2349
0.598413 2348
0.598316 2348
0.598316 2347
0.598316 2346
0.598316 2345
0.598316 2344
0.598316 2343
0.598316 2342
0.598316 2341
0.598335 2340
0.598335 2339
0.598306 2338
0.59829 2337
0.598154 2337
0.598154 2336
0.598127 2335
0.598127 2334
0.598127 2333
0.598127 2332
0.598127 2331
0.598127 2330
0.598127 2329
0.598127 2328
0.598127 2327
0.598127 2326
0.598127 2325
0.598127 2324
0.598127 2323
0.598127 2322
0.598127 2321
0.598116 2320
0.598116 2319
0.598116 2318
0.598116 2317
0.598116 2316
0.598103 2315
0.598103 2314
0.598103 2313
0.598103 2312
0.598103 2311
0.598103 2310
0.598103 2309
0.598103 2308
0.598103 2307
0.598103 2306
0.598103 2305
0.598103 2304
0.598103 2303
0.597963 2303
0.597963 2302
0.597963 2301
0.597963 2300
0.597963 2299
0.597963 2298
0.597963 2297
0.597963 2296
0.597963 2295
0.597963 2294
0.597963 2293
0.597963 2292
0.597963 2291
0.597963 2290
0.597963 2289
0.597963 2288
0.597963 2287
0.597963 2286
0.597963 2285
0.597963 2284
0.597963 2283
0.597963 2282
0.597963 2281
0.597963 2280
0.597963 2279
0.597963 2278
0.597963 2277
0.597963 2276
0.597963 2275
0.597963 2274
0.597963 2273
0.597963 2272
0.597962 2271
0.597962 2270
0.597962 2269
0.597962 2268
0.597962 2267
0.597962 2266
0.597962 2265
0.597962 2264
0.597962 2263
0.597962 2262
0.597949 2261
0.597949 2260
0.597949 2259
0.597949 2258
0.597949 2257
0.597949 2256
0.597949 2255
0.597813 2255
0.597813 2254
0.597813 2253
0.597813 2252
0.597813 2251
0.597813 2250
0.597813 2249
0.597813 2248
0.597813 2247
0.597706 2247
0.597706 2246
0.597706 2245
0.597706 2244
0.597706 2243
0.597706 2242
0.597706 2241
0.597706 2240
0.597706 2239
0.597706 2238
0.597706 2237
0.597706 2236
0.597706 2235
0.597706 2234
0.597706 2233
0.597696 2232
0.597696 2231
0.597696 2230
0.597696 2229
0.597696 2228
0.597696 2227
0.597696 2226
0.597696 2225
0.597696 2224
0.597696 2223
0.597696 2222
0.597696 2221
0.597696 2220
0.597696 2219
0.597683 2218
0.597683 2217
0.597592 2216
0.597592 2215
0.597592 2214
0.597592 2213
0.597592 2212
0.597592 2211
0.597592 2210
0.597592 2209
0.597592 2208
0.597592 2207
0.597592 2206
0.597592 2205
0.597592 2204
0.597592 2203
0.597592 2202
0.597592 2201
0.597592 2200
0.597592 2199
0.597592 2198
0.597592 2197
0.597592 2196
0.597592 2195
0.597592 2194
0.597573 2193
0.597573 2192
0.597573 2191
0.597573 2190
0.597573 2189
0.597573 2188
0.597573 2187
0.597573 2186
0.597573 2185
0.597467 2185
0.597467 2184
0.597467 2183
0.597467 2182
0.597401 2181
0.597401 2180
0.597401 2179
0.597401 2178
0.597401 2177
0.597401 2176
0.597401 2175
0.597401 2174
0.597348 2173
0.597348 2172
0.597348 2171
0.597348 2170
0.597348 2169
0.59733 2168
0.59733 2167
0.59733 2166
0.59733 2165
0.59733 2164
0.597319 2163
0.597319 2162
0.597319 2161
0.597319 2160
0.597319 2159
0.597319 2158
0.597319 2157
0.597319 2156
0.597319 2155
0.597319 2154
0.597221 2154
0.597221 2153
0.597221 2152
0.597221 2151
0.597221 2150
0.597221 2149
0.597221 2148
0.597221 2147
0.59721 2146
0.59721 2145
0.59721 2144
0.59721 2143
0.59721 2142
0.59721 2141
0.59721 2140
0.59721 2139
0.59721 2138
0.59721 2137
0.597188 2136
0.597188 2135
0.597188 2134
0.597188 2133
0.597188 2132
0.597188 2131
0.597188 2130
0.597188 2129
0.597188 2128
0.597188 2127
0.597188 2126
0.597188 2125
0.597188 2124
0.597188 2123
0.597188 2122
0.597068 2122
0.597068 2121
0.597068 2120
0.597068 2119
0.597068 2118
0.597068 2117
0.597068 2116
0.597068 2115
0.597068 2114
0.597068 2113
0.596998 2112
0.596998 2111
0.596998 2110
0.596998 2109
0.596998 2108
0.596998 2107
0.596998 2106
0.596998 2105
0.596998 2104
0.596998 2103
0.596998 2102
0.596998 2101
0.596966 2100
0.596966 2099
0.596966 2098
0.596962 2097
0.596962 2096
0.596962 2095
0.596962 2094
0.596962 2093
0.596962 2092
0.596962 2091
0.596962 2090
0.596962 2089
0.596949 2088
0.596949 2087
0.596949 2086
0.596949 2085
0.596949 2084
0.596949 2083
0.596949 2082
0.596949 2081
0.596949 2080
0.596945 2079
0.596945 2078
0.596945 2077
0.596945 2076
0.596843 2076
0.596843 2075
0.596843 2074
0.596843 2073
0.596843 2072
0.596843 2071
0.596843 2070
0.596843 2069
0.596843 2068
0.596843 2067
0.596843 2066
0.596843 2065
0.596843 2064
0.596824 2063
0.596734 2062
0.596734 2061
0.596734 2060
0.596734 2059
0.596734 2058
0.596734 2057
0.596734 2056
0.596734 2055
0.596734 2054
0.596734 2053
0.596734 2052
0.596734 2051
0.596734 2050
0.596734 2049
0.596734 2048
0.596734 2047
0.596734 2046
0.596734 2045
0.596734 2044
0.596657 2043
0.596657 2042
0.596657 2041
0.596562 2040
0.596562 2039
0.596562 2038
0.596562 2037
0.596562 2036
0.596562 2035
0.596562 2034
0.596562 2033
0.596562 2032
0.596562 2031
0.596562 2030
0.596555 2029
0.596437 2029
0.596321 2029
0.596321 2028
0.59619 2028
0.59619 2027
0.59619 2026
0.59619 2025
0.59619 2024
0.59619 2023
0.59619 2022
0.59619 2021
0.59619 2020
0.59619 2019
0.59619 2018
0.59619 2017
0.59619 2016
0.59619 2015
0.596084 2015
0.596084 2014
0.596084 2013
0.596084 2012
0.59596 2012
0.595917 2011
0.595917 2010
0.595917 2009
0.595878 2008
0.595878 2007
0.595878 2006
0.595878 2005
0.595878 2004
0.595878 2003
0.595878 2002
0.595878 2001
0.595878 2000
0.595878 1999
0.595878 1998
0.595878 1997
0.595878 1996
0.595878 1995
0.595878 1994
0.595878 1993
0.595878 1992
0.595878 1991
0.595878 1990
0.595878 1989
0.595878 1988
0.595878 1987
0.595878 1986
0.595878 1985
0.595878 1984
0.595878 1983
0.595878 1982
0.595791 1981
0.595791 1980
0.595791 1979
0.595791 1978
0.595791 1977
0.595791 1976
0.595791 1975
0.595791 1974
0.595791 1973
0.595791 1972
0.595791 1971
0.595791 1970
0.595791 1969
0.595791 1968
0.595791 1967
0.595754 1966
0.595754 1965
0.595743 1964
0.595743 1963
0.595743 1962
0.595743 1961
0.595743 1960
0.595743 1959
0.595743 1958
0.595743 1957
0.595743 1956
0.595645 1956
0.595645 1955
0.595643 1954
0.595643 1953
0.595643 1952
0.595643 1951
0.595643 1950
0.595643 1949
0.595643 1948
0.595643 1947
0.595643 1946
0.595643 1945
0.595643 1944
0.595643 1943
0.595643 1942
0.595643 1941
0.595643 1940
0.595642 1939
0.595642 1938
0.595642 1937
0.595642 1936
0.595642 1935
0.595642 1934
0.595641 1933
0.595641 1932
0.595641 1931
0.595641 1930
0.595641 1929
0.595641 1928
0.595641 1927
0.595484 1927
0.595484 1926
0.595484 1925
0.595484 1924
0.595484 1923
0.595484 1922
0.595482 1921
0.595384 1921
0.595384 1920
0.595384 1919
0.595384 1918
0.595384 1917
0.595384 1916
0.595384 1915
0.595384 1914
0.595384 1913
0.595384 1912
0.595384 1911
0.595384 1910
0.595384 1909
0.595384 1908
0.595379 1907
0.595348 1906
0.595348 1905
0.595348 1904
0.595348 1903
0.595348 1902
0.595348 1901
0.595348 1900
0.595348 1899
0.595348 1898
0.595348 1897
0.595348 1896
0.595348 1895
0.595348 1894
0.595348 1893
0.595348 1892
0.595348 1891
0.595348 1890
0.595348 1889
0.595348 1888
0.595348 1887
0.595348 1886
0.595348 1885
0.595348 1884
0.595348 1883
0.595269 1882
0.595269 1881
0.595269 1880
0.595269 1879
0.595269 1878
0.595269 1877
0.595263 1876
0.595263 1875
0.595263 1874
0.595263 1873
0.595108 1873
0.595108 1872
0.595108 1871
0.595108 1870
0.595108 1869
0.595108 1868
0.595108 1867
0.595108 1866
0.5951 1865
0.5951 1864
0.5951 1863
0.59509 1862
0.59509 1861
0.59509 1860
0.59509 1859
0.595073 1858
0.595073 1857
0.595073 1856
0.595073 1855
0.595073 1854
0.595073 1853
0.595073 1852
0.595045 1851
0.595045 1850
0.595045 1849
0.595045 1848
0.595045 1847
0.595045 1846
0.595045 1845
0.595045 1844
0.595045 1843
0.595038 1842
0.595038 1841
0.595038 1840
0.595038 1839
0.595038 1838
0.595038 1837
0.595038 1836
0.595038 1835
0.595029 1834
0.595023 1832
0.595023 1831
0.59497 1830
0.59497 1829
0.59497 1828
0.594829 1828
0.594829 1827
0.594829 1826
0.594829 1825
0.594829 1824
0.594829 1823
0.594829 1822
0.594829 1821
0.594829 1820
0.594829 1819
0.594829 1818
0.594811 1817
0.594811 1816
0.594811 1815
0.594811 1814
0.594811 1813
0.594811 1812
0.594811 1811
0.594811 1810
0.594811 1809
0.594811 1808
0.594811 1807
0.594811 1806
0.594811 1805
0.594811 1804
0.594779 1803
0.594779 1802
0.594779 1801
0.594779 1800
0.594779 1799
0.594779 1798
0.594779 1797
0.594779 1796
0.594779 1795
0.594779 1794
0.594779 1793
0.594779 1792
0.594779 1791
0.594765 1790
0.594765 1789
0.594765 1788
0.594765 1787
0.594765 1786
0.594765 1785
0.594765 1784
0.594614 1784
0.594614 1783
0.594614 1782
0.594614 1781
0.594614 1780
0.594614 1779
0.594614 1778
0.594614 1777
0.594614 1776
0.594614 1775
0.594614 1774
0.59459 1773
0.59459 1772
0.59459 1771
0.59459 1770
0.59459 1769
0.59459 1768
0.59459 1767
0.59459 1766
0.59459 1765
0.59459 1764
0.59459 1763
0.594571 1762
0.594571 1761
0.594571 1760
0.594571 1759
0.594571 1758
0.594437 1758
0.594437 1757
0.594437 1756
0.594437 1754
0.594437 1753
0.594437 1752
0.594437 1751
0.594437 1750
0.594308 1750
0.594308 1749
0.594308 1748
0.594308 1747
0.594308 1746
0.594308 1745
0.594308 1744
0.594254 1743
0.594254 1742
0.594254 1741
0.594243 1740
0.594243 1739
0.594243 1738
0.594243 1737
0.594243 1736
0.594243 1735
0.594243 1734
0.594243 1733
0.594243 1732
0.594243 1731
0.594243 1730
0.594243 1729
0.59424 1728
0.59424 1727
0.59424 1726
0.59424 1725
0.59424 1724
0.59424 1723
0.59424 1722
0.59424 1721
0.594188 1720
0.594188 1719
0.594188 1718
0.594188 1717
0.594188 1716
0.594188 1715
0.594188 1714
0.594188 1713
0.594188 1712
0.594188 1711
0.594188 1710
0.594188 1709
0.594077 1709
0.594077 1708
0.594077 1707
0.594001 1706
0.593939 1705
0.593939 1704
0.593939 1703
0.593939 1702
0.593939 1701
0.593797 1701
0.593779 1700
0.593779 1699
0.593779 1698
0.593779 1697
0.593779 1696
0.593779 1695
0.593779 1694
0.593779 1693
0.593779 1692
0.593779 1691
0.593779 1690
0.593779 1689
0.593688 1688
0.593639 1687
0.593639 1686
0.593639 1685
0.593639 1684
0.593639 1683
0.593639 1682
0.593639 1681
0.593639 1680
0.593639 1679
0.593639 1678
0.593639 1677
0.593639 1676
0.593639 1675
0.593639 1674
0.593639 1673
0.593617 1672
0.593522 1671
0.593522 1670
0.593522 1669
0.593522 1668
0.593522 1667
0.593522 1666
0.593522 1665
0.593522 1664
0.593522 1663
0.593522 1662
0.593522 1661
0.593522 1660
0.593522 1659
0.593522 1658
0.593522 1657
0.593522 1656
0.593522 1655
0.593522 1654
0.593436 1653
0.593436 1652
0.593436 1651
0.593436 1650
0.593436 1649
0.593436 1648
0.593436 1647
0.593436 1646
0.593436 1645
0.593436 1644
0.593436 1643
0.593436 1642
0.593435 1641
0.593435 1640
0.593435 1639
0.593435 1638
0.593435 1637
0.593435 1636
0.593435 1635
0.593435 1634
0.593435 1633
0.593435 1632
0.593435 1631
0.593378 1630
0.593378 1629
0.593378 1628
0.593378 1627
0.593378 1626
0.593378 1625
0.593378 1624
0.593378 1623
0.593378 1622
0.593378 1621
0.593378 1620
0.593378 1619
0.593378 1618
0.593265 1618
0.593265 1617
0.593265 1616
0.593265 1615
0.593265 1614
0.593265 1613
0.593265 1612
0.593265 1611
0.593265 1610
0.593265 1609
0.593265 1608
0.593265 1607
0.593265 1606
0.593265 1605
0.593265 1604
0.593265 1603
0.593265 1602
0.593265 1601
0.593265 1600
0.593254 1599
0.593254 1598
0.593254 1597
0.593254 1596
0.593254 1595
0.593254 1594
0.593222 1593
0.593222 1592
0.593222 1591
0.593222 1590
0.593222 1589
0.593222 1588
0.593222 1587
0.593222 1586
0.593089 1586
0.593089 1585
0.593089 1584
0.593089 1583
0.593089 1582
0.593089 1581
0.593089 1580
0.593075 1579
0.593075 1578
0.593075 1577
0.593075 1576
0.593075 1575
0.593075 1574
0.593075 1573
0.593075 1572
0.593075 1571
0.593075 1570
0.593075 1569
0.592949 1569
0.592949 1568
0.592949 1567
0.592949 1566
0.592949 1565
0.592949 1564
0.592949 1563
0.592949 1562
0.592949 1561
0.592949 1560
0.592949 1559
0.592949 1558
0.592949 1557
0.592949 1556
0.592949 1555
0.592949 1554
0.592949 1553
0.592949 1552
0.592949 1551
0.592949 1550
0.592948 1549
0.592948 1548
0.592948 1547
0.592948 1546
0.592948 1545
0.592948 1544
0.592948 1543
0.592948 1542
0.592948 1541
0.592948 1540
0.592948 1539
0.592948 1538
0.592948 1537
0.59284 1537
0.59284 1536
0.59284 1535
0.5927 1535
0.5927 1534
0.5927 1533
0.5927 1532
0.5927 1531
0.592655 1530
0.592546 1530
0.592546 1529
0.592546 1528
0.592546 1527
0.592546 1526
0.59248 1525
0.59248 1524
0.59248 1523
0.592399 1522
0.592374 1521
0.592374 1520
0.592374 1519
0.592374 1518
0.592374 1517
0.592374 1516
0.592374 1515
0.592374 1514
0.592374 1513
0.592243 1513
0.592243 1512
0.592098 1512
0.592098 1511
0.592098 1510
0.592098 1509
0.592098 1508
0.592098 1507
0.592098 1506
0.592098 1505
0.592098 1504
0.592098 1503
0.592098 1502
0.592098 1501
0.592098 1500
0.592098 1499
0.592098 1498
0.592098 1497
0.592098 1496
0.592098 1495
0.592098 1494
0.592098 1493
0.592098 1492
0.592098 1491
0.592098 1490
0.592098 1489
0.592098 1488
0.592098 1487
0.592098 1485
0.592098 1484
0.592098 1483
0.592098 1482
0.592098 1481
0.592098 1480
0.592098 1479
0.592098 1478
0.592098 1477
0.592092 1476
0.592018 1475
0.592018 1474
0.592018 1473
0.592018 1472
0.592018 1471
0.591929 1470
0.591929 1469
0.591929 1468
0.591929 1467
0.591929 1466
0.591929 1465
0.591929 1464
0.591929 1463
0.591929 1462
0.591929 1461
0.591929 1460
0.591929 1459
0.591929 1458
0.591929 1457
0.591929 1456
0.591929 1455
0.591929 1454
0.591923 1453
0.591923 1452
0.591923 1451
0.591923 1450
0.591878 1449
0.591878 1448
0.591852 1447
0.591852 1446
0.591852 1445
0.591852 1444
0.591852 1443
0.591837 1442
0.591837 1441
0.591837 1440
0.591837 1439
0.591837 1438
0.591837 1437
0.591829 1436
0.591766 1435
0.591766 1434
0.591766 1433
0.591766 1432
0.591766 1431
0.591766 1430
0.591766 1429
0.591766 1428
0.591741 1427
0.591741 1426
0.591741 1425
0.591741 1424
0.591741 1423
0.591741 1421
0.591741 1420
0.591741 1419
0.591741 1418
0.591741 1417
0.591741 1416
0.591741 1415
0.591741 1414
0.591741 1413
0.591643 1413
0.591643 1412
0.591643 1411
0.591643 1410
0.591643 1409
0.591643 1408
0.591643 1407
0.591643 1406
0.591643 1405
0.591643 1404
0.591643 1403
0.591643 1402
0.591643 1401
0.591643 1400
0.591643 1399
0.591643 1398
0.591643 1397
0.591643 1396
0.591643 1395
0.591519 1395
0.591519 1394
0.591519 1393
0.591519 1392
0.591519 1391
0.591519 1390
0.591519 1389
0.591519 1388
0.591519 1387
0.591519 1386
0.591519 1385
0.591519 1384
0.591519 1383
0.591519 1382
0.591488 1381
0.591488 1380
0.591488 1379
0.591475 1378
0.591475 1377
0.591475 1376
0.591475 1375
0.591475 1374
0.591475 1373
0.591475 1372
0.591475 1371
0.59135 1371
0.59135 1370
0.59135 1369
0.591234 1369
0.591227 1368
0.591074 1368
0.591074 1367
0.590972 1367
0.590972 1366
0.590972 1365
0.59084 1365
0.59084 1364
0.59084 1363
0.59084 1362
0.59084 1361
0.590696 1361
0.590696 1360
0.590696 1359
0.590696 1358
0.590696 1357
0.590689 1356
0.590689 1355
0.590689 1354
0.590689 1353
0.590555 1353
0.590455 1353
0.590455 1352
0.590455 1351
0.590455 1350
0.590455 1349
0.590435 1348
0.590435 1347
0.590295 1347
0.590295 1346
0.590295 1345
0.590295 1344
0.590295 1343
0.590295 1342
0.590295 1341
0.590295 1340
0.590188 1340
0.590147 1339
0.590147 1338
0.590147 1337
0.590147 1336
0.590147 1335
0.590147 1334
0.590017 1334
0.590017 1333
0.590017 1332
0.590005 1331
0.590005 1330
0.590005 1329
0.590005 1328
0.590005 1327
0.590005 1326
0.590005 1325
0.590005 1324
0.590005 1323
0.590005 1322
0.590005 1321
0.590005 1320
0.590005 1319
0.590005 1318
0.589982 1317
0.589982 1316
0.589982 1315
0.589982 1314
0.589968 1313
0.589968 1312
0.589968 1311
0.589968 1310
0.58991 1309
0.58991 1308
0.58991 1307
0.58991 1306
0.58991 1305
0.58991 1304
0.58991 1303
0.58991 1302
0.58991 1301
0.58991 1300
0.58991 1299
0.58991 1298
0.58991 1297
0.58991 1296
0.58991 1295
0.58991 1294
0.58991 1293
0.58991 1292
0.589841 1291
0.589841 1290
0.589841 1289
0.589746 1288
0.589746 1287
0.589746 1286
0.589662 1285
0.589662 1284
0.589662 1283
0.589662 1282
0.589636 1281
0.589636 1280
0.589636 1279
0.589622 1278
0.589622 1277
0.589622 1276
0.589622 1275
0.58954 1274
0.58954 1273
0.58954 1272
0.58954 1271
0.58954 1270
0.58954 1269
0.58954 1268
0.58954 1267
0.58954 1266
0.58954 1265
0.58954 1264
0.58954 1263
0.58954 1262
0.58954 1261
0.58954 1260
0.58954 1259
0.58954 1258
0.58954 1257
0.58954 1256
0.589492 1255
0.589492 1254
0.589492 1253
0.589492 1252
0.589329 1252
0.589234 1251
0.589234 1250
0.589234 1249
0.589234 1248
0.589234 1247
0.589234 1246
0.589234 1245
0.589234 1244
0.589234 1243
0.589234 1242
0.589206 1241
0.589206 1240
0.589206 1239
0.589206 1238
0.589206 1237
0.589206 1236
0.589167 1235
0.589167 1234
0.58904 1234
0.58904 1233
0.58904 1232
0.58904 1231
0.58904 1230
0.58904 1229
0.588989 1228
0.588989 1227
0.588989 1226
0.588989 1225
0.588989 1224
0.588989 1223
0.588903 1222
0.588903 1221
0.588903 1220
0.588881 1219
0.588881 1218
0.588881 1217
0.588821 1216
0.588821 1215
0.588821 1214
0.588821 1213
0.588766 1212
0.588766 1211
0.588758 1210
0.588754 1209
0.588754 1208
0.588754 1207
0.588754 1206
0.588754 1205
0.588737 1204
0.588737 1203
0.588737 1202
0.58871 1201
0.58871 1200
0.58871 1199
0.588578 1199
0.588578 1198
0.588511 1197
0.588481 1196
0.588481 1195
0.588481 1194
0.588481 1193
0.588481 1192
0.588481 1191
0.588481 1190
0.588481 1189
0.588481 1188
0.588481 1187
0.588481 1186
0.588481 1185
0.588481 1184
0.588481 1183
0.588481 1182
0.588331 1182
0.588311 1181
0.588282 1180
0.588196 1179
0.588196 1178
0.588196 1177
0.588196 1176
0.588196 1175
0.588196 1174
0.588196 1173
0.588193 1172
0.588193 1171
0.588193 1170
0.588193 1169
0.588141 1168
0.588141 1167
0.588141 1166
0.588141 1165
0.588054 1164
0.588054 1163
0.588054 1162
0.588054 1161
0.588054 1160
0.588054 1159
0.588054 1158
0.588054 1157
0.588054 1156
0.588054 1155
0.588054 1154
0.588 1153
0.587963 1152
0.587963 1151
0.587963 1150
0.587963 1149
0.587963 1148
0.587963 1147
0.587963 1146
0.587963 1145
0.587963 1144
0.587949 1143
0.587949 1142
0.587949 1141
0.587949 1140
0.587949 1139
0.587949 1138
0.587949 1137
0.587949 1136
0.587949 1135
0.587949 1134
0.587949 1133
0.587949 1132
0.587949 1131
0.587949 1130
0.587949 1129
0.587942 1128
0.587942 1127
0.587942 1126
0.587942 1125
0.587942 1124
0.587942 1123
0.587921 1122
0.587921 1121
0.587921 1120
0.587921 1119
0.587921 1118
0.587921 1117
0.587921 1116
0.587828 1115
0.587828 1114
0.587775 1113
0.587775 1112
0.587634 1112
0.587634 1111
0.587634 1110
0.587592 1109
0.587592 1108
0.587592 1107
0.587592 1106
0.587592 1105
0.587592 1104
0.587592 1103
0.587592 1102
0.587592 1101
0.587548 1100
0.587548 1099
0.587548 1098
0.587548 1097
0.587548 1096
0.587548 1095
0.587548 1094
0.587521 1093
0.587521 1092
0.587521 1091
0.587521 1090
0.587417 1090
0.587417 1089
0.587319 1089
0.587319 1088
0.587319 1087
0.587319 1086
0.587319 1085
0.587319 1084
0.587319 1083
0.587286 1082
0.587286 1081
0.587286 1080
0.587265 1079
0.587265 1078
0.587265 1077
0.587265 1076
0.587265 1075
0.587265 1074
0.587265 1073
0.587265 1072
0.587265 1071
0.587265 1070
0.587265 1069
0.587265 1068
0.587252 1067
0.587252 1066
0.587131 1066
0.587131 1065
0.587131 1064
0.587131 1063
0.587131 1062
0.587089 1061
0.587089 1060
0.587089 1059
0.587089 1058
0.58708 1057
0.58708 1056
0.58708 1055
0.58708 1054
0.58708 1053
0.58708 1052
0.58708 1051
0.58708 1050
0.58708 1049
0.58708 1048
0.58708 1047
0.58708 1046
0.58695 1046
0.586915 1045
0.586915 1044
0.586842 1043
0.586842 1042
0.586842 1041
0.586842 1040
0.586842 1039
0.586842 1038
0.586763 1037
0.586763 1036
0.586763 1035
0.586763 1034
0.586763 1033
0.586763 1032
0.586763 1031
0.586636 1031
0.586636 1030
0.586636 1029
0.586636 1028
0.586636 1027
0.586636 1026
0.586636 1025
0.586636 1024
0.586636 1023
0.586636 1022
0.586636 1021
0.586636 1020
0.586636 1019
0.586636 1018
0.586563 1017
0.586563 1016
0.586563 1015
0.586563 1014
0.586563 1013
0.586563 1012
0.586563 1011
0.586563 1010
0.586563 1009
0.586563 1008
0.586563 1007
0.586563 1006
0.586563 1005
0.586563 1004
0.586544 1003
0.586542 1002
0.586542 1001
0.586409 1001
0.586409 1000
0.586409 999
0.586409 998
0.586409 997
0.586409 996
0.586409 995
0.586409 994
0.586409 993
0.586409 992
0.586409 991
0.586356 990
0.586237 990
0.586237 989
0.586193 988
0.586114 987
0.586114 986
0.586021 985
0.586021 984
0.586021 983
0.586021 982
0.586021 981
0.586021 980
0.586021 979
0.585976 978
0.585976 977
0.585976 976
0.585976 975
0.585858 975
0.585858 974
0.585858 973
0.585804 972
0.585804 971
0.585804 970
0.585804 969
0.585804 968
0.585804 967
0.585804 966
0.585804 965
0.585804 964
0.585684 964
0.585684 963
0.585684 962
0.585684 961
0.585684 960
0.585684 959
0.585684 958
0.585534 958
0.585534 957
0.585512 956
0.585512 955
0.585512 954
0.585512 953
0.585512 952
0.585512 951
0.585512 950
0.585512 949
0.585512 948
0.585512 947
0.585512 946
0.585512 945
0.585512 944
0.585409 944
0.585352 943
0.585352 942
0.585352 941
0.585352 940
0.585352 939
0.58525 939
0.58521 938
0.585164 937
0.585164 936
0.585164 935
0.585164 934
0.585164 933
0.585164 932
0.585164 931
0.585164 930
0.585164 929
0.585164 928
0.585164 927
0.585164 926
0.585053 926
0.585053 925
0.585053 924
0.585053 923
0.585053 922
0.585053 921
0.585053 920
0.585009 919
0.584997 918
0.584997 917
0.584997 916
0.584997 915
0.584997 914
0.584997 913
0.584847 913
0.584847 912
0.584847 911
0.584843 910
0.584843 909
0.584843 908
0.584767 907
0.584767 906
0.584657 906
0.584657 905
0.584657 904
0.584657 903
0.584657 902
0.584657 901
0.584657 900
0.584657 899
0.584657 898
0.584657 897
0.584657 896
0.584657 895
0.584589 894
0.584506 893
0.584506 892
0.584506 891
0.584506 890
0.584506 889
0.584358 889
0.584358 888
0.584358 887
0.584274 886
0.584274 885
0.584274 884
0.584177 884
0.584177 883
0.584177 882
0.584177 881
0.584177 880
0.584177 879
0.584177 878
0.584177 877
0.584177 876
0.58417 875
0.58417 874
0.58417 873
0.58417 872
0.58417 871
0.58417 870
0.58417 869
0.584132 868
0.584132 867
0.584112 866
0.584112 865
0.583928 863
0.583928 862
0.583816 862
0.583816 861
0.583816 860
0.583816 859
0.583681 859
0.583681 858
0.583681 857
0.583681 856
0.583681 855
0.583681 854
0.583681 853
0.583681 852
0.583681 851
0.583665 850
0.583665 849
0.583665 848
0.583665 847
0.583665 846
0.583644 845
0.583644 844
0.583644 843
0.583644 842
0.583616 842
0.583616 841
0.583616 840
0.583463 840
0.583359 840
0.583317 839
0.583185 839
0.583185 838
0.583185 837
0.583185 836
0.583185 835
0.583185 834
0.583185 833
0.583185 832
0.583133 831
0.583071 830
0.583071 829
0.583071 828
0.583071 827
0.583071 826
0.583071 825
0.583071 824
0.583071 823
0.583071 822
0.583071 821
0.583071 820
0.583071 819
0.583071 818
0.583071 817
0.583063 816
0.583063 815
0.583063 814
0.583063 813
0.583063 812
0.583063 811
0.583063 810
0.583063 809
0.583063 808
0.583063 807
0.583063 806
0.583063 805
0.583063 804
0.583063 803
0.583063 802
0.583063 801
0.583063 800
0.583063 799
0.583063 798
0.583063 797
0.583063 796
0.583063 795
0.583005 794
0.583005 793
0.583005 792
0.583005 791
0.583005 790
0.583005 789
0.583005 788
0.583005 787
0.583005 786
0.582859 786
0.582859 785
0.582859 784
0.582859 783
0.582799 782
0.582799 781
0.582799 780
0.582799 779
0.582758 778
0.582758 777
0.582758 776
0.582758 775
0.5826 775
0.582463 775
0.582463 774
0.582463 773
0.582463 772
0.582463 771
0.582463 770
0.582463 769
0.582463 768
0.582415 767
0.58235 766
0.58235 765
0.58235 764
0.58235 763
0.58235 762
0.582262 761
0.582262 760
0.582262 759
0.582262 758
0.582262 757
0.582262 756
0.582262 755
0.582262 754
0.582262 753
0.582262 752
0.582262 751
0.582262 750
0.582262 749
0.582262 748
0.582262 747
0.582262 746
0.582262 745
0.58225 744
0.58225 743
0.58225 742
0.58225 741
0.582127 741
0.582127 740
0.582127 739
0.582127 738
0.582127 737
0.582127 736
0.582127 735
0.582015 735
0.582015 734
0.582015 733
0.582015 732
0.581897 732
0.581897 731
0.581897 730
0.581897 729
0.581897 728
0.581897 727
0.581897 726
0.581897 725
0.581897 724
0.581897 723
0.581767 723
0.581767 722
0.581767 721
0.58168 720
0.58168 719
0.581585 718
0.581585 717
0.581585 716
0.581585 715
0.581585 714
0.581585 713
0.581585 712
0.581585 711
0.581585 710
0.581585 709
0.581584 708
0.581486 708
0.581486 707
0.581486 706
0.581486 705
0.581476 704
0.581476 703
0.581476 702
0.581476 701
0.581476 700
0.581476 699
0.581476 698
0.581476 697
0.581323 697
0.581323 696
0.581323 695
0.581323 694
0.581323 693
0.581323 692
0.581323 691
0.581269 690
0.581269 689
0.581269 688
0.581269 687
0.581269 686
0.581269 685
0.581269 684
0.581269 683
0.581269 682
0.581269 681
0.581269 680
0.581269 679
0.581156 679
0.581156 678
0.581156 677
0.581145 676
0.581145 675
0.581145 674
0.581064 673
0.581064 672
0.581064 671
0.581064 670
0.581064 669
0.581064 668
0.581064 667
0.581041 666
0.581041 665
0.581041 664
0.581041 663
0.581041 662
0.580958 661
0.580958 660
0.580933 659
0.580933 658
0.580933 657
0.580933 656
0.580839 655
0.580839 654
0.580839 653
0.580839 652
0.580839 651
0.580839 650
0.580839 649
0.580839 648
0.580839 647
0.580839 646
0.580839 645
0.580839 644
0.580839 643
0.580839 642
0.580839 641
0.580834 640
0.580834 639
0.580834 638
0.580834 637
0.580834 636
0.580834 635
0.580834 634
0.580834 633
0.580724 633
0.580724 632
0.580724 631
0.580724 630
0.580724 629
0.580724 628
0.580724 627
0.580651 626
0.580651 625
0.580651 624
0.580526 624
0.58048 623
0.58048 622
0.58048 621
0.58048 620
0.5804 619
0.5804 618
0.5804 617
0.5804 616
0.5804 615
0.580375 614
0.580375 613
0.580375 612
0.580375 611
0.580375 610
0.580375 609
0.580375 608
0.580375 607
0.580328 606
0.580328 605
0.580328 604
0.580328 603
0.580328 602
0.58032 601
0.58032 600
0.58032 599
0.58032 598
0.58032 597
0.58032 596
0.58032 595
0.580226 594
0.580226 593
0.580226 592
0.580226 591
0.58022 590
0.58022 589
0.580139 588
0.580139 587
0.58011 586
0.579982 586
0.579982 585
0.579982 584
0.579982 583
0.579982 582
0.579982 581
0.579955 580
0.579821 580
0.579821 579
0.579748 578
0.579748 577
0.57962 577
0.579527 576
0.579527 575
0.579527 574
0.579527 573
0.579481 572
0.579481 571
0.579474 570
0.579474 569
0.579474 568
0.57945 567
0.57945 566
0.57945 565
0.579342 565
0.579266 564
0.579266 563
0.579266 562
0.579266 561
0.579266 560
0.579192 559
0.579192 558
0.579192 557
0.579192 556
0.579192 555
0.579192 554
0.579192 553
0.579192 552
0.57918 551
0.57918 550
0.57918 549
0.57918 548
0.57918 547
0.57918 546
0.57918 545
0.57918 544
0.57918 543
0.57918 542
0.57918 541
0.579125 540
0.579125 539
0.579125 538
0.579125 537
0.579125 536
0.579125 535
0.579028 535
0.579028 534
0.579028 533
0.579028 532
0.579028 531
0.579011 530
0.579011 529
0.579011 528
0.579003 527
0.579003 526
0.578858 526
0.578703 526
0.578703 525
0.578703 524
0.578686 523
0.578677 522
0.578677 521
0.578614 520
0.578614 519
0.578614 518
0.578614 517
0.578614 516
0.578614 515
0.578614 514
0.578614 513
0.578614 512
0.578614 511
0.578569 510
0.578569 509
0.578418 509
0.578418 508
0.578418 507
0.578418 506
0.578418 505
0.578412 504
0.578412 503
0.578412 502
0.578412 501
0.578412 500
0.578412 499
0.578412 498
0.578412 497
0.578412 496
0.578412 495
0.578412 494
0.578412 493
0.578412 492
0.578412 491
0.578412 490
0.578412 489
0.5784 488
0.57827 488
0.57827 487
0.578212 486
0.578104 486
0.578006 486
0.578006 485
0.578006 484
0.578006 483
0.578006 482
0.578006 481
0.578006 480
0.578006 479
0.577915 478
0.577915 477
0.577862 476
0.577862 475
0.577862 474
0.577862 473
0.577862 472
0.577862 471
0.577862 470
0.577744 470
0.577744 469
0.577744 468
0.577744 467
0.577744 466
0.577744 465
0.577744 464
0.577744 463
0.577744 462
0.577744 461
0.577744 460
0.577744 459
0.577744 458
0.577698 457
0.577698 456
0.577698 455
0.577601 454
0.577601 453
0.577491 453
0.577491 452
0.577491 451
0.577388 451
0.577388 450
0.5773 449
0.5773 448
0.5773 447
0.5773 446
0.5773 445
0.5773 444
0.5773 443
0.577189 443
0.577189 442
0.577189 441
0.577189 440
0.577189 439
0.577049 439
0.577049 438
0.57695 438
0.57695 437
0.57695 436
0.57695 435
0.57695 434
0.57695 433
0.57695 432
0.57695 431
0.57684 431
0.57684 430
0.57684 429
0.57684 428
0.57684 427
0.576703 427
0.57658 427
0.57658 426
0.57658 425
0.57658 424
0.57658 423
0.576549 422
0.576549 421
0.57649 420
0.57649 419
0.576358 419
0.57621 419
0.57621 418
0.576066 418
0.576066 417
0.576019 416
0.575933 415
0.575933 414
0.575933 413
0.575933 412
0.575933 411
0.575933 410
0.575933 409
0.575883 408
0.575883 407
0.575755 407
0.575755 406
0.575755 405
0.575755 404
0.575631 404
0.575631 403
0.575631 402
0.575631 401
0.575593 400
0.575462 400
0.575462 399
0.575462 398
0.575462 397
0.575462 396
0.575462 395
0.575462 394
0.575462 393
0.575421 392
0.575421 391
0.575421 390
0.575421 389
0.575421 388
0.575421 387
0.575343 386
0.575343 385
0.575343 384
0.575343 383
0.575206 383
0.575094 383
0.575088 382
0.574955 382
0.57483 382
0.57477 381
0.57477 380
0.57477 379
0.57477 378
0.574689 377
0.574689 376
0.574689 375
0.574689 374
0.574689 373
0.574688 372
0.574564 372
0.574564 371
0.574498 370
0.57447 369
0.57447 368
0.57447 367
0.57447 366
0.57447 365
0.57447 364
0.57447 363
0.57447 362
0.57447 361
0.57447 360
0.57447 359
0.57447 358
0.57447 357
0.57447 356
0.57447 355
0.57447 354
0.57447 353
0.57447 352
0.57447 351
0.57447 350
0.574395 349
0.574283 349
0.574283 348
0.574283 347
0.574283 346
0.574283 345
0.574283 344
0.574283 343
0.574171 343
0.574098 342
0.574098 341
0.574041 340
0.574041 339
0.574022 338
0.573949 337
0.573949 336
0.573798 336
0.573798 335
0.573729 334
0.573729 333
0.573716 332
0.573634 331
0.573634 330
0.573634 329
0.573634 328
0.573634 327
0.573634 326
0.573503 326
0.573503 325
0.573357 325
0.573357 324
0.573357 323
0.573357 322
0.573357 321
0.573357 320
0.573357 319
0.573357 318
0.573357 317
0.573357 316
0.573353 315
0.573353 314
0.573353 313
0.573353 312
0.573214 312
0.573214 311
0.573192 310
0.573192 309
0.573192 308
0.573192 307
0.573192 306
0.573192 305
0.573192 304
0.573063 304
0.573063 303
0.572958 301
0.572936 300
0.57287 299
0.572767 299
0.572745 298
0.572745 297
0.572745 296
0.572745 295
0.572681 294
0.572601 293
0.572556 292
0.572439 292
0.572362 291
0.572362 290
0.572362 289
0.572362 288
0.572288 287
0.572288 286
0.572158 286
0.572114 285
0.572114 284
0.571984 284
0.571984 283
0.571984 282
0.571894 281
0.571894 280
0.571894 279
0.571894 278
0.571894 277
0.571894 276
0.571894 275
0.571894 274
0.571894 273
0.571894 272
0.571807 271
0.571807 270
0.571807 269
0.571704 269
0.571603 269
0.571516 268
0.571516 267
0.571424 266
0.571296 266
0.571234 265
0.571234 264
0.571105 264
0.571105 263
0.571084 262
0.571084 261
0.570934 261
0.570934 260
0.570934 259
0.570934 258
0.570934 257
0.570934 256
0.570934 255
0.570826 255
0.570826 254
0.570826 253
0.570714 253
0.57065 252
0.57065 251
0.57065 250
0.57065 249
0.570649 248
0.570649 247
0.570634 246
0.570559 245
0.570413 245
0.570413 244
0.570413 243
0.570402 242
0.570402 241
0.570269 241
0.570269 240
0.570269 239
0.570137 239
0.570011 239
0.569862 239
0.569862 238
0.569722 238
0.569722 237
0.569589 237
0.569589 236
0.569449 236
0.569297 236
0.569138 236
0.569138 235
0.569138 234
0.569125 233
0.569125 232
0.569125 231
0.568992 231
0.568992 230
0.568974 229
0.568974 228
0.568974 227
0.568974 226
0.568974 225
0.568974 224
0.568839 224
0.568732 224
0.568613 224
0.568541 223
0.568418 223
0.568381 222
0.568381 221
0.568306 220
0.568211 219
0.568211 218
0.568211 217
0.568078 217
0.568023 216
0.568023 215
0.567968 214
0.567968 213
0.567968 212
0.567834 212
0.567756 211
0.567652 211
0.567652 210
0.567498 210
0.567498 209
0.567498 208
0.567498 207
0.567405 206
0.567405 205
0.567383 204
0.567383 203
0.567383 202
0.567244 202
0.567119 202
0.566977 202
0.566977 201
0.566826 201
0.566787 200
0.566787 199
0.566675 199
0.566588 198
0.566425 198
0.566425 197
0.566425 196
0.566312 196
0.566312 195
0.566312 194
0.566312 193
0.566312 192
0.566312 191
0.566162 191
0.566162 190
0.566047 190
0.566032 189
0.56589 189
0.565828 188
0.565828 187
0.565828 186
0.565669 186
0.565544 186
0.565401 186
0.565401 185
0.565261 185
0.565169 184
0.565116 183
0.565116 182
0.565023 181
0.565023 180
0.564915 180
0.564915 179
0.564757 179
0.564757 178
0.564757 177
0.564757 176
0.564617 176
0.564518 176
0.564518 175
0.564364 175
0.564245 175
0.56412 175
0.56402 175
0.56387 175
0.56387 174
0.563742 174
0.563742 173
0.563644 173
0.563555 172
0.563511 171
0.563511 170
0.56339 170
0.56339 169
0.56339 168
0.563293 168
0.563293 167
0.563139 167
0.563139 166
0.563139 165
0.563057 164
0.563057 163
0.563039 162
0.563039 161
0.563039 160
0.563039 159
0.563001 158
0.562886 158
0.562886 157
0.562799 156
0.56265 156
0.56265 155
0.562507 155
0.56238 155
0.56238 154
0.56238 153
0.562363 152
0.562235 152
0.562235 151
0.562087 151
0.562087 150
0.562087 149
0.56198 149
0.561858 149
0.561792 148
0.561689 148
0.561551 148
0.561437 148
0.561296 148
0.561187 148
0.561133 147
0.561007 147
0.560898 147
0.560898 146
0.560898 145
0.560797 145
0.560682 145
0.560541 145
0.560398 145
0.560398 144
0.560398 143
0.560325 142
0.560179 142
0.560179 141
0.560179 140
0.560077 140
0.560077 139
0.559932 139
0.559847 138
0.559847 137
0.559708 137
0.559563 137
0.559449 137
0.559449 136
0.559371 135
0.559243 135
0.5591 135
0.558991 135
0.558865 135
0.558865 134
0.558727 134
0.558661 133
0.558661 132
0.558575 131
0.558513 130
0.558408 130
0.558408 129
0.558387 128
0.55826 128
0.55826 127
0.55813 127
0.558108 126
0.558108 125
0.558017 124
0.557886 124
0.557886 123
0.557747 123
0.557747 122
0.557632 122
0.557632 121
0.557632 120
0.55757 119
0.557425 119
0.557339 118
0.557339 117
0.557235 117
0.557205 116
0.557205 115
0.557205 114
0.557065 114
0.556948 114
0.556811 114
0.556742 113
0.556667 112
0.556519 112
0.556408 112
0.556408 111
0.556408 110
0.556408 109
0.556283 109
0.556135 109
0.556135 108
0.555991 108
0.555836 108
0.555822 107
0.555669 107
0.555669 106
0.555669 105
0.555544 105
0.555415 105
0.555407 104
0.555252 104
0.555113 104
0.554966 104
0.554819 104
0.554797 103
0.55465 103
0.554572 102
0.554425 102
0.554294 102
0.554191 102
0.554069 102
0.554069 101
0.553994 100
0.553839 100
0.553839 99
0.553688 99
0.553565 99
0.553491 98
0.553384 98
0.553261 98
0.553145 98
0.55303 98
0.552905 98
0.552858 97
0.552708 97
0.552571 97
0.552451 97
0.552296 97
0.552214 96
0.552214 95
0.552106 95
0.551975 95
0.551975 94
0.551975 93
0.551975 92
0.551868 92
0.551739 92
0.551739 91
0.551659 90
0.551505 90
0.551424 89
0.551335 88
0.551201 88
0.551201 87
0.551077 87
0.551077 86
0.550945 86
0.550847 86
0.550693 86
0.550693 85
0.550693 84
0.550552 84
0.550406 84
0.550406 83
0.550327 82
0.550168 82
0.550015 82
0.549942 81
0.549942 80
0.549823 80
0.549823 79
0.549693 79
0.549576 79
0.549438 79
0.549287 79
0.549287 78
0.549151 78
0.549151 77
0.549022 77
0.549022 76
0.548887 76
0.548887 75
0.548887 74
0.548766 74
0.5487 73
0.548579 73
0.548469 73
0.548469 72
0.548332 72
0.548332 71
0.548194 71
0.548194 70
0.548057 70
0.54796 70
0.54796 69
0.547866 68
0.547866 67
0.547706 67
0.547706 66
0.547584 66
0.547489 65
0.547397 64
0.547283 64
0.547151 64
0.547024 64
0.546906 64
0.546769 64
0.546661 64
0.546661 63
0.546502 63
0.546344 63
0.546232 63
0.546082 63
0.545942 63
0.545801 63
0.545661 63
0.545659 62
0.545659 61
0.545506 61
0.545387 61
0.545335 60
0.545191 60
0.545191 59
0.54505 59
0.545039 58
0.545039 57
0.544958 56
0.544884 55
0.544884 54
0.544735 54
0.54458 54
0.544517 53
0.544398 53
0.544241 53
0.544094 53
0.543939 53
0.543797 53
0.543648 53
0.543504 53
0.543385 53
0.543268 53
0.543268 52
0.543268 51
0.543177 50
0.543029 50
0.542931 50
0.542783 50
0.542783 49
0.542783 48
0.542783 47
0.542667 47
0.542526 47
0.542396 47
0.542252 47
0.542115 47
0.541997 47
0.541876 47
0.541742 47
0.541673 46
0.541522 46
0.541411 46
0.541337 45
0.541257 44
0.541126 44
0.540985 44
0.540841 44
0.540696 44
0.540696 43
0.540572 43
0.540473 43
0.540326 43
0.540212 43
0.540075 43
0.539918 43
0.539918 42
0.539767 42
0.539654 42
0.539506 42
0.53935 42
0.53935 41
0.539216 41
0.539088 41
0.538943 41
0.538799 41
0.538674 41
0.538524 41
0.538394 41
0.538264 41
0.538131 41
0.538065 40
0.537927 40
0.537792 40
0.537668 40
0.537539 40
0.537387 40
0.537241 40
0.537098 40
0.53699 40
0.536919 39
0.536919 38
0.536807 38
0.536664 38
0.536506 38
0.536506 37
0.536364 37
0.536216 37
0.536078 37
0.535947 37
0.535849 37
0.535686 37
0.53557 37
0.535498 36
0.535363 36
0.535222 36
0.535117 36
0.534995 36
0.534874 36
0.534786 35
0.534782 34
0.534679 34
0.534528 34
0.534415 34
0.534265 34
0.534144 34
0.534144 33
0.534004 33
0.533855 33
0.533771 32
0.533626 32
0.533622 31
0.533484 31
0.533389 30
0.533237 30
0.533098 30
0.532981 30
0.532854 30
0.532723 30
0.532585 30
0.532446 30
0.532286 30
0.532136 30
0.531999 30
0.53186 30
0.531706 30
0.531566 30
0.53143 30
0.531278 30
0.531141 30
0.530988 30
0.530913 29
0.53079 29
0.530642 29
0.530503 29
0.530384 29
0.530234 29
0.530091 29
0.529977 29
0.529842 29
0.529699 29
0.529621 28
0.529483 28
0.529349 28
0.529203 28
0.52908 28
0.528939 28
0.528791 28
0.528645 28
0.528588 27
0.528435 27
0.528291 27
0.528167 27
0.528023 27
0.527907 27
0.527757 27
0.527615 27
0.52747 27
0.527337 27
0.527206 27
0.527068 27
0.526941 27
0.526795 27
0.526649 27
0.526501 27
0.526363 27
0.526228 27
0.526071 27
0.525968 27
0.525821 27
0.525669 27
0.525531 27
0.525401 27
0.525297 27
0.525182 27
0.525036 27
0.524868 27
0.524734 27
0.524608 27
0.524476 27
0.524337 27
0.524234 27
0.524145 26
0.524007 26
0.523864 26
0.523744 26
0.523634 26
0.523483 26
0.523342 26
0.523214 26
0.523112 26
0.522998 26
0.522855 26
0.522739 26
0.522593 26
0.522448 26
0.522338 26
0.522206 26
0.522057 26
0.521916 26
0.521774 26
0.521635 26
0.521492 26
0.521369 26
0.521269 26
0.521142 26
0.521014 26
0.52089 26
0.52078 26
0.520686 25
0.520566 25
0.520477 24
0.520334 24
0.520189 24
0.520073 24
0.520073 23
0.519968 23
0.519861 23
0.519744 23
0.519605 23
0.519461 23
0.519315 23
0.519198 23
0.519048 23
0.518903 23
0.518749 23
0.5186 23
0.51846 23
0.518331 23
0.518331 22
0.518171 22
0.518022 22
0.517865 22
0.51771 22
0.517617 21
0.517461 21
0.51738 20
0.517217 20
0.517096 20
0.516993 20
0.516863 20
0.516719 20
0.516615 20
0.516473 20
0.516357 20
0.516208 20
0.516082 20
0.515948 20
0.515832 20
0.515674 20
0.515531 20
0.515375 20
0.515242 20
0.515093 20
0.514947 20
0.514812 20
0.514685 20
0.514554 20
0.514417 20
0.514283 20
0.514128 20
0.513978 20
0.513835 20
0.513699 20
0.513577 20
0.513469 20
0.513334 20
0.513197 20
0.513075 20
0.512947 20
0.512788 20
0.512654 20
0.512535 20
0.512402 20
0.512242 20
0.512148 19
0.51199 19
0.511964 18
0.511802 18
0.511665 18
0.511559 18
0.511409 18
0.511278 18
0.51117 18
0.511023 18
0.510911 18
0.510761 18
0.51061 18
0.510463 18
0.510339 18
0.510196 18
0.510083 18
0.509938 18
0.509791 18
0.509676 18
0.509553 18
0.509418 18
0.509303 18
0.509151 18
0.509007 18
0.508852 18
0.508709 18
0.508582 18
0.508446 18
0.50833 18
0.508178 18
0.508058 18
0.507924 18
0.507924 17
0.507784 17
0.507664 17
0.507525 17
0.5074 17
0.5073 17
0.507157 17
0.507037 17
0.506902 17
0.506765 17
0.506628 17
0.506485 17
0.506351 17
0.506252 17
0.506139 17
0.505998 17
0.505879 17
0.505764 17
0.505636 17
0.505497 17
0.505346 17
0.505344 16
0.50525 15
0.505088 15
0.504974 15
0.504821 15
0.504718 15
0.504558 15
0.504414 15
0.504271 15
0.504125 15
0.503992 15
0.503836 15
0.503721 15
0.503569 15
0.503413 15
0.503313 15
0.503158 15
0.503009 15
0.502911 15
0.502772 15
0.502623 15
0.502498 15
0.502368 15
0.5023 14
0.502163 14
0.502025 14
0.50191 14
0.501765 14
0.501619 14
0.501479 14
0.501349 14
0.501207 14
0.501064 14
0.500921 14
0.500768 14
0.50063 14
0.500477 14
0.500346 14
0.500227 14
0.500084 14
0.499928 14
0.499811 14
0.499663 14
0.499521 14
0.499407 14
0.499254 14
0.499113 14
0.498955 14
0.498821 14
0.498679 14
0.498526 14
0.498382 14
0.498227 14
0.498095 14
0.497955 14
0.49781 14
0.497675 14
0.497542 14
0.497419 14
0.497297 14
0.497153 14
0.497001 14
0.496845 14
0.496696 14
0.496557 14
0.496407 14
0.496268 14
0.496154 14
0.496016 14
0.495869 14
0.495727 14
0.495584 14
0.495445 14
0.495301 14
0.495147 14
0.494994 14
0.494851 14
0.494692 14
0.494534 14
0.49439 14
0.494277 14
0.494133 14
0.494005 14
0.493901 14
0.493745 14
0.493619 14
0.49348 14
0.493326 14
0.493204 14
0.493062 14
0.492921 14
0.492782 14
0.492634 14
0.492497 14
0.492355 14
0.492222 14
0.492087 14
0.491951 14
0.4918 14
0.491651 14
0.4915 14
0.491389 14
0.491248 14
0.4911 14
0.490947 14
0.490844 14
0.490686 14
0.490557 14
0.490397 14
0.490261 14
0.490105 14
0.489992 14
0.48984 14
0.489774 13
0.489639 13
0.489482 13
0.489344 13
0.489211 13
0.48906 13
0.488917 13
0.488856 12
0.48873 12
0.48857 12
0.488505 11
0.488386 11
0.488244 11
0.488091 11
0.487819 11
0.487661 11
0.487534 11
0.487392 11
0.487261 11
0.487116 11
0.486975 11
0.486827 11
0.486684 11
0.486538 11
0.486429 11
0.486314 11
0.486179 11
0.486166 10
0.48602 10
0.485909 10
0.485763 10
0.485636 10
0.485488 10
0.485342 10
0.485193 10
0.48506 10
0.484915 10
0.484765 10
0.484623 10
0.484492 10
0.48436 10
0.484217 10
0.484066 10
0.483921 10
0.483773 10
0.483615 10
0.483499 10
0.483358 10
0.483099 10
0.482959 10
0.482813 10
0.48267 10
0.48255 10
0.482401 10
0.482264 10
0.482128 10
0.481988 10
0.481847 10
0.481714 10
0.481557 10
0.481428 10
0.481304 10
0.481182 10
0.481032 10
0.480877 10
0.480743 10
0.480605 10
0.480505 10
0.480366 10
0.480233 10
0.480085 10
0.479942 10
0.479801 10
0.479652 10
0.479511 10
0.479363 10
0.47925 10
0.479115 10
0.479003 10
0.478848 10
0.47872 10
0.478566 10
0.47846 10
0.47835 10
0.4782 10
0.478068 10
0.477971 10
0.477844 10
0.47771 10
0.477609 10
0.477462 10
0.477322 10
0.477187 10
0.477034 10
0.476902 10
0.476779 10
0.476626 10
0.476546 9
0.476404 9
0.476272 9
0.47615 9
0.476009 9
0.475863 9
0.475739 9
0.475607 9
0.475456 9
0.475308 9
0.475157 9
0.475003 9
0.47486 9
0.474753 9
0.474607 9
0.474449 9
0.474329 9
0.474185 9
0.474064 9
0.473919 9
0.473782 9
0.47364 9
0.473491 9
0.473348 9
0.473197 9
0.473056 9
0.472928 9
0.472775 9
0.47266 9
0.472519 9
0.472393 9
0.47225 9
0.472159 8
0.472021 8
0.471864 8
0.471758 8
0.471621 8
0.471469 8
0.471312 8
0.471173 8
0.471028 8
0.470872 8
0.470723 8
0.470591 8
0.470444 8
0.470332 8
0.470221 8
0.470085 8
0.469969 8
0.469835 8
0.469684 8
0.469532 8
0.469386 8
0.469236 8
0.469087 8
0.46895 8
0.468811 8
0.468659 8
0.468529 8
0.468399 8
0.468251 8
0.467964 8
0.467827 8
0.467688 8
0.467548 8
0.46741 8
0.467273 8
0.467122 8
0.466974 8
0.466884 7
0.466725 7
0.466577 7
0.466423 7
0.466275 7
0.466181 6
0.466065 6
0.465913 6
0.465791 6
0.465636 6
0.4655 6
0.465354 6
0.46521 6
0.465058 6
0.464944 6
0.464791 6
0.464654 6
0.464505 6
0.464361 6
0.464223 6
0.464112 6
0.463985 6
0.463834 6
0.463684 6
0.46356 6
0.463427 6
0.463267 6
0.463121 6
0.462965 6
0.462826 6
0.462727 6
0.462592 6
0.462476 6
0.462328 6
0.462194 6
0.462038 6
0.461937 6
0.461816 6
0.461692 6
0.461552 6
0.461407 6
0.461274 6
0.461131 6
0.460988 6
0.46087 6
0.46072 6
0.460593 6
0.46047 6
0.460339 6
0.460255 5
0.4601 5
0.459946 5
0.459793 5
0.45965 5
0.459507 5
0.459359 5
0.459225 5
0.459074 5
0.458929 5
0.458777 5
0.458618 5
0.458471 5
0.458318 5
0.458178 5
0.458031 5
0.457877 5
0.457736 5
0.457595 5
0.457486 5
0.457329 5
0.457179 5
0.457029 5
0.456875 5
0.456721 5
0.456574 5
0.456432 5
0.456286 5
0.456134 5
0.455988 5
0.455844 5
0.455702 5
0.455584 5
0.455437 5
0.455289 5
0.455144 5
0.455007 5
0.454867 5
0.454736 5
0.454581 5
0.454435 5
0.454313 5
0.454157 5
0.454002 5
0.453848 5
0.453716 5
0.453558 5
0.453399 5
0.453262 5
0.453123 5
0.452972 5
0.452846 5
0.452692 5
0.452546 5
0.452404 5
0.452253 5
0.452095 5
0.451981 5
0.451844 5
0.451701 5
0.451617 4
0.451477 4
0.451339 4
0.451187 4
0.451035 4
0.45089 4
0.450752 4
0.450595 4
0.450471 4
0.450328 4
0.450194 4
0.450058 4
0.449928 4
0.449791 4
0.449644 4
0.449498 4
0.44935 4
0.449231 4
0.449087 4
0.448938 4
0.448784 4
0.448632 4
0.44848 4
0.448337 4
0.4482 4
0.44805 4
0.447902 4
0.447756 4
0.447638 4
0.44748 4
0.447328 4
0.447201 4
0.447064 4
0.446919 4
0.446778 4
0.446637 4
0.446505 4
0.446359 4
0.446204 4
0.44606 4
0.445903 4
0.445765 4
0.44563 4
0.445489 4
0.445333 4
0.445191 4
0.445046 4
0.444893 4
0.444741 4
0.444431 4
0.444284 4
0.444131 4
0.443973 4
0.443831 4
0.443673 4
0.443534 4
0.443386 4
0.443248 4
0.443095 4
0.44297 4
0.44283 4
0.442672 4
0.442519 4
0.442374 4
0.442248 4
0.442101 4
0.441944 4
0.441815 4
0.441667 4
0.441523 4
0.441385 4
0.441232 4
0.441091 4
0.440953 4
0.440795 4
0.440652 4
0.440496 4
0.440347 4
0.44019 4
0.440069 4
0.439921 4
0.439771 4
0.439635 4
0.43952 4
0.439363 4
0.439229 4
0.439098 4
0.438945 4
0.438796 4
0.438666 4
0.438563 4
0.438424 4
0.438276 4
0.438134 4
0.438033 4
0.43789 4
0.437757 4
0.437604 4
0.437458 4
0.437299 4
0.437151 4
0.436994 4
0.436847 4
0.436697 4
0.436538 4
0.436379 4
0.436239 4
0.436085 4
0.435953 4
0.435821 4
0.435698 4
0.43555 4
0.435405 4
0.435307 4
0.435164 4
0.43502 4
0.434918 4
0.4348 4
0.434684 4
0.43455 4
0.434393 4
0.434258 4
0.43413 4
0.433985 4
0.433852 4
0.433696 4
0.433554 4
0.433428 4
0.433282 4
0.433115 4
0.432978 4
0.432833 4
0.432709 4
0.432566 4
0.432415 4
0.432265 4
0.432111 4
0.431968 4
0.431821 4
0.431681 4
0.431545 4
0.431394 4
0.431263 4
0.431125 4
0.43099 4
0.430835 4
0.430707 4
0.430563 4
0.430428 4
0.430296 4
0.430145 4
0.429987 4
0.429863 4
0.429719 4
0.429573 4
0.429415 4
0.429289 4
0.42913 4
0.428984 4
0.42883 4
0.428688 4
0.42854 4
0.428427 4
0.428296 4
0.428162 4
0.428021 4
0.427768 4
0.427608 4
0.427475 4
0.427324 4
0.427188 4
0.427034 4
0.426874 4
0.426736 4
0.426575 4
0.426424 4
0.426295 4
0.426167 4
0.426036 4
0.425882 4
0.425743 4
0.425594 4
0.425459 4
0.425308 4
0.425176 4
0.425033 4
0.424894 4
0.424771 4
0.424615 4
0.424468 4
0.424344 4
0.424235 4
0.424093 4
0.42399 4
0.423846 4
0.423704 4
0.423564 4
0.423407 4
0.423268 4
0.423119 4
0.42297 4
0.422824 4
0.422674 4
0.422522 4
0.422372 4
0.422226 4
0.422081 4
0.421963 4
0.42182 4
0.42168 4
0.421534 4
0.421382 4
0.421232 4
0.421119 4
0.420971 4
0.420821 4
0.420664 4
0.420537 4
0.420384 4
0.420227 4
0.420075 4
0.419935 4
0.419785 4
0.419648 4
0.419521 4
0.419386 4
0.419252 4
0.419123 4
0.418973 4
0.418848 4
0.418701 4
0.418563 4
0.418434 4
0.418296 4
0.418167 4
0.418008 4
0.417871 4
0.417709 4
0.417571 4
0.417419 4
0.417284 4
0.417131 4
0.416994 4
0.416838 4
0.416701 4
0.416548 4
0.416405 4
0.416251 4
0.416101 4
0.415951 4
0.415795 4
0.415648 4
0.415506 4
0.415355 4
0.415202 4
0.415075 4
0.41494 4
0.414825 4
0.414673 4
0.414523 4
0.414378 4
0.414228 4
0.414084 4
0.413932 4
0.413794 4
0.413673 4
0.413548 4
0.413404 4
0.413259 4
0.413116 4
0.41296 4
0.412813 4
0.412673 4
0.412529 4
0.41237 4
0.412217 4
0.412089 4
0.411935 4
0.411791 4
0.411643 4
0.41152 4
0.411403 4
0.411301 4
0.411152 4
0.410995 4
0.410845 4
0.410711 4
0.41056 4
0.410407 4
0.41026 4
0.410125 4
0.409982 4
0.409835 4
0.409693 4
0.409546 4
0.409404 4
0.409273 4
0.409153 4
0.409006 4
0.408866 4
0.408712 4
0.408573 4
0.408416 4
0.40828 4
0.408127 4
0.407977 4
0.407823 4
0.407666 4
0.40751 4
0.407362 4
0.407224 4
0.407065 4
0.406915 4
0.406778 4
0.406629 4
0.406483 4
0.406342 4
0.406193 4
0.406037 4
0.405885 4
0.40573 4
0.405577 4
0.405434 4
0.405287 4
0.405154 4
0.405012 4
0.404858 4
0.404746 4
0.404599 4
0.404483 4
0.404337 4
0.404189 4
0.404075 4
0.403934 4
0.403799 4
0.403645 4
0.403493 4
0.403359 4
0.403215 4
0.403066 4
0.402915 4
0.402779 4
0.402631 4
0.402519 4
0.402402 4
0.402255 4
0.402103 4
0.401953 4
0.401805 4
0.401666 4
0.401528 4
0.401397 4
0.401246 4
0.401095 4
0.400946 4
0.400793 4
0.400637 4
0.400488 4
0.400329 4
0.400205 4
0.400045 4
0.399884 4
0.39973 4
0.399583 4
0.399429 4
0.399276 4
0.399166 4
0.399026 4
0.398881 4
0.398741 4
0.398584 4
0.398431 4
0.398291 4
0.398173 4
0.398031 4
0.397885 4
0.397746 4
0.3976 4
0.39746 4
0.397302 4
0.397178 4
0.397022 4
0.396887 4
0.396744 4
0.396613 4
0.396457 4
0.396303 4
0.396166 4
0.396023 4
0.395862 4
0.395724 4
0.395582 4
0.395437 4
0.395286 4
0.395134 4
0.394978 4
0.394823 4
0.394666 4
0.394516 4
0.39438 4
0.394273 4
0.394129 4
0.39398 4
0.393839 4
0.393686 4
0.39355 4
0.393401 4
0.393261 4
0.393104 4
0.392972 4
0.392843 4
0.392686 4
0.392536 4
0.3924 4
0.392243 4
0.392084 4
0.391939 4
0.391793 4
0.391632 4
0.391476 4
0.391331 4
0.391189 4
0.391039 4
0.390924 4
0.390788 4
0.390655 4
0.390532 4
0.390398 4
0.390247 4
0.390095 4
0.389947 4
0.3898 4
0.389708 3
0.389572 3
0.38942 3
0.389264 3
0.389115 3
0.388956 3
0.388815 3
0.388661 3
0.388513 3
0.388375 3
0.38823 3
0.38808 3
0.387944 3
0.387809 3
0.387664 3
0.387506 3
0.387374 3
0.387226 3
0.386999 3
0.386845 3
0.386704 3
0.386549 3
0.386408 3
0.386258 3
0.386111 3
0.38596 3
0.385812 3
0.385654 3
0.385495 3
0.385195 3
0.385044 3
0.384887 3
0.384785 3
0.384642 3
0.384493 3
0.384349 3
0.384216 3
0.38407 3
0.383935 3
0.383785 3
0.383631 3
0.383472 3
0.383315 3
0.383171 3
0.383033 3
0.382887 3
0.382743 3
0.382603 3
0.38245 3
0.382296 3
0.382135 3
0.381981 3
0.381848 3
0.381702 3
0.381563 3
0.381406 3
0.381245 3
0.381113 3
0.380962 3
0.380833 3
0.380686 3
0.380561 3
0.380424 3
0.380271 3
0.380117 3
0.379967 3
0.379833 3
0.379722 3
0.379566 3
0.37941 3
0.37927 3
0.379118 3
0.378984 3
0.378851 3
0.37871 3
0.378556 3
0.378422 3
0.378275 3
0.37813 3
0.377977 3
0.377828 3
0.377691 3
0.377554 3
0.377406 3
0.377264 3
0.377113 3
0.376966 3
0.376816 3
0.376657 3
0.3765 3
0.37634 3
0.376205 3
0.376057 3
0.37591 3
0.375759 3
0.375614 3
0.375466 3
0.375321 3
0.375176 3
0.37502 3
0.374907 3
0.374747 3
0.374595 3
0.37445 3
0.374303 3
0.374172 3
0.374015 3
0.37388 3
0.373751 3
0.373596 3
0.373447 3
0.373294 3
0.373168 3
0.373024 3
0.372864 3
0.372722 3
0.372582 3
0.372449 3
0.372295 3
0.372144 3
0.371994 3
0.371846 3
0.371714 3
0.371599 3
0.371445 3
0.371295 3
0.371135 3
0.370977 3
0.370828 3
0.370675 3
0.370529 3
0.370389 3
0.370248 3
0.3701 3
0.36995 3
0.369812 3
0.369656 3
0.369514 3
0.369356 3
0.369203 3
0.369047 3
0.368894 3
0.368742 3
0.368596 3
0.368443 3
0.368289 3
0.368149 3
0.367991 3
0.367842 3
0.367703 3
0.367557 3
0.367406 3
0.367268 3
0.367103 3
0.366947 3
0.366802 3
0.366671 3
0.366529 3
0.366382 3
0.366224 3
0.366078 3
0.365927 3
0.365783 3
0.365643 3
0.365492 3
0.365342 3
0.365187 3
0.365043 3
0.36489 3
0.364748 3
0.364604 3
0.364449 3
0.364301 3
0.364157 3
0.364008 3
0.363898 3
0.363753 3
0.363606 3
0.363455 3
0.363314 3
0.363171 3
0.363019 3
0.362858 3
0.362708 3
0.36256 3
0.362427 3
0.362276 3
0.362139 3
0.361987 3
0.361834 3
0.361717 3
0.361573 3
0.361419 3
0.361271 3
0.36113 3
0.361016 3
0.360867 3
0.360714 3
0.360574 3
0.360417 3
0.360257 3
0.36017 2
0.360011 2
0.359861 2
0.359721 2
0.359568 2
0.359428 2
0.359289 2
0.359154 2
0.359008 2
0.358867 2
0.358756 2
0.358603 2
0.35848 2
0.358335 2
0.358201 2
0.358066 2
0.35792 2
0.357765 2
0.357621 2
0.357473 2
0.357322 2
0.357184 2
0.357024 2
0.356883 2
0.35673 2
0.356584 2
0.356435 2
0.356287 2
0.356138 2
0.355992 2
0.355846 2
0.355689 2
0.35554 2
0.355388 2
0.355236 2
0.355091 2
0.354951 2
0.354816 2
0.354672 2
0.354568 2
0.354423 2
0.354284 2
0.354129 2
0.353978 2
0.35383 2
0.353714 2
0.353587 2
0.353447 2
0.353299 2
0.353155 2
0.353015 2
0.35287 2
0.352714 2
0.352564 2
0.352424 2
0.352282 2
0.352144 2
0.351989 2
0.351863 2
0.351699 2
0.35155 2
0.351409 2
0.351255 2
0.351113 2
0.350967 2
0.350824 2
0.350688 2
0.350519 2
0.35039 2
0.350237 2
0.350086 2
0.349946 2
0.349796 2
0.349638 2
0.349492 2
0.349338 2
0.349197 2
0.349063 2
0.34892 2
0.348785 2
0.348634 2
0.348488 2
0.348333 2
0.348175 2
0.348021 2
0.347885 2
0.347735 2
0.347587 2
0.347457 2
0.34731 2
0.347162 2
0.347005 2
0.346875 2
0.34673 2
0.346574 2
0.346432 2
0.346334 2
0.346177 2
0.346021 2
0.345883 2
0.345773 2
0.345632 2
0.345503 2
0.345354 2
0.345197 2
0.345044 2
0.344905 2
0.344758 2
0.344641 2
0.344504 2
0.34435 2
0.344211 2
0.344087 2
0.343941 2
0.343789 2
0.343657 2
0.343499 2
0.343333 2
0.343177 2
0.343028 2
0.342878 2
0.342728 2
0.342602 2
0.342459 2
0.342309 2
0.342165 2
0.342015 2
0.341873 2
0.341721 2
0.341562 2
0.341413 2
0.341263 2
0.341113 2
0.340969 2
0.340809 2
0.340672 2
0.340527 2
0.340375 2
0.340229 2
0.340071 2
0.33993 2
0.339787 2
0.339641 2
0.339487 2
0.339342 2
0.339198 2
0.339053 2
0.338901 2
0.338755 2
0.338626 2
0.338481 2
0.338337 2
0.338186 2
0.338058 2
0.337911 2
0.337775 2
0.337645 2
0.337499 2
0.337343 2
0.337207 2
0.337061 2
0.336906 2
0.336758 2
0.336612 2
0.336464 2
0.336317 2
0.336187 2
0.336038 2
0.335891 2
0.335741 2
0.335581 2
0.335425 2
0.335278 2
0.335127 2
0.334977 2
0.334828 2
0.33471 2
0.334568 2
0.334441 2
0.334301 2
0.334148 2
0.333993 2
0.333852 2
0.333705 2
0.333565 2
0.333442 2
0.333295 2
0.333138 2
0.332991 2
0.332837 2
0.332695 2
0.332539 2
0.332388 2
0.33224 2
0.332097 2
0.331955 2
0.331847 2
0.331704 2
0.331564 2
0.331421 2
0.331285 2
0.331138 2
0.330998 2
0.330843 2
0.330719 2
0.330566 2
0.33041 2
0.330268 2
0.330122 2
0.329979 2
0.329828 2
0.329681 2
0.329541 2
0.329388 2
0.32923 2
0.329104 2
0.328955 2
0.328816 2
0.328669 2
0.328515 2
0.328358 2
0.328217 2
0.328075 2
0.327933 2
0.327781 2
0.327629 2
0.327505 2
0.327354 2
0.327212 2
0.327101 2
0.326954 2
0.326795 2
0.326663 2
0.326527 2
0.326379 2
0.326232 2
0.32609 2
0.325936 2
0.325793 2
0.325655 2
0.325505 2
0.32536 2
0.325208 2
0.325052 2
0.324905 2
0.324759 2
0.324608 2
0.32447 2
0.324308 2
0.32415 2
0.324007 2
0.323848 2
0.323706 2
0.323548 2
0.323391 2
0.32325 2
0.323092 2
0.322942 2
0.322792 2
0.322642 2
0.322489 2
0.322333 2
0.322185 2
0.322034 2
0.321877 2
0.321725 2
0.321584 2
0.321427 2
0.321301 2
0.32121 1
0.321072 1
0.320934 1
0.320785 1
0.320636 1
0.320508 1
0.320358 1
0.320202 1
0.32006 1
0.319923 1
0.319762 1
0.319625 1
0.319486 1
0.319351 1
0.31921 1
0.31906 1
0.318921 1
0.318798 1
0.318658 1
0.318503 1
0.318364 1
0.31823 1
0.318086 1
0.317936 1
0.317782 1
0.317647 1
0.317508 1
0.317371 1
0.317215 1
0.317061 1
0.316926 1
0.316778 1
0.316632 1
0.316488 1
0.316333 1
0.316192 1
0.316039 1
0.315895 1
0.315747 1
0.315596 1
0.315445 1
0.315293 1
0.315148 1
0.314997 1
0.314842 1
0.314694 1
0.314537 1
0.314389 1
0.314241 1
0.314109 1
0.313965 1
0.313821 1
0.313678 1
0.313526 1
0.313377 1
0.313228 1
0.31307 1
0.312913 1
0.312769 1
0.312633 1
0.312484 1
0.312345 1
0.31219 1
0.312049 1
0.311897 1
0.311742 1
0.311603 1
0.311473 1
0.311329 1
0.311194 1
0.311041 1
0.310892 1
0.310737 1
0.310592 1
0.310464 1
0.310313 1
0.310169 1
0.310016 1
0.309867 1
0.309731 1
0.309576 1
0.309445 1
0.309312 1
0.309175 1
0.309036 1
0.308904 1
0.308769 1
0.308615 1
0.308474 1
0.308319 1
0.308207 1
0.308056 1
0.307903 1
0.307749 1
0.307589 1
0.307437 1
0.307302 1
0.307146 1
0.306997 1
0.306879 1
0.306725 1
0.306575 1
0.306423 1
0.306266 1
0.306133 1
0.305997 1
0.305849 1
0.305696 1
0.305537 1
0.305383 1
0.305227 1
0.305068 1
0.304912 1
0.304762 1
0.30463 1
0.304487 1
0.304342 1
0.304202 1
0.304048 1
0.303891 1
0.303741 1
0.303592 1
0.303453 1
0.303315 1
0.303174 1
0.303025 1
0.302877 1
0.30272 1
0.302599 1
0.302442 1
0.302303 1
0.302149 1
0.301996 1
0.301854 1
0.301701 1
0.301556 1
0.301404 1
0.301267 1
0.301123 1
0.300979 1
0.300852 1
0.30071 1
0.300553 1
0.300419 1
0.300269 1
0.300118 1
0.299974 1
0.299827 1
0.299688 1
0.299545 1
0.299386 1
0.299241 1
0.299089 1
0.298936 1
0.298791 1
0.298663 1
0.298515 1
0.298371 1
0.298219 1
0.298091 1
0.297954 1
0.297801 1
0.29765 1
0.297501 1
0.297341 1
0.297192 1
0.297031 1
0.296883 1
0.296733 1
0.296574 1
0.296419 1
0.296276 1
0.296124 1
0.295956 1
0.295805 1
0.295656 1
0.295501 1
0.295374 1
0.295237 1
0.295122 1
0.294962 1
0.29481 1
0.294693 1
0.294559 1
0.294412 1
0.294278 1
0.294123 1
0.294006 1
0.293861 1
0.293705 1
0.293575 1
0.293414 1
0.29327 1
0.293133 1
0.292985 1
0.292836 1
0.292683 1
0.292535 1
0.292391 1
0.292272 1
0.292137 1
0.291978 1
0.291826 1
0.291673 1
0.291552 1
0.291395 1
0.291254 1
0.291102 1
0.290946 1
0.290788 1
0.290627 1
0.290479 1
0.290327 1
0.290175 1
0.290025 1
0.289867 1
0.289714 1
0.28956 1
0.289414 1
0.289275 1
0.289132 1
0.288974 1
0.288825 1
0.288683 1
0.288547 1
0.288391 1
0.288238 1
0.288097 1
0.287953 1
0.287807 1
0.287649 1
0.2875 1
0.287345 1
0.287184 1
0.287034 1
0.28689 1
0.286738 1
0.286589 1
0.286432 1
0.286294 1
0.286157 1
0.285998 1
0.285854 1
0.285696 1
0.285537 1
0.285405 1
0.285265 1
0.285119 1
0.28497 1
0.284851 1
0.284717 1
0.284587 1
0.284437 1
0.284288 1
0.28413 1
0.283987 1
0.283834 1
0.283688 1
0.283539 1
0.28341 1
0.283274 1
0.283134 1
0.28301 1
0.282856 1
0.282706 1
0.282566 1
0.282416 1
0.282271 1
0.282148 1
0.281993 1
0.281845 1
0.281694 1
0.281551 1
0.281404 1
0.281264 1
0.281123 1
0.280982 1
0.280835 1
0.280691 1
0.280542 1
0.280398 1
0.280251 1
0.280097 1
0.27996 1
0.279826 1
0.279677 1
0.279532 1
0.279384 1
0.279234 1
0.279086 1
0.27895 1
0.278814 1
0.278682 1
0.278529 1
0.278392 1
0.278234 1
0.278088 1
0.277941 1
0.277791 1
0.277646 1
0.277515 1
0.277386 1
0.27724 1
0.277082 1
0.276938 1
0.276784 1
0.27664 1
0.276492 1
0.276339 1
0.276182 1
0.276049 1
0.275899 1
0.275758 1
0.275599 1
0.275455 1
0.275317 1
0.275175 1
0.275019 1
0.274875 1
0.27472 1
0.27457 1
0.27442 1
0.274263 1
0.274102 1
0.273957 1
0.273812 1
0.273665 1
0.273532 1
0.273381 1
0.27324 1
0.273085 1
0.272942 1
0.27279 1
0.272648 1
0.272498 1
0.272339 1
0.272205 1
0.272052 1
0.271907 1
0.271762 1
0.271615 1
0.271476 1
0.271339 1
0.271192 1
0.271045 1
0.270895 1
0.270753 1
0.270611 1
0.270454 1
0.270302 1
0.270155 1
0.270003 1
0.269859 1
0.269724 1
0.26958 1
0.269441 1
0.269294 1
0.269142 1
0.268986 1
0.268841 1
0.268689 1
0.268536 1
0.268404 1
0.268261 1
0.268102 1
0.267959 1
0.267809 1
0.267667 1
0.267526 1
0.267386 1
0.267228 1
0.267077 1
0.266918 1
0.266759 1
0.266634 1
0.266475 1
0.266327 1
0.266159 1
0.266002 1
0.265865 1
0.265719 1
0.265578 1
0.265424 1
0.265299 1
0.265166 1
0.265021 1
0.264886 1
0.264733 1
0.264586 1
0.264449 1
0.264294 1
0.264149 1
0.264 1
0.263858 1
0.263707 1
0.263556 1
0.263406 1
0.263261 1
0.263111 1
0.262971 1
0.26282 1
0.262668 1
0.262528 1
0.262395 1
0.262242 1
0.262099 1
0.26194 1
0.261789 1
0.261655 1
0.261529 1
0.261392 1
0.261237 1
0.261098 1
0.260967 1
0.26081 1
0.260662 1
0.260508 1
0.260351 1
0.260193 1
0.260076 1
0.259925 1
0.259791 1
0.259641 1
0.259487 1
0.259332 1
0.259183 1
0.259044 1
0.258884 1
0.25873 1
0.258575 1
0.258426 1
0.258271 1
0.258125 1
0.257971 1
0.257815 1
0.257672 1
0.257523 1
0.257379 1
0.257258 1
0.257108 1
0.256959 1
0.256818 1
0.256666 1
0.256526 1
0.256369 1
0.25622 1
0.256081 1
0.255939 1
0.255794 1
0.255639 1
0.2555 1
0.255343 1
0.255201 1
0.255058 1
0.254897 1
0.254758 1
0.254618 1
0.254468 1
0.25431 1
0.254155 1
0.254001 1
0.253864 1
0.253707 1
0.253555 1
0.253405 1
0.253254 1
0.253099 1
0.252955 1
0.252813 1
0.252667 1
0.252512 1
0.252357 1
0.252206 1
0.252051 1
0.251893 1
0.251735 1
0.251587 1
0.251435 1
0.251288 1
0.251178 1
0.251027 1
0.250873 1
0.250724 1
0.250573 1
0.250413 1
0.250266 1
0.250114 1
0.249957 1
0.249835 1
0.249674 1
0.249527 1
0.249384 1
0.249257 1
0.248954 1
0.248799 1
0.248667 1
0.248526 1
0.248373 1
0.248236 1
0.24809 1
0.247951 1
0.247799 1
0.247643 1
0.247497 1
0.247352 1
0.247202 1
0.247061 1
0.246913 1
0.246754 1
0.246612 1
0.246464 1
0.246322 1
0.246184 1
0.246028 1
0.245884 1
0.245759 1
0.245617 1
0.245495 1
0.245348 1
0.245195 1
0.245043 1
0.244918 1
0.244766 1
0.244624 1
0.244474 1
0.244322 1
0.244164 1
0.244012 1
0.243858 1
0.243736 1
0.24359 1
0.243432 1
0.243291 1
0.243151 1
0.243017 1
0.242859 1
0.24271 1
0.242554 1
0.242421 1
0.242264 1
0.242125 1
0.241998 1
0.241845 1
0.241699 1
0.241553 1
0.241403 1
0.241246 1
0.241115 1
0.240966 1
0.240836 1
0.240685 1
0.240536 1
0.240386 1
0.240238 1
0.240084 1
0.239955 1
0.239795 1
0.239664 1
0.239521 1
0.239366 1
0.239222 1
0.23908 1
0.238925 1
0.238777 1
0.238639 1
0.23849 1
0.238336 1
0.238187 1
0.238044 1
0.237903 1
0.237777 1
0.237627 1
0.237481 1
0.237325 1
0.237165 1
0.237023 1
0.236873 1
0.236731 1
0.236585 1
0.236447 1
0.236287 1
0.236133 1
0.235987 1
0.235832 1
0.235699 1
0.235552 1
0.2354 1
0.235252 1
0.235095 1
0.234957 1
0.234803 1
0.234667 1
0.234523 1
0.234374 1
0.234217 1
0.234059 1
0.233904 1
0.233759 1
0.233599 1
0.233442 1
0.233299 1
0.233152 1
0.232998 1
0.232841 1
0.2327 1
0.23255 1
0.232401 1
0.232244 1
0.232091 1
0.231955 1
0.231805 1
0.231648 1
0.231496 1
0.23134 1
0.231193 1
0.231047 1
0.230897 1
0.230739 1
0.230586 1
0.230441 1
0.230289 1
0.230138 1
0.229982 1
0.229864 1
0.229704 1
0.229552 1
0.229424 1
0.229272 1
0.229122 1
0.228971 1
0.228814 1
0.228664 1
0.228507 1
0.228365 1
0.228234 1
0.228077 1
0.227928 1
0.227773 1
0.227624 1
0.227466 1
0.227324 1
0.22717 1
0.227003 1
0.226849 1
0.2267 1
0.22655 1
0.2264 1
0.226239 1
0.226098 1
0.225948 1
0.225815 1
0.225673 1
0.225517 1
0.225376 1
0.225236 1
0.225082 1
0.224937 1
0.224794 1
0.224635 1
0.224482 1
0.224336 1
0.224194 1
0.22405 1
0.223896 1
0.223757 1
0.223617 1
0.223462 1
0.223315 1
0.223157 1
0.223005 1
0.222848 1
0.222698 1
0.222544 1
0.222397 1
0.222245 1
0.222093 1
0.22195 1
0.221794 1
0.221635 1
0.221481 1
0.221347 1
0.221205 1
0.221051 1
0.220909 1
0.22076 1
0.220603 1
0.220453 1
0.220303 1
0.22016 1
0.220008 1
0.219865 1
0.219758 1
0.21961 1
0.219454 1
0.219302 1
0.219153 1
0.219002 1
0.218861 1
0.218734 1
0.218578 1
0.218442 1
0.218292 1
0.218183 1
0.218029 1
0.217876 1
0.217724 1
0.217564 1
0.217405 1
0.217245 1
0.217106 1
0.216967 1
0.216825 1
0.216677 1
0.21653 1
0.216378 1
0.216223 1
0.216089 1
0.215939 1
0.215793 1
0.215637 1
0.215487 1
0.215332 1
0.215183 1
0.215031 1
0.214873 1
0.214715 1
0.214563 1
0.214409 1
0.21426 1
0.214105 1
0.213952 1
0.213809 1
0.213657 1
0.213498 1
0.213354 1
0.213194 1
0.21304 1
0.212889 1
0.212747 1
0.212594 1
0.212506 0
0.212347 0
0.212201 0
0.212058 0
0.211903 0
0.211758 0
0.211626 0
0.21148 0
0.211329 0
0.21118 0
0.211031 0
0.210903 0
0.210767 0
0.210608 0
0.210475 0
0.210318 0
0.210164 0
0.210011 0
0.209864 0
0.209709 0
0.209557 0
0.209408 0
0.20926 0
0.209116 0
0.208964 0
0.208807 0
0.208661 0
0.208521 0
0.208384 0
0.208237 0
0.208079 0
0.207927 0
0.207773 0
0.207623 0
0.207485 0
0.207337 0
0.207184 0
0.207037 0
0.206887 0
0.206733 0
0.206572 0
0.206419 0
0.206267 0
0.206116 0
0.20599 0
0.205842 0
0.205702 0
0.205546 0
0.205395 0
0.205287 0
0.205156 0
0.205006 0
0.204852 0
0.204711 0
0.204416 0
0.204286 0
0.204133 0
0.20398 0
0.203843 0
0.203691 0
0.203532 0
0.203395 0
0.203237 0
0.203102 0
0.202945 0
0.202785 0
0.202635 0
0.202499 0
0.202344 0
0.202186 0
0.202036 0
0.201882 0
0.201726 0
0.201574 0
0.201424 0
0.201268 0
0.20113 0
0.200989 0
0.200862 0
0.200709 0
0.200559 0
0.20041 0
0.200271 0
0.200124 0
0.199966 0
0.199817 0
0.199668 0
0.199515 0
0.199396 0
0.199248 0
0.199109 0
0.19895 0
0.198794 0
0.198647 0
0.198498 0
0.198346 0
0.198193 0
0.198043 0
0.197891 0
0.197752 0
0.197624 0
0.197466 0
0.197317 0
0.197166 0
0.197008 0
0.196855 0
0.196702 0
0.196543 0
0.196394 0
0.196253 0
0.196103 0
0.195952 0
0.195815 0
0.19568 0
0.195525 0
0.195374 0
0.195225 0
0.195078 0
0.194917 0
0.194764 0
0.194617 0
0.194494 0
0.194335 0
0.194189 0
0.194048 0
0.193894 0
0.19374 0
0.193584 0
0.193434 0
0.193297 0
0.193147 0
0.192989 0
0.192837 0
0.192683 0
0.192536 0
0.192392 0
0.192236 0
0.19209 0
0.191938 0
0.19178 0
0.191638 0
0.191491 0
0.191338 0
0.191186 0
0.191025 0
0.190875 0
0.190734 0
0.190593 0
0.190453 0
0.190297 0
0.190146 0
0.19 0
0.189855 0
0.189701 0
0.189555 0
0.189397 0
0.189254 0
0.189106 0
0.188945 0
0.188785 0
0.188635 0
0.188481 0
0.188325 0
0.188166 0
0.188012 0
0.187871 0
0.187732 0
0.187588 0
0.187431 0
0.18729 0
0.187159 0
0.187013 0
0.186871 0
0.186731 0
0.18657 0
0.18642 0
0.18627 0
0.186138 0
0.185987 0
0.185841 0
0.185689 0
0.185539 0
0.185397 0
0.185247 0
0.185085 0
0.184927 0
0.184784 0
0.18463 0
0.184509 0
0.18435 0
0.184199 0
0.184044 0
0.183891 0
0.183744 0
0.183591 0
0.183448 0
0.183302 0
0.183147 0
0.182995 0
0.182857 0
0.182701 0
0.182548 0
0.182409 0
0.182274 0
0.182126 0
0.181975 0
0.18182 0
0.181663 0
0.181505 0
0.181365 0
0.181211 0
0.181079 0
0.180933 0
0.180775 0
0.180614 0
0.180462 0
0.180312 0
0.180168 0
0.180026 0
0.179875 0
0.179717 0
0.179567 0
0.179409 0
0.179267 0
0.17913 0
0.178972 0
0.178827 0
0.178675 0
0.178532 0
0.178406 0
0.178255 0
0.178097 0
0.177947 0
0.177831 0
0.177678 0
0.177525 0
0.17737 0
0.177225 0
0.177097 0
0.176958 0
0.176803 0
0.176658 0
0.176503 0
0.176355 0
0.176226 0
0.176086 0
0.175929 0
0.175779 0
0.175629 0
0.175496 0
0.175342 0
0.175188 0
0.175033 0
0.174892 0
0.174732 0
0.174584 0
0.174451 0
0.174299 0
0.174146 0
0.174003 0
0.17385 0
0.1737 0
0.17354 0
0.173403 0
0.173249 0
0.173098 0
0.172947 0
0.172788 0
0.172642 0
0.172483 0
0.172337 0
0.172197 0
0.172049 0
0.171902 0
0.171742 0
0.171601 0
0.171442 0
0.171292 0
0.171163 0
0.171022 0
0.170868 0
0.17072 0
0.170568 0
0.170419 0
0.170276 0
0.170125 0
0.169981 0
0.169844 0
0.169695 0
0.169539 0
0.169387 0
0.169239 0
0.169098 0
0.168945 0
0.168794 0
0.16865 0
0.168511 0
0.168365 0
0.168206 0
0.168049 0
0.167893 0
0.167742 0
0.167598 0
0.167445 0
0.167303 0
0.167144 0
0.166997 0
0.166847 0
0.166696 0
0.166543 0
0.166401 0
0.166244 0
0.166091 0
0.165941 0
0.165806 0
0.165655 0
0.165504 0
0.165371 0
0.165243 0
0.165085 0
0.164935 0
0.164776 0
0.164626 0
0.164467 0
0.164317 0
0.164161 0
0.16402 0
0.163868 0
0.163742 0
0.163583 0
0.16343 0
0.163279 0
0.163121 0
0.162979 0
0.162823 0
0.162663 0
0.162516 0
0.162377 0
0.162222 0
0.162072 0
0.161919 0
0.161763 0
0.161605 0
0.161483 0
0.161336 0
0.161189 0
0.161054 0
0.160896 0
0.160739 0
0.160584 0
0.160429 0
0.160276 0
0.160131 0
0.159977 0
0.159833 0
0.15968 0
0.159532 0
0.15939 0
0.159227 0
0.159084 0
0.158939 0
0.158786 0
0.158635 0
0.158484 0
0.158327 0
0.158173 0
0.158031 0
0.157867 0
0.15773 0
0.157584 0
0.157425 0
0.157277 0
0.157127 0
0.156974 0
0.156815 0
0.156668 0
0.156509 0
0.156362 0
0.156205 0
0.156064 0
0.155906 0
0.155748 0
0.155607 0
0.155463 0
0.155322 0
0.155169 0
0.155012 0
0.154853 0
0.154709 0
0.15457 0
0.15442 0
0.154269 0
0.154122 0
0.153971 0
0.153833 0
0.153686 0
0.15353 0
0.153379 0
0.153238 0
0.153085 0
0.152932 0
0.152785 0
0.152631 0
0.152478 0
0.152342 0
0.152195 0
0.152062 0
0.151906 0
0.151757 0
0.151613 0
0.151458 0
0.15132 0
0.151173 0
0.151021 0
0.150903 0
0.150754 0
0.150615 0
0.150469 0
0.150317 0
0.150157 0
0.150001 0
0.149845 0
0.149702 0
0.149552 0
0.149408 0
0.149247 0
0.149097 0
0.148937 0
0.14879 0
0.148632 0
0.148485 0
0.148345 0
0.1482 0
0.148043 0
0.147897 0
0.147741 0
0.147584 0
0.147438 0
0.147281 0
0.147151 0
0.147002 0
0.146844 0
0.1467 0
0.146541 0
0.146387 0
0.146231 0
0.146078 0
0.14595 0
0.145796 0
0.14566 0
0.145501 0
0.145354 0
0.145203 0
0.145056 0
0.144916 0
0.144758 0
0.144623 0
0.144492 0
0.144344 0
0.144189 0
0.144036 0
0.143888 0
0.143727 0
0.143581 0
0.14343 0
0.143284 0
0.14313 0
0.14298 0
0.142829 0
0.142713 0
0.142568 0
0.142427 0
0.142274 0
0.142122 0
0.141978 0
0.141825 0
0.141667 0
0.141515 0
0.141365 0
0.141213 0
0.141071 0
0.140918 0
0.140789 0
0.140643 0
0.140498 0
0.140347 0
0.14022 0
0.140066 0
0.139908 0
0.139768 0
0.139617 0
0.139464 0
0.139312 0
0.139161 0
0.139026 0
0.138878 0
0.138736 0
0.138581 0
0.138429 0
0.138282 0
0.138125 0
0.137972 0
0.137818 0
0.137693 0
0.137544 0
0.137394 0
0.137251 0
0.137103 0
0.136949 0
0.136789 0
0.136639 0
0.136489 0
0.136352 0
0.136208 0
0.136054 0
0.135907 0
0.135746 0
0.135598 0
0.135452 0
0.135309 0
0.135152 0
0.135002 0
0.134851 0
0.134701 0
0.134542 0
0.134402 0
0.134254 0
0.134102 0
0.133993 0
0.133836 0
0.133685 0
0.133533 0
0.133387 0
0.133233 0
0.133092 0
0.132945 0
0.132796 0
0.132637 0
0.132486 0
0.132332 0
0.132187 0
0.132035 0
0.131893 0
0.131737 0
0.13158 0
0.131422 0
0.131264 0
0.131128 0
0.130971 0
0.130826 0
0.130676 0
0.130525 0
0.130369 0
0.130212 0
0.130056 0
0.129904 0
0.12975 0
0.129605 0
0.129458 0
0.129316 0
0.129168 0
0.12903 0
0.128882 0
0.128741 0
0.12861 0
0.128458 0
0.128304 0
0.128159 0
0.127999 0
0.12784 0
0.127685 0
0.127527 0
0.127382 0
0.12723 0
0.127076 0
0.126919 0
0.12678 0
0.126631 0
0.12648 0
0.126321 0
0.126176 0
0.126025 0
0.125875 0
0.125725 0
0.125572 0
0.125429 0
0.12527 0
0.125122 0
0.124962 0
0.124821 0
0.124661 0
0.124512 0
0.124368 0
0.124222 0
0.124075 0
0.123915 0
0.123767 0
0.123611 0
0.123455 0
0.123312 0
0.123173 0
0.123022 0
0.122876 0
0.122721 0
0.122571 0
0.122414 0
0.122256 0
0.122099 0
0.121939 0
0.121784 0
0.121639 0
0.121496 0
0.12134 0
0.121196 0
0.121045 0
0.120892 0
0.120752 0
0.120595 0
0.120453 0
0.120294 0
0.120138 0
0.119992 0
0.119845 0
0.119689 0
0.119534 0
0.119387 0
0.119235 0
0.119076 0
0.118927 0
0.118788 0
0.118649 0
0.118519 0
0.118367 0
0.118211 0
0.118053 0
0.117896 0
0.117743 0
0.117595 0
0.117445 0
0.117289 0
0.117144 0
0.116998 0
0.116859 0
0.116701 0
0.116551 0
0.1164 0
0.11625 0
0.116094 0
0.115935 0
0.115774 0
0.115616 0
0.115462 0
0.115303 0
0.115153 0
0.114998 0
0.114847 0
0.114694 0
0.114547 0
0.11439 0
0.114242 0
0.114094 0
0.11395 0
0.113791 0
0.113648 0
0.113506 0
0.113358 0
0.113209 0
0.113054 0
0.112894 0
0.112735 0
0.112576 0
0.112422 0
0.112276 0
0.112126 0
0.111975 0
0.111814 0
0.111675 0
0.111518 0
0.111372 0
0.111217 0
0.111069 0
0.110923 0
0.110771 0
0.110621 0
0.110486 0
0.110335 0
0.110195 0
0.110045 0
0.109886 0
0.109719 0
0.109569 0
0.109424 0
0.109274 0
0.109131 0
0.108979 0
0.108819 0
0.108661 0
0.108521 0
0.108368 0
0.108212 0
0.108062 0
0.107911 0
0.107762 0
0.10761 0
0.107452 0
0.107293 0
0.107138 0
0.106992 0
0.106838 0
0.106686 0
0.106544 0
0.1064 0
0.106251 0
0.106095 0
0.105935 0
0.105778 0
0.10562 0
0.105469 0
0.105314 0
0.105159 0
0.104998 0
0.104851 0
0.104702 0
0.10455 0
0.104409 0
0.10425 0
0.104106 0
0.103966 0
0.103813 0
0.103662 0
0.103505 0
0.103365 0
0.103208 0
0.10305 0
0.102891 0
0.102736 0
0.102579 0
0.102427 0
0.102283 0
0.102138 0
0.101986 0
0.101837 0
0.101686 0
0.101527 0
0.101374 0
0.101229 0
0.101091 0
0.100936 0
0.100784 0
0.10063 0
0.100487 0
0.100343 0
0.100184 0
0.100041 0
0.0998888 0
0.0997499 0
0.0995952 0
0.0994486 0
0.0993027 0
0.0991497 0
0.0990038 0
0.0988507 0
0.0987151 0
0.0985673 0
0.0984078 0
0.0982625 0
0.0981191 0
0.0979592 0
0.0978166 0
0.0976727 0
0.0975375 0
0.0973804 0
0.0972368 0
0.097088 0
0.0969383 0
0.0967802 0
0.0966366 0
0.096504 0
0.0963482 0
0.0961943 0
0.0960402 0
0.0959083 0
0.0957499 0
0.0955979 0
0.0954397 0
0.0952896 0
0.0951443 0
0.0949913 0
0.09486 0
0.0947007 0
0.0945517 0
0.0944099 0
0.094262 0
0.0941021 0
0.0939573 0
0.0938044 0
0.0936547 0
0.0934984 0
0.0933403 0
0.0931946 0
0.0930665 0
0.0929114 0
0.0927682 0
0.0926261 0
0.0924684 0
0.0923106 0
0.0921636 0
0.0920134 0
0.091856 0
0.0917033 0
0.0915617 0
0.0914129 0
0.0912636 0
0.0911083 0
0.0909563 0
0.0908018 0
0.0906477 0
0.0904992 0
0.0903442 0
0.0901876 0
0.0900409 0
0.0898852 0
0.0897298 0
0.089579 0
0.0894321 0
0.0892823 0
0.0891254 0
0.0889751 0
0.0888166 0
0.0886715 0
0.0885209 0
0.088368 0
0.0882238 0
0.0880701 0
0.0879215 0
0.0877754 0
0.0876211 0
0.0874681 0
0.0873319 0
0.0871811 0
0.087042 0
0.0868892 0
0.0867396 0
0.086588 0
0.0864355 0
0.0862959 0
0.0861405 0
0.0859895 0
0.0858648 0
0.0857336 0
0.0855933 0
0.0854426 0
0.0852935 0
0.0851353 0
0.0849861 0
0.0848271 0
0.0846754 0
0.0845447 0
0.0843913 0
0.0842375 0
0.0840887 0
0.0839357 0
0.0837962 0
0.0836491 0
0.0834977 0
0.0833485 0
0.0831898 0
0.0830341 0
0.0828786 0
0.0827265 0
0.0825738 0
0.0824135 0
0.082257 0
0.0821082 0
0.0819538 0
0.0818099 0
0.0816539 0
0.081504 0
0.0813524 0
0.0812028 0
0.0810612 0
0.0809096 0
0.0807595 0
0.0806015 0
0.0804554 0
0.0803019 0
0.0801569 0
0.0799981 0
0.079838 0
0.0796814 0
0.0795284 0
0.0793771 0
0.0792318 0
0.0790779 0
0.0789209 0
0.0787801 0
0.0786307 0
0.0784776 0
0.0783232 0
0.0781629 0
0.078003 0
0.0778513 0
0.0777193 0
0.0775692 0
0.0774258 0
0.0772731 0
0.0771195 0
0.076976 0
0.0768224 0
0.0766702 0
0.0765204 0
0.0763628 0
0.0762054 0
0.0760495 0
0.0758973 0
0.075739 0
0.0755815 0
0.0754306 0
0.0752759 0
0.0751242 0
0.0749819 0
0.074842 0
0.0746956 0
0.0745416 0
0.0743956 0
0.0742474 0
0.0741028 0
0.073953 0
0.0738071 0
0.07367 0
0.0735249 0
0.0733644 0
0.0732126 0
0.0730619 0
0.072906 0
0.0727565 0
0.0726098 0
0.0724572 0
0.0723061 0
0.0721499 0
0.0719982 0
0.071846 0
0.0717244 0
0.0715814 0
0.0714271 0
0.0712744 0
0.0711179 0
0.0709597 0
0.0708313 0
0.070677 0
0.0705243 0
0.0703723 0
0.070215 0
0.0700734 0
0.0699177 0
0.0697655 0
0.0696112 0
0.0694627 0
0.069322 0
0.0691675 0
0.0690101 0
0.0688535 0
0.0686937 0
0.0685422 0
0.0683906 0
0.0682396 0
0.0680959 0
0.0679463 0
0.0677913 0
0.0676334 0
0.0674862 0
0.067336 0
0.067179 0
0.067022 0
0.0668831 0
0.0667368 0
0.0665812 0
0.0664313 0
0.0661379 0
0.0659855 0
0.06583 0
0.0656778 0
0.0655206 0
0.0653655 0
0.0652111 0
0.0650556 0
0.064904 0
0.0647557 0
0.0645997 0
0.0644479 0
0.0643003 0
0.0641507 0
0.0639931 0
0.0638349 0
0.0636891 0
0.0635352 0
0.0633959 0
0.0632371 0
0.0630819 0
0.0629378 0
0.0627934 0
0.0626399 0
0.0624806 0
0.0623371 0
0.0621963 0
0.0620383 0
0.0618909 0
0.06174 0
0.0615947 0
0.0614372 0
0.0612818 0
0.0611312 0
0.060985 0
0.0608311 0
0.0606801 0
0.0605311 0
0.0603923 0
0.0602314 0
0.0600825 0
0.0599352 0
0.0597771 0
0.059634 0
0.0594841 0
0.0593296 0
0.0591806 0
0.0590153 0
0.0588784 0
0.0587375 0
0.058591 0
0.058435 0
0.0582854 0
0.0581409 0
0.0578361 0
0.0576944 0
0.0575472 0
0.0573949 0
0.0572399 0
0.0570917 0
0.0569513 0
0.0567992 0
0.056643 0
0.0564923 0
0.0563457 0
0.0561922 0
0.0560411 0
0.0559148 0
0.0557542 0
0.0556055 0
0.0554462 0
0.0552874 0
0.0551339 0
0.0549867 0
0.0548338 0
0.0546917 0
0.0545428 0
0.0543986 0
0.0542531 0
0.0541136 0
0.0539655 0
0.0538079 0
0.0536485 0
0.0535025 0
0.0533505 0
0.053202 0
0.0530412 0
0.0528856 0
0.0527425 0
0.0525856 0
0.0524345 0
0.0522923 0
0.0521422 0
0.0519945 0
0.0518373 0
0.0516807 0
0.051521 0
0.0513689 0
0.0512206 0
0.0510696 0
0.0509178 0
0.0507602 0
0.0506001 0
0.0504589 0
0.0503031 0
0.0501447 0
0.049986 0
0.0498455 0
0.0496987 0
0.0495533 0
0.0493954 0
0.0492415 0
0.0490912 0
0.0489379 0
0.0487846 0
0.0486349 0
0.0484811 0
0.0483214 0
0.0481652 0
0.0480169 0
0.0478653 0
0.0477293 0
0.0475722 0
0.0474253 0
0.047272 0
0.0471314 0
0.0469795 0
0.0468326 0
0.0466836 0
0.0465292 0
0.0463784 0
0.0462194 0
0.0460702 0
0.0459138 0
0.0457806 0
0.0456234 0
0.0454717 0
0.0453178 0
0.0451659 0
0.0450098 0
0.0448555 0
0.0447067 0
0.0445598 0
0.0444217 0
0.0442668 0
0.0441078 0
0.0439568 0
0.0438033 0
0.0436457 0
0.0434959 0
0.0433386 0
0.043182 0
0.0430282 0
0.0428724 0
0.0427211 0
0.0425622 0
0.0424083 0
0.0422547 0
0.0421073 0
0.041953 0
0.0418045 0
0.0416504 0
0.0414903 0
0.0413439 0
0.0411955 0
0.0410403 0
0.0408871 0
0.0407388 0
0.0405794 0
0.0404198 0
0.040268 0
0.0401223 0
0.0399811 0
0.0398398 0
0.0396842 0
0.0395404 0
0.0393854 0
0.0392406 0
0.0391145 0
0.0389654 0
0.0388146 0
0.0386614 0
0.0385066 0
0.0383593 0
0.0382044 0
0.0380595 0
0.0379149 0
0.0377569 0
0.0376046 0
0.0374497 0
0.0372901 0
0.0371368 0
0.0369841 0
0.0368322 0
0.0366733 0
0.0365169 0
0.0363602 0
0.0362043 0
0.0360459 0
0.035892 0
0.03574 0
0.0355855 0
0.0354265 0
0.0352682 0
0.0351114 0
0.0349567 0
0.0348021 0
0.0346539 0
0.0344996 0
0.0343477 0
0.0341927 0
0.034039 0
0.0338893 0
0.0337359 0
0.0335792 0
0.0334281 0
0.0332727 0
0.0331164 0
0.0329712 0
0.0328245 0
0.0326681 0
0.0325074 0
0.0323588 0
0.0321997 0
0.0320554 0
0.0319219 0
0.0317716 0
0.0316205 0
0.031468 0
0.0313242 0
0.0311665 0
0.031012 0
0.0308569 0
0.0307055 0
0.0305487 0
0.0303921 0
0.0302377 0
0.0300791 0
0.0299303 0
0.0297882 0
0.0296292 0
0.0294733 0
0.0293235 0
0.0291714 0
0.0290153 0
0.0288645 0
0.0287103 0
0.0285555 0
0.0284027 0
0.0282499 0
0.0280914 0
0.0279569 0
0.0278074 0
0.0276491 0
0.0275002 0
0.0273535 0
0.0271963 0
0.0270381 0
0.0268894 0
0.0267344 0
0.0265815 0
0.0264379 0
0.0262794 0
0.0261259 0
0.0259779 0
0.0258411 0
0.0256973 0
0.0255373 0
0.0253824 0
0.0252299 0
0.0250705 0
0.0249199 0
0.0247676 0
0.0246107 0
0.0244551 0
0.0243065 0
0.0241516 0
0.0239926 0
0.0238427 0
0.0236948 0
0.023546 0
0.0233993 0
0.0232393 0
0.0230964 0
0.0229388 0
0.0227897 0
0.022624 0
0.0224745 0
0.022332 0
0.0221877 0
0.0220408 0
0.021882 0
0.0217375 0
0.0215851 0
0.0214317 0
0.021285 0
0.021152 0
0.0210086 0
0.0208543 0
0.0207096 0
0.0205556 0
0.0204024 0
0.0202554 0
0.0201118 0
0.0199527 0
0.0198026 0
0.0196497 0
0.0194913 0
0.0193466 0
0.0191954 0
0.0190378 0
0.0188932 0
0.0187372 0
0.0185948 0
0.0184427 0
0.0182917 0
0.0181385 0
0.0179894 0
0.0178406 0
0.0176829 0
0.017525 0
0.017372 0
0.0172296 0
0.0170723 0
0.0169228 0
0.0167665 0
0.0166094 0
0.016461 0
0.0163011 0
0.0161585 0
0.0160049 0
0.0158489 0
0.0156965 0
0.0155446 0
0.0154 0
0.015244 0
0.0150997 0
0.0149468 0
0.0147899 0
0.0146343 0
0.014477 0
0.0143302 0
0.0141809 0
0.0140327 0
0.0138743 0
0.013726 0
0.0135736 0
0.013432 0
0.0132708 0
0.013112 0
0.0129556 0
0.0128104 0
0.0126568 0
0.0124982 0
0.0123485 0
0.0121913 0
0.0120447 0
0.0118941 0
0.0117411 0
0.0115863 0
0.0114321 0
0.0112769 0
0.0111263 0
0.0109759 0
0.0108246 0
0.0106674 0
0.0104995 0
0.0103579 0
0.0102038 0
0.0100483 0
0.00989684 0
0.00974036 0
0.00958817 0
0.00943678 0
0.00927857 0
0.00912638 0
0.00897727 0
0.00882804 0
0.00868928 0
0.00853176 0
0.00839046 0
0.00824679 0
0.00809608 0
0.00794299 0
0.00778501 0
0.00763561 0
0.00748937 0
0.00734404 0
0.00718816 0
0.00703399 0
0.0068807 0
0.00672823 0
0.00657339 0
0.00642638 0
0.00628612 0
0.00613199 0
0.0059788 0
0.00582559 0
0.00566628 0
0.00550686 0
0.00535447 0
0.00520312 0
0.00504684 0
0.00488776 0
0.00473739 0
0.0045771 0
0.0044184 0
0.00426023 0
0.00410911 0
0.00395697 0
0.00380685 0
0.0036494 0
0.00349576 0
0.00333833 0
0.00318735 0
0.00303349 0
0.00287475 0
0.00272907 0
0.00258569 0
0.00243358 0
0.00227919 0
0.00211993 0
0.00197449 0
0.00182188 0
0.00167168 0
0.0015208 0
0.00136787 0
0.0012265 0
0.00107706 0
0.000926393 0
0.0007783 0
0.000619332 0
0.00045998 0
0.000303986 0
0.000156613 0
0 0
