0.721126 1969
0.721126 1968
0.721126 1967
0.721126 1966
0.721126 1965
0.721126 1964
0.721126 1963
0.721126 1962
0.721126 1961
0.721126 1960
0.721126 1959
0.721126 1958
0.721126 1957
0.721126 1956
0.721126 1955
0.721126 1954
0.721126 1953
0.721126 1952
0.721126 1951
0.721126 1950
0.721126 1949
0.721126 1948
0.721126 1947
0.721126 1946
0.721126 1945
0.721126 1944
0.721126 1943
0.721126 1942
0.721126 1941
0.721126 1940
0.721126 1939
0.721126 1938
0.721126 1937
0.721126 1936
0.721126 1935
0.721126 1934
0.721126 1933
0.721126 1932
0.721126 1931
0.721126 1930
0.721126 1929
0.721126 1928
0.721126 1927
0.721126 1926
0.721126 1925
0.721126 1924
0.721126 1923
0.721126 1922
0.721126 1921
0.721126 1920
0.721126 1919
0.721126 1918
0.721126 1917
0.721126 1916
0.721126 1915
0.721126 1914
0.721126 1913
0.721126 1912
0.721126 1911
0.721126 1910
0.721126 1909
0.721126 1908
0.721126 1907
0.721126 1906
0.721126 1905
0.721126 1904
0.721126 1903
0.721126 1902
0.721126 1901
0.721126 1900
0.721126 1899
0.721126 1898
0.721126 1897
0.721126 1896
0.721126 1895
0.721126 1894
0.721126 1893
0.721126 1892
0.721126 1891
0.721126 1890
0.721126 1889
0.721126 1888
0.721126 1887
0.721126 1886
0.721126 1885
0.721126 1884
0.721126 1883
0.721126 1882
0.721126 1881
0.721126 1880
0.721126 1879
0.721126 1878
0.721126 1877
0.721126 1876
0.721126 1875
0.721126 1874
0.721126 1873
0.721126 1872
0.721126 1871
0.721126 1870
0.721126 1869
0.721126 1868
0.721126 1867
0.721126 1866
0.721126 1865
0.721126 1864
0.721126 1863
0.721126 1862
0.721126 1861
0.721126 1860
0.721126 1859
0.721126 1858
0.721126 1857
0.720988 1857
0.720988 1856
0.720988 1855
0.720988 1854
0.720988 1853
0.720988 1852
0.720988 1851
0.720988 1850
0.720988 1849
0.720988 1848
0.720988 1847
0.720988 1846
0.720988 1845
0.720988 1844
0.720988 1843
0.720988 1842
0.720988 1841
0.720988 1840
0.720988 1839
0.720988 1838
0.720988 1837
0.720988 1836
0.720988 1835
0.720988 1834
0.720988 1833
0.720988 1832
0.720988 1831
0.720988 1830
0.720988 1829
0.720988 1828
0.720988 1827
0.720988 1826
0.720988 1825
0.720988 1824
0.720988 1823
0.720988 1822
0.720988 1821
0.720988 1820
0.720988 1819
0.720988 1818
0.720988 1817
0.720988 1816
0.720988 1815
0.720988 1814
0.720988 1813
0.720988 1812
0.720988 1811
0.720988 1810
0.720988 1809
0.720988 1808
0.720988 1807
0.720988 1806
0.720988 1805
0.720988 1804
0.720988 1803
0.720988 1802
0.720988 1801
0.720988 1800
0.720988 1799
0.720988 1798
0.720988 1797
0.720988 1796
0.720988 1795
0.720988 1794
0.720988 1793
0.720988 1792
0.720988 1791
0.720988 1790
0.720988 1789
0.720988 1788
0.720856 1788
0.720748 1788
0.720748 1787
0.720748 1786
0.720748 1785
0.720748 1784
0.720748 1783
0.720748 1782
0.720748 1781
0.720748 1780
0.72072 1779
0.72072 1778
0.72072 1777
0.72072 1776
0.72072 1775
0.72072 1774
0.72072 1773
0.72072 1772
0.72072 1771
0.72072 1770
0.72072 1769
0.72072 1768
0.72072 1767
0.72072 1766
0.72072 1765
0.72072 1764
0.72072 1763
0.72072 1762
0.72072 1761
0.72072 1760
0.72072 1759
0.72072 1758
0.72072 1757
0.72072 1756
0.72072 1755
0.72072 1754
0.72072 1753
0.72072 1752
0.720643 1751
0.720643 1750
0.720643 1749
0.720643 1748
0.720643 1747
0.720643 1746
0.720643 1745
0.720643 1744
0.720643 1743
0.720643 1742
0.720643 1741
0.720643 1740
0.720643 1739
0.720643 1738
0.720643 1737
0.720643 1736
0.720643 1735
0.720643 1734
0.720643 1733
0.720643 1732
0.720643 1731
0.720643 1730
0.720643 1729
0.720643 1728
0.720643 1727
0.720643 1726
0.720643 1725
0.720643 1724
0.720643 1723
0.720643 1722
0.720643 1721
0.720643 1720
0.720643 1719
0.720643 1718
0.720643 1717
0.720643 1716
0.720643 1715
0.720643 1714
0.720643 1713
0.720643 1712
0.720643 1711
0.720643 1710
0.720643 1709
0.720643 1708
0.720643 1707
0.720643 1706
0.720643 1705
0.720643 1704
0.720643 1703
0.720643 1702
0.720643 1701
0.720643 1700
0.720643 1699
0.720643 1698
0.720643 1697
0.720643 1696
0.720643 1695
0.720643 1694
0.720643 1693
0.720629 1692
0.720629 1691
0.720629 1690
0.720629 1689
0.720487 1689
0.720487 1688
0.720487 1687
0.720487 1686
0.720487 1685
0.720487 1684
0.720487 1683
0.72035 1683
0.72035 1682
0.72035 1681
0.72035 1680
0.72035 1679
0.72035 1678
0.72035 1677
0.72035 1676
0.72035 1675
0.72035 1674
0.72035 1673
0.72035 1672
0.72035 1671
0.72035 1670
0.72035 1669
0.72035 1668
0.72035 1667
0.72035 1666
0.72035 1665
0.72035 1664
0.72035 1663
0.72035 1662
0.72035 1661
0.72035 1660
0.720214 1660
0.720214 1659
0.720214 1658
0.720214 1657
0.720214 1656
0.720214 1655
0.720214 1654
0.720214 1653
0.720214 1652
0.720214 1651
0.720214 1650
0.720214 1649
0.720214 1648
0.720214 1647
0.720214 1646
0.720214 1645
0.720214 1644
0.720214 1643
0.720214 1642
0.720095 1642
0.720095 1641
0.720095 1640
0.720095 1639
0.720095 1638
0.720095 1637
0.720095 1636
0.720095 1635
0.720095 1634
0.720095 1633
0.720095 1632
0.720095 1631
0.720092 1630
0.720092 1629
0.720092 1628
0.720092 1627
0.720092 1626
0.720092 1625
0.720092 1624
0.720092 1623
0.720092 1622
0.720092 1621
0.719956 1621
0.719956 1620
0.719956 1619
0.719956 1618
0.719956 1617
0.719956 1616
0.719956 1615
0.719956 1614
0.719956 1613
0.719956 1612
0.719956 1611
0.719956 1610
0.719956 1609
0.719956 1608
0.719956 1607
0.719868 1607
0.719868 1606
0.719868 1605
0.719868 1604
0.719868 1603
0.719868 1602
0.719868 1601
0.719868 1600
0.719868 1599
0.719868 1598
0.719813 1597
0.719813 1596
0.719813 1595
0.719813 1594
0.719813 1593
0.719813 1592
0.719813 1591
0.719813 1590
0.719813 1589
0.719813 1588
0.719813 1587
0.719813 1586
0.719813 1585
0.719813 1584
0.719813 1583
0.719813 1582
0.719813 1581
0.719813 1580
0.719813 1579
0.719813 1578
0.719813 1577
0.719813 1576
0.719793 1575
0.719793 1574
0.719793 1573
0.719793 1572
0.719793 1571
0.719793 1570
0.719793 1569
0.719793 1568
0.719793 1567
0.719793 1566
0.719793 1565
0.719793 1564
0.719793 1563
0.719793 1562
0.719793 1561
0.719793 1560
0.719793 1559
0.719784 1558
0.719784 1557
0.719784 1556
0.719784 1555
0.719784 1554
0.719784 1553
0.719784 1552
0.719784 1551
0.719784 1550
0.719784 1549
0.719784 1548
0.719784 1547
0.719784 1546
0.719784 1545
0.719784 1544
0.719784 1543
0.719784 1542
0.719784 1541
0.719697 1540
0.719697 1539
0.719697 1538
0.719697 1537
0.719697 1536
0.719697 1535
0.719697 1534
0.719581 1534
0.719581 1533
0.719581 1532
0.719581 1531
0.719581 1530
0.719581 1529
0.719581 1528
0.719581 1527
0.719581 1526
0.719581 1525
0.719581 1524
0.719581 1523
0.719581 1522
0.719581 1521
0.719581 1520
0.719581 1519
0.719581 1518
0.719581 1517
0.719581 1516
0.719581 1515
0.719554 1514
0.719554 1513
0.719554 1512
0.719554 1511
0.719554 1510
0.719554 1509
0.719554 1508
0.719554 1507
0.719554 1506
0.719554 1505
0.719554 1504
0.719447 1504
0.719447 1503
0.719447 1502
0.719447 1501
0.719447 1500
0.719447 1499
0.719447 1498
0.719447 1497
0.719447 1496
0.719447 1495
0.719447 1494
0.719447 1493
0.719447 1492
0.719447 1491
0.719447 1490
0.719447 1489
0.719447 1488
0.71934 1488
0.71934 1487
0.71934 1486
0.71934 1485
0.71934 1484
0.71934 1483
0.719224 1483
0.719224 1482
0.719224 1481
0.719224 1480
0.719224 1479
0.719224 1478
0.719224 1477
0.719224 1476
0.719224 1475
0.719224 1474
0.719224 1473
0.719224 1472
0.719224 1471
0.719224 1470
0.719224 1469
0.719224 1468
0.719224 1467
0.719224 1466
0.719224 1465
0.719224 1464
0.719224 1463
0.719224 1462
0.719224 1461
0.719224 1460
0.719224 1459
0.719224 1458
0.719224 1457
0.719224 1456
0.719224 1455
0.719224 1454
0.719224 1453
0.719224 1452
0.719224 1451
0.719224 1450
0.719224 1449
0.719144 1448
0.719144 1447
0.719144 1446
0.719144 1445
0.719144 1444
0.719144 1443
0.719144 1442
0.719144 1441
0.719144 1440
0.719144 1439
0.719144 1438
0.719144 1437
0.719144 1436
0.719144 1435
0.719144 1434
0.719144 1433
0.719144 1432
0.719144 1431
0.719144 1430
0.719144 1429
0.719144 1428
0.719144 1427
0.719144 1426
0.719144 1425
0.719144 1424
0.719116 1423
0.719116 1422
0.719116 1421
0.719116 1420
0.719029 1419
0.718929 1419
0.718929 1418
0.718929 1417
0.718929 1416
0.718929 1415
0.718929 1414
0.718929 1413
0.718929 1412
0.718929 1411
0.718929 1410
0.718929 1409
0.718929 1408
0.718929 1407
0.718929 1406
0.718929 1405
0.718929 1404
0.718929 1403
0.718929 1402
0.718929 1401
0.718929 1400
0.718929 1399
0.718929 1398
0.718929 1397
0.718929 1396
0.718929 1395
0.718929 1394
0.718929 1393
0.718929 1392
0.718929 1391
0.718929 1390
0.718929 1389
0.718929 1388
0.718929 1387
0.718929 1386
0.718929 1385
0.718929 1384
0.718929 1383
0.718929 1382
0.718929 1381
0.718929 1380
0.718929 1379
0.718929 1378
0.718929 1377
0.718929 1376
0.718929 1375
0.718929 1374
0.718929 1373
0.718929 1372
0.718929 1371
0.718929 1370
0.718929 1369
0.718929 1368
0.718929 1367
0.718929 1366
0.718929 1365
0.718929 1364
0.718929 1363
0.718929 1362
0.718929 1361
0.718929 1360
0.718929 1359
0.718929 1358
0.718929 1357
0.718929 1356
0.718929 1355
0.718929 1354
0.718929 1353
0.718929 1352
0.718929 1351
0.718929 1350
0.718929 1349
0.718929 1348
0.718929 1347
0.718929 1346
0.718929 1345
0.718929 1344
0.718929 1343
0.718929 1342
0.718929 1341
0.718929 1340
0.718929 1339
0.718929 1338
0.718929 1337
0.718929 1336
0.718929 1335
0.718929 1334
0.718929 1333
0.718929 1332
0.718929 1331
0.718929 1330
0.718929 1329
0.718929 1328
0.718929 1327
0.718929 1326
0.718929 1325
0.718929 1324
0.718929 1323
0.718929 1322
0.718929 1321
0.718929 1320
0.718929 1319
0.718929 1318
0.718929 1317
0.718929 1316
0.718929 1315
0.718774 1315
0.718774 1314
0.718774 1313
0.718774 1312
0.718774 1311
0.718774 1310
0.718774 1309
0.718774 1308
0.718774 1307
0.718774 1306
0.718657 1306
0.718657 1305
0.718657 1304
0.718657 1303
0.718657 1302
0.718657 1301
0.718657 1300
0.718657 1299
0.718657 1298
0.718617 1297
0.718617 1296
0.718617 1295
0.718617 1294
0.718617 1293
0.718617 1292
0.718617 1291
0.718534 1290
0.718534 1289
0.718534 1288
0.718534 1287
0.718534 1286
0.71841 1286
0.71841 1285
0.71841 1284
0.71841 1283
0.71841 1282
0.71841 1281
0.71841 1280
0.718334 1279
0.718334 1278
0.718334 1277
0.718334 1276
0.718334 1275
0.718334 1274
0.718334 1273
0.718334 1272
0.718334 1271
0.718334 1270
0.718334 1269
0.718334 1268
0.718334 1267
0.718334 1266
0.718212 1266
0.718212 1265
0.718212 1264
0.718212 1263
0.718212 1262
0.718212 1261
0.718212 1260
0.718212 1259
0.718212 1257
0.718212 1256
0.718212 1255
0.718212 1254
0.718212 1253
0.718212 1252
0.718212 1251
0.718138 1250
0.718138 1249
0.718138 1248
0.718138 1247
0.718033 1247
0.718033 1246
0.718033 1245
0.718033 1244
0.718033 1243
0.718033 1242
0.718033 1241
0.718033 1240
0.718033 1239
0.718033 1238
0.718033 1237
0.718033 1236
0.718033 1235
0.718033 1234
0.718033 1233
0.718033 1232
0.718033 1231
0.718033 1230
0.718033 1229
0.718033 1228
0.718033 1227
0.718033 1226
0.717949 1225
0.717949 1224
0.717949 1223
0.717949 1222
0.717949 1221
0.717949 1220
0.717949 1219
0.717949 1218
0.717949 1217
0.717949 1216
0.717949 1215
0.717949 1214
0.717949 1213
0.717949 1212
0.717949 1211
0.717949 1210
0.717949 1209
0.717949 1208
0.717949 1207
0.717949 1206
0.717949 1205
0.717949 1204
0.717949 1203
0.717949 1202
0.717949 1201
0.717949 1200
0.717808 1200
0.717808 1199
0.717808 1198
0.717808 1197
0.717808 1196
0.717808 1195
0.717808 1194
0.717808 1193
0.717808 1192
0.717808 1191
0.717808 1190
0.717808 1189
0.717808 1188
0.717808 1187
0.717808 1186
0.717808 1185
0.717808 1184
0.717808 1183
0.717808 1182
0.717792 1181
0.717792 1180
0.717792 1179
0.717701 1178
0.717701 1177
0.717701 1176
0.717701 1175
0.717701 1174
0.717701 1173
0.717542 1173
0.717542 1172
0.717542 1171
0.717542 1170
0.717542 1169
0.717542 1168
0.717542 1167
0.717542 1166
0.717519 1165
0.717519 1164
0.717519 1163
0.717519 1162
0.717492 1161
0.717492 1160
0.717492 1159
0.717492 1158
0.717492 1157
0.717492 1156
0.717492 1155
0.717492 1154
0.717492 1153
0.717492 1152
0.717492 1151
0.717492 1150
0.717492 1149
0.717492 1148
0.717492 1147
0.717492 1146
0.717492 1145
0.717492 1144
0.71741 1143
0.71741 1142
0.71741 1141
0.71741 1140
0.71741 1139
0.71741 1138
0.71741 1137
0.71741 1136
0.71741 1135
0.71741 1134
0.71741 1133
0.71741 1132
0.71741 1131
0.71741 1130
0.717408 1129
0.717408 1128
0.717408 1127
0.717408 1126
0.717408 1125
0.717408 1124
0.717388 1123
0.717388 1122
0.717388 1121
0.717388 1120
0.717348 1119
0.717348 1118
0.717348 1117
0.717348 1116
0.717348 1115
0.717248 1115
0.717248 1114
0.717248 1113
0.717248 1112
0.717248 1111
0.717248 1110
0.717248 1109
0.717248 1108
0.717248 1107
0.717248 1106
0.717248 1105
0.717248 1104
0.717248 1103
0.717248 1102
0.717248 1101
0.717248 1100
0.717248 1099
0.717248 1098
0.717248 1097
0.717248 1096
0.717248 1095
0.717248 1094
0.717248 1093
0.717248 1092
0.717248 1091
0.717248 1090
0.717248 1089
0.717248 1088
0.717248 1087
0.717248 1086
0.717248 1085
0.717248 1084
0.717248 1083
0.717248 1082
0.717162 1081
0.717162 1080
0.717162 1079
0.717162 1078
0.717162 1077
0.717162 1076
0.717162 1075
0.717162 1074
0.717162 1073
0.717162 1072
0.717162 1071
0.717162 1070
0.717162 1069
0.717162 1068
0.717162 1067
0.717162 1066
0.717162 1065
0.717162 1064
0.717162 1063
0.717162 1062
0.716997 1062
0.716997 1061
0.716997 1060
0.716997 1059
0.716997 1058
0.716997 1057
0.716997 1056
0.716997 1055
0.716997 1054
0.716951 1053
0.716855 1052
0.716855 1051
0.716855 1050
0.716855 1049
0.716855 1048
0.716855 1047
0.716855 1046
0.716855 1045
0.716855 1044
0.716855 1043
0.716855 1042
0.716855 1041
0.716855 1040
0.716855 1039
0.716855 1038
0.716855 1037
0.716855 1036
0.716855 1035
0.716855 1034
0.716855 1033
0.716855 1032
0.716855 1031
0.716855 1030
0.716789 1029
0.716789 1028
0.716789 1027
0.716789 1026
0.716789 1025
0.716789 1024
0.716789 1023
0.716789 1022
0.716789 1021
0.716789 1020
0.716789 1019
0.716698 1018
0.716698 1017
0.716698 1016
0.716698 1015
0.716698 1014
0.716698 1013
0.716698 1012
0.716698 1011
0.716698 1010
0.716698 1009
0.716698 1008
0.716698 1007
0.716698 1006
0.716698 1005
0.716555 1005
0.716555 1004
0.716555 1003
0.716555 1002
0.716555 1001
0.716555 1000
0.716456 1000
0.716456 999
0.716363 998
0.716363 997
0.716363 996
0.716363 995
0.716363 994
0.71623 994
0.71623 993
0.716225 992
0.716225 991
0.716225 990
0.716225 989
0.716225 988
0.716225 987
0.716225 986
0.716225 985
0.716225 984
0.716225 983
0.716225 982
0.716124 982
0.716124 981
0.716124 980
0.716124 979
0.716124 978
0.716124 977
0.716124 976
0.716124 975
0.716124 974
0.716124 973
0.716124 972
0.716124 971
0.716124 970
0.716124 969
0.716077 968
0.716077 967
0.716077 966
0.716077 965
0.716011 964
0.716011 963
0.716011 962
0.716011 961
0.716011 960
0.716011 959
0.716011 958
0.715945 957
0.715945 956
0.715945 955
0.715945 954
0.715776 954
0.715776 953
0.715776 952
0.71574 951
0.71574 950
0.71574 949
0.715686 948
0.715686 947
0.715686 946
0.715686 945
0.715686 944
0.715686 943
0.715686 942
0.715686 941
0.715686 940
0.715686 939
0.715686 938
0.715686 937
0.715686 936
0.715686 935
0.715686 934
0.715686 933
0.715686 932
0.715686 931
0.715686 930
0.715686 929
0.715686 928
0.715686 927
0.715686 926
0.715686 925
0.715686 924
0.715686 923
0.715686 922
0.715686 921
0.715686 920
0.715686 919
0.715686 918
0.715686 917
0.715686 916
0.715686 915
0.715686 914
0.715686 913
0.715686 912
0.715686 911
0.715686 910
0.715686 909
0.715686 908
0.715686 907
0.715686 906
0.715625 905
0.715625 904
0.715518 904
0.715518 903
0.715518 902
0.715518 901
0.715518 900
0.715518 899
0.715518 898
0.715518 897
0.715518 896
0.715518 895
0.715518 894
0.715518 893
0.715518 892
0.715518 891
0.715518 890
0.715518 889
0.715518 888
0.715421 888
0.715421 887
0.715421 886
0.715421 885
0.715421 884
0.715421 883
0.715421 882
0.715421 881
0.715421 880
0.715273 880
0.715172 880
0.715172 879
0.715172 878
0.715172 877
0.715147 876
0.715147 875
0.715147 874
0.715147 873
0.714985 873
0.714985 872
0.714873 872
0.714873 871
0.714873 870
0.714873 869
0.714873 868
0.714873 867
0.714873 866
0.714826 865
0.714826 864
0.714826 863
0.714809 862
0.714809 861
0.714809 860
0.714809 859
0.714809 858
0.714809 857
0.714809 856
0.714809 855
0.714809 854
0.714809 853
0.714809 852
0.714647 852
0.714647 851
0.714647 850
0.714647 849
0.714647 848
0.714647 847
0.714647 846
0.714539 846
0.714539 845
0.714539 844
0.714539 843
0.714342 842
0.714342 841
0.714342 840
0.714342 839
0.714342 838
0.714342 836
0.714225 836
0.714225 835
0.714225 834
0.714225 833
0.714225 832
0.714225 831
0.714225 830
0.714225 829
0.714225 828
0.714225 827
0.714225 826
0.714225 825
0.714225 824
0.714225 823
0.714225 822
0.714225 821
0.714088 821
0.714088 820
0.714088 819
0.714088 818
0.714088 817
0.714088 816
0.714088 815
0.714088 814
0.714088 813
0.714088 812
0.714088 811
0.713976 811
0.713976 810
0.713976 809
0.713976 808
0.713976 807
0.713976 806
0.713976 805
0.713976 804
0.713976 803
0.713976 802
0.713976 801
0.713976 800
0.713976 799
0.713976 798
0.713964 797
0.713964 796
0.713964 795
0.713964 794
0.713964 793
0.713964 792
0.713964 791
0.713964 790
0.713961 789
0.713961 788
0.713961 787
0.713961 786
0.713961 785
0.713961 784
0.713961 783
0.713961 782
0.71382 782
0.713746 781
0.713746 780
0.713746 779
0.713719 778
0.713719 777
0.713719 776
0.713719 775
0.713719 774
0.713719 773
0.713719 772
0.713719 771
0.713719 770
0.713719 769
0.713719 768
0.713719 767
0.713719 766
0.713719 765
0.713582 765
0.713582 764
0.713582 763
0.713582 762
0.713582 761
0.713582 760
0.713582 759
0.713582 758
0.713582 757
0.713582 756
0.713582 755
0.713428 755
0.713428 754
0.713428 753
0.713428 752
0.713416 751
0.713416 750
0.713416 749
0.713416 748
0.713416 747
0.713416 746
0.713416 745
0.713416 744
0.713416 743
0.713416 742
0.713416 741
0.713416 740
0.713416 739
0.713416 738
0.713416 737
0.713416 736
0.713416 735
0.713255 735
0.713255 734
0.713255 733
0.713255 732
0.713255 731
0.713255 730
0.713134 730
0.713134 729
0.713134 728
0.713134 727
0.713134 726
0.713134 725
0.713134 724
0.713134 723
0.713134 722
0.713134 721
0.713134 720
0.713134 719
0.71307 718
0.713059 717
0.713059 716
0.713059 715
0.713059 714
0.713059 713
0.713059 712
0.713059 711
0.713059 710
0.713059 709
0.713059 708
0.713059 707
0.713059 706
0.713059 705
0.713059 704
0.713059 703
0.713059 702
0.713059 701
0.713059 700
0.713059 699
0.713059 698
0.713055 697
0.713055 696
0.713055 695
0.713055 694
0.713055 693
0.713055 692
0.713055 691
0.713055 690
0.713055 689
0.713055 688
0.713055 687
0.713055 686
0.713055 685
0.713055 684
0.713055 683
0.713055 682
0.713055 681
0.713055 680
0.713055 679
0.713055 678
0.713055 677
0.713055 676
0.712949 676
0.712949 675
0.712949 674
0.712949 673
0.712949 672
0.712949 671
0.712949 670
0.712949 669
0.712949 668
0.712949 667
0.712949 666
0.712949 665
0.712949 664
0.712949 663
0.712949 662
0.712949 661
0.712949 660
0.712949 659
0.712949 658
0.712812 658
0.712812 657
0.712754 656
0.712754 655
0.712754 654
0.712754 653
0.712754 652
0.712754 651
0.712754 650
0.712754 649
0.712754 648
0.712754 647
0.712754 646
0.712754 645
0.712754 644
0.712754 643
0.712754 642
0.712754 641
0.712754 640
0.712646 640
0.712646 639
0.712646 638
0.712646 637
0.712646 636
0.712646 635
0.712646 634
0.712646 633
0.712646 632
0.712646 631
0.712646 630
0.712646 629
0.712646 628
0.712646 627
0.712646 626
0.712646 625
0.712646 624
0.712646 623
0.712646 622
0.712646 621
0.712646 620
0.712646 619
0.712646 618
0.712646 617
0.712646 616
0.712646 615
0.712541 615
0.712541 614
0.712541 613
0.712541 612
0.712443 612
0.712443 611
0.712443 610
0.712443 609
0.712443 608
0.712363 607
0.712252 607
0.712252 606
0.712252 605
0.712252 604
0.712252 603
0.712252 602
0.712252 601
0.712252 600
0.712252 599
0.712252 598
0.712252 597
0.712252 596
0.712252 595
0.712252 594
0.712229 593
0.712166 592
0.712166 591
0.712166 590
0.712166 589
0.712166 588
0.712044 588
0.712044 587
0.712044 586
0.712044 585
0.712044 584
0.712044 583
0.712044 582
0.711896 582
0.711896 581
0.711896 580
0.711746 580
0.711746 579
0.711746 578
0.711746 577
0.711746 576
0.711718 574
0.711718 573
0.711621 572
0.711553 571
0.711553 570
0.711538 569
0.711538 568
0.711538 567
0.711538 566
0.711538 565
0.711538 564
0.711538 563
0.711538 562
0.711538 561
0.711538 560
0.711538 559
0.711538 558
0.711538 557
0.711538 556
0.711417 556
0.711417 555
0.711417 554
0.711417 553
0.711365 552
0.711365 551
0.711365 550
0.711365 549
0.711365 548
0.711365 547
0.711365 546
0.711365 545
0.711365 544
0.711362 543
0.711362 542
0.711362 541
0.711362 540
0.711362 539
0.711362 538
0.711362 537
0.711362 536
0.711316 535
0.711316 534
0.711316 533
0.711316 532
0.711222 531
0.711222 530
0.711222 529
0.711222 528
0.711222 527
0.711222 526
0.711222 525
0.711222 524
0.711222 523
0.711222 522
0.711222 521
0.711222 520
0.711222 519
0.711222 518
0.711222 517
0.711222 516
0.711222 515
0.711222 514
0.711222 513
0.711222 512
0.711222 511
0.711222 510
0.711222 509
0.711222 508
0.71109 508
0.71109 507
0.71109 506
0.710973 506
0.710973 505
0.710973 504
0.710973 503
0.710973 502
0.710973 501
0.710973 500
0.710973 499
0.710835 499
0.710732 499
0.71073 498
0.71073 497
0.71073 496
0.71073 495
0.710621 495
0.710469 495
0.710469 494
0.710469 493
0.710469 492
0.710469 491
0.710469 490
0.710469 489
0.710469 488
0.710469 487
0.710469 486
0.710344 486
0.710344 485
0.710344 484
0.710344 483
0.710344 482
0.710344 481
0.710344 480
0.710344 479
0.710344 478
0.710205 478
0.710165 477
0.710165 476
0.710108 475
0.710108 474
0.710108 473
0.710108 472
0.709981 472
0.709819 472
0.709819 471
0.709819 470
0.709819 469
0.709819 468
0.709819 467
0.709819 466
0.709819 465
0.709819 464
0.709819 463
0.709819 462
0.709819 461
0.709819 460
0.709819 459
0.709819 458
0.709819 457
0.709819 456
0.709819 455
0.709819 454
0.709819 453
0.709819 452
0.709819 451
0.709819 450
0.709819 449
0.709819 448
0.709819 447
0.709819 446
0.709683 446
0.709536 446
0.709404 446
0.709404 445
0.709404 444
0.709404 443
0.709404 442
0.709404 441
0.709404 440
0.709404 439
0.709404 438
0.709404 437
0.709267 437
0.70912 437
0.70912 436
0.70912 435
0.70912 434
0.70912 433
0.70912 432
0.70912 431
0.70912 430
0.70912 429
0.70912 428
0.70912 427
0.70912 426
0.70912 425
0.70912 424
0.70912 423
0.70912 422
0.70912 421
0.708991 421
0.708991 420
0.708991 419
0.708991 418
0.708896 417
0.708896 416
0.708896 415
0.708896 414
0.708896 413
0.708896 412
0.708896 411
0.708896 410
0.708821 409
0.708821 408
0.708821 407
0.708821 406
0.70871 406
0.70871 405
0.70871 404
0.70871 403
0.70871 402
0.70871 401
0.70871 400
0.70871 399
0.70871 398
0.70871 397
0.70871 396
0.70871 395
0.70871 394
0.70871 393
0.70871 392
0.70871 391
0.708563 391
0.708563 390
0.708563 389
0.708563 388
0.708426 388
0.708243 388
0.708243 387
0.708243 386
0.708243 385
0.708243 384
0.708243 383
0.708117 383
0.708117 382
0.708117 381
0.708077 380
0.708077 379
0.707935 379
0.707935 378
0.707935 377
0.707935 376
0.707935 375
0.707935 374
0.707935 373
0.707935 372
0.707935 371
0.707935 370
0.707935 369
0.707935 368
0.707935 367
0.707834 367
0.707834 366
0.707834 365
0.707834 364
0.707834 363
0.707714 363
0.707714 362
0.707714 361
0.707714 360
0.707581 360
0.707581 359
0.707581 358
0.707419 358
0.707419 357
0.707262 357
0.707262 356
0.707262 355
0.707262 354
0.707262 353
0.707262 352
0.707262 351
0.707262 350
0.707262 349
0.707262 348
0.707262 347
0.707262 346
0.707262 345
0.707262 344
0.707262 343
0.707259 342
0.707259 341
0.707259 340
0.707137 340
0.707137 339
0.707137 338
0.707137 337
0.706983 337
0.706983 336
0.706983 335
0.706983 334
0.706983 333
0.706983 332
0.706983 331
0.706983 330
0.706983 329
0.706886 329
0.706886 328
0.706886 327
0.706886 326
0.706886 325
0.706775 325
0.706775 324
0.706775 323
0.706775 322
0.706775 321
0.706775 320
0.706775 319
0.706775 318
0.706775 317
0.706775 316
0.706775 315
0.706625 315
0.706625 314
0.706625 313
0.706625 312
0.70662 311
0.706498 311
0.706498 310
0.706374 310
0.706225 310
0.706225 309
0.706225 308
0.706225 307
0.706225 306
0.706225 305
0.706225 304
0.706109 304
0.706109 302
0.706109 301
0.706109 300
0.706109 299
0.70605 298
0.70605 297
0.70605 296
0.70605 295
0.70605 294
0.70605 293
0.70605 292
0.70605 291
0.70605 290
0.70605 289
0.70605 288
0.705899 288
0.705899 287
0.705899 286
0.705899 285
0.70574 285
0.705615 285
0.705615 284
0.705615 283
0.705487 283
0.705487 282
0.705487 281
0.705487 280
0.705487 279
0.705487 278
0.705487 277
0.705487 276
0.705487 275
0.705487 274
0.705487 273
0.705487 272
0.705487 271
0.705487 270
0.705341 270
0.705341 269
0.705205 269
0.705205 268
0.705059 268
0.705059 267
0.705059 266
0.704905 266
0.704905 265
0.704788 265
0.704788 264
0.704788 263
0.704788 262
0.704788 261
0.704788 260
0.704788 259
0.704788 258
0.70465 258
0.704544 258
0.704544 257
0.704544 256
0.704544 255
0.704491 254
0.704491 253
0.704491 252
0.704491 251
0.704491 250
0.704491 249
0.704491 248
0.704358 248
0.704358 247
0.704358 246
0.704358 245
0.704267 244
0.704267 243
0.704267 242
0.704267 241
0.704267 240
0.704267 239
0.704162 239
0.704027 239
0.704027 238
0.704027 236
0.704027 235
0.704027 234
0.704027 233
0.704027 232
0.704027 231
0.704027 230
0.704027 229
0.704027 228
0.704027 227
0.704027 226
0.704027 225
0.704027 224
0.703893 224
0.703893 223
0.703893 222
0.703893 221
0.703893 220
0.703893 219
0.70376 219
0.70376 218
0.70376 217
0.70376 216
0.703635 216
0.703635 215
0.703635 214
0.703635 213
0.703552 212
0.703393 212
0.703393 211
0.703268 211
0.703268 210
0.703268 209
0.703268 208
0.703216 207
0.703216 206
0.703216 205
0.703216 204
0.703216 203
0.703216 202
0.703109 202
0.703109 201
0.703109 199
0.703109 198
0.703109 196
0.703109 195
0.702975 195
0.702854 195
0.70275 195
0.702593 195
0.702593 194
0.702593 193
0.702593 192
0.702593 191
0.70244 191
0.70244 190
0.70244 189
0.70244 188
0.702338 188
0.702338 187
0.702338 186
0.702338 185
0.702338 184
0.702184 184
0.702029 184
0.702029 183
0.702027 182
0.702027 181
0.702027 180
0.702027 179
0.702027 178
0.702027 177
0.702027 176
0.702027 175
0.701883 175
0.701883 174
0.701813 173
0.701673 173
0.701567 173
0.701567 172
0.701444 172
0.70137 171
0.701244 171
0.701106 171
0.701106 170
0.700973 170
0.700973 169
0.700973 168
0.700823 168
0.700713 168
0.700713 167
0.700713 166
0.700651 165
0.700651 164
0.700651 163
0.700649 162
0.700649 161
0.700649 160
0.700649 159
0.700649 158
0.700517 158
0.700399 158
0.700399 157
0.700399 156
0.700399 155
0.700399 154
0.700399 153
0.700399 152
0.700235 152
0.700235 151
0.700082 151
0.700082 150
0.700082 149
0.700031 148
0.700031 147
0.700031 146
0.699924 146
0.699924 145
0.699924 144
0.699924 143
0.699924 142
0.699924 141
0.699804 141
0.699672 141
0.699556 141
0.699556 140
0.699488 139
0.699376 139
0.699376 138
0.699281 137
0.699281 136
0.699141 136
0.699002 136
0.699002 135
0.698901 135
0.698766 135
0.698766 134
0.698641 134
0.698641 133
0.698641 132
0.698641 131
0.698641 130
0.698641 129
0.698641 128
0.698641 127
0.698641 126
0.698537 126
0.698537 125
0.69839 125
0.69824 125
0.698109 125
0.697951 125
0.697781 125
0.697644 125
0.697502 125
0.697502 124
0.697405 124
0.697401 123
0.697256 123
0.697146 123
0.697 123
0.696899 123
0.696899 122
0.696899 121
0.696752 121
0.696642 121
0.696642 120
0.696642 119
0.696642 118
0.69654 118
0.69654 117
0.696427 117
0.696427 116
0.696427 115
0.696427 114
0.696427 113
0.696245 113
0.69612 113
0.696119 112
0.695958 112
0.69583 112
0.69581 111
0.695649 111
0.695649 110
0.695649 109
0.695649 108
0.695649 107
0.695649 106
0.695553 105
0.695489 104
0.695331 104
0.695256 103
0.695087 103
0.695087 102
0.694974 102
0.694974 101
0.694974 100
0.694974 99
0.694843 99
0.69479 98
0.694693 97
0.694535 97
0.694535 96
0.694535 95
0.694398 95
0.694398 94
0.694276 94
0.694276 93
0.694276 92
0.694137 92
0.694031 92
0.693968 91
0.693849 91
0.693723 91
0.693723 90
0.693591 90
0.693492 90
0.693492 89
0.693492 88
0.693373 88
0.693373 87
0.693373 86
0.693373 85
0.693373 84
0.693373 83
0.693373 82
0.693269 82
0.693108 82
0.693108 81
0.692994 81
0.692859 81
0.692859 80
0.692724 80
0.692549 80
0.692432 80
0.692432 79
0.692362 78
0.692362 77
0.692296 76
0.692127 76
0.691964 76
0.691849 76
0.691849 75
0.691849 73
0.6917 73
0.6917 72
0.691549 72
0.691549 71
0.691433 71
0.691316 71
0.691316 70
0.691158 70
0.691158 69
0.691158 68
0.691158 67
0.691067 66
0.690905 66
0.690827 65
0.69072 65
0.690563 65
0.690465 65
0.690337 65
0.690182 65
0.690031 65
0.689906 65
0.689805 65
0.689677 65
0.689539 65
0.689539 64
0.689391 64
0.689218 64
0.689218 63
0.689075 63
0.689075 62
0.688957 62
0.688812 62
0.688663 62
0.688575 61
0.688426 61
0.688426 60
0.688426 59
0.688294 59
0.688143 59
0.687996 59
0.687894 59
0.687894 58
0.687765 58
0.687765 57
0.687599 57
0.687466 57
0.687466 56
0.687313 56
0.687144 56
0.686971 56
0.686869 56
0.686737 56
0.686587 56
0.686417 56
0.686417 55
0.686273 55
0.686139 55
0.686026 55
0.686026 54
0.685869 54
0.685869 53
0.685803 52
0.685653 52
0.685509 52
0.685351 52
0.685261 51
0.685099 51
0.684951 51
0.684951 50
0.684818 50
0.684694 50
0.684634 49
0.684499 49
0.684367 49
0.684212 49
0.684118 48
0.683982 48
0.683982 47
0.68388 47
0.683751 47
0.683636 47
0.683513 47
0.683406 47
0.683234 47
0.68309 47
0.682957 47
0.682808 47
0.68269 47
0.682542 47
0.682409 47
0.682253 47
0.682253 46
0.682107 46
0.681991 46
0.681852 46
0.681727 46
0.68158 46
0.68158 45
0.681436 45
0.681283 45
0.681283 44
0.681108 44
0.680971 44
0.680853 44
0.680743 44
0.680624 44
0.680482 44
0.680382 44
0.68028 44
0.680146 44
0.680027 44
0.679858 44
0.67974 44
0.679613 44
0.67948 44
0.679375 44
0.679218 44
0.679119 44
0.67896 44
0.67896 43
0.678789 43
0.67862 43
0.678478 43
0.678478 42
0.678478 41
0.678323 41
0.678323 40
0.678155 40
0.678073 39
0.678073 38
0.677966 38
0.677869 38
0.677869 37
0.67773 37
0.677603 37
0.677603 36
0.677463 36
0.677346 36
0.677346 35
0.677196 35
0.677065 35
0.677065 34
0.677065 33
0.677065 32
0.676934 32
0.676801 32
0.676666 32
0.676666 31
0.676523 31
0.676523 30
0.676386 30
0.676215 30
0.676099 30
0.675978 30
0.675809 30
0.675708 30
0.67555 30
0.675411 30
0.67529 30
0.675179 30
0.675038 30
0.674894 30
0.674773 30
0.674628 30
0.674518 30
0.674374 30
0.674239 30
0.674239 29
0.674125 29
0.673988 29
0.673881 29
0.673881 28
0.673704 28
0.673594 28
0.673594 27
0.673594 26
0.673444 26
0.673353 25
0.673207 25
0.673078 25
0.672981 24
0.672881 24
0.672734 24
0.672607 24
0.672457 24
0.672365 23
0.672266 23
0.672105 23
0.671953 23
0.671953 22
0.671774 22
0.671639 22
0.671547 21
0.671386 21
0.671229 21
0.671095 21
0.670957 21
0.670957 20
0.670794 20
0.670645 20
0.670494 20
0.670377 20
0.670252 20
0.6701 20
0.669947 20
0.669947 19
0.669792 19
0.669676 19
0.669546 19
0.669382 19
0.669231 19
0.669103 19
0.668995 19
0.668995 18
0.668863 18
0.668713 18
0.668608 18
0.668468 18
0.668321 18
0.668181 18
0.668043 18
0.667904 18
0.667736 18
0.667609 18
0.667446 18
0.667338 18
0.667195 18
0.667038 18
0.666877 18
0.666771 18
0.666657 18
0.666521 18
0.666386 18
0.666386 17
0.666224 17
0.666088 17
0.665957 17
0.665811 17
0.665811 16
0.665669 16
0.665541 16
0.665394 16
0.665283 16
0.665159 16
0.665034 16
0.66486 16
0.664702 16
0.664546 16
0.664381 16
0.664274 16
0.664123 16
0.664005 16
0.663862 16
0.663719 16
0.663719 15
0.663565 15
0.66341 15
0.663306 15
0.663178 15
0.66302 15
0.662879 15
0.662736 15
0.662627 15
0.662463 15
0.662323 15
0.662202 15
0.662114 14
0.661945 14
0.661811 14
0.661642 14
0.661492 14
0.66136 14
0.661252 14
0.661119 14
0.660981 14
0.660824 14
0.660676 14
0.660515 14
0.660421 13
0.660297 13
0.660136 13
0.660001 13
0.659903 13
0.659784 13
0.659621 13
0.659478 13
0.659338 13
0.659214 13
0.659071 13
0.658928 13
0.658784 13
0.65864 13
0.658525 13
0.658382 13
0.658247 13
0.65811 13
0.657976 13
0.65781 13
0.657674 13
0.657558 13
0.657443 13
0.65735 12
0.65719 12
0.657047 12
0.656897 12
0.656745 12
0.656643 12
0.656497 12
0.656349 12
0.656185 12
0.656053 12
0.655912 12
0.655749 12
0.655632 12
0.65551 12
0.655375 12
0.655231 12
0.655081 12
0.65496 12
0.654863 12
0.654863 11
0.654731 11
0.654564 11
0.65441 11
0.654254 11
0.654128 11
0.65395 11
0.65382 11
0.653668 11
0.653517 11
0.65338 11
0.653197 11
0.653069 11
0.652924 11
0.65278 11
0.652648 11
0.652648 10
0.652503 10
0.652397 10
0.65226 10
0.652114 10
0.651946 10
0.651781 10
0.651649 10
0.651484 10
0.651338 10
0.651211 10
0.651066 10
0.65092 10
0.650755 10
0.650583 10
0.650457 10
0.650315 10
0.650142 10
0.649985 10
0.64982 10
0.649715 10
0.649715 9
0.649603 9
0.649422 9
0.64926 9
0.649161 9
0.648996 9
0.648898 9
0.648755 9
0.648603 9
0.648456 9
0.648304 9
0.648188 9
0.648061 9
0.647931 9
0.647787 9
0.647628 9
0.647492 9
0.647345 9
0.647189 9
0.647022 9
0.646876 9
0.646749 9
0.646623 9
0.646623 8
0.646475 8
0.646345 8
0.646345 7
0.646228 7
0.646072 7
0.645891 7
0.645713 7
0.645554 7
0.645438 7
0.645306 7
0.645155 7
0.644997 7
0.644849 7
0.644696 7
0.644556 7
0.644408 7
0.644237 7
0.644054 7
0.643882 7
0.643745 7
0.643594 7
0.643449 7
0.643313 7
0.643146 7
0.643026 7
0.6429 7
0.642749 7
0.642594 7
0.642446 7
0.642297 7
0.642153 7
0.642013 7
0.641864 7
0.641723 7
0.641555 7
0.641433 7
0.641291 7
0.641161 7
0.641026 7
0.640855 7
0.640698 7
0.640555 7
0.640418 7
0.640281 7
0.640156 7
0.639989 7
0.639886 7
0.639732 7
0.639566 7
0.639428 7
0.639303 7
0.639135 7
0.639007 7
0.638841 7
0.638668 7
0.638505 7
0.638392 7
0.638226 7
0.63808 7
0.637898 7
0.637722 7
0.637555 7
0.637555 6
0.63742 6
0.637306 6
0.637153 6
0.637026 6
0.636898 6
0.636769 6
0.636632 6
0.636503 6
0.636346 6
0.636176 6
0.63594 6
0.635796 6
0.635629 6
0.635499 6
0.635355 6
0.635209 6
0.635068 6
0.634912 6
0.634754 6
0.634583 6
0.634433 6
0.634433 5
0.63428 5
0.634107 5
0.633966 5
0.633813 5
0.633654 5
0.633514 5
0.633379 5
0.633229 5
0.633087 5
0.632954 5
0.632785 5
0.632635 5
0.63251 5
0.632337 5
0.632179 5
0.632025 5
0.631871 5
0.631767 5
0.631635 5
0.631515 5
0.631371 5
0.631255 5
0.631255 4
0.631116 4
0.63097 4
0.630793 4
0.630632 4
0.630488 4
0.630345 4
0.630167 4
0.630038 4
0.629885 4
0.629752 4
0.629606 4
0.62947 4
0.629313 4
0.629152 4
0.629001 4
0.628822 4
0.628644 4
0.628489 4
0.628352 4
0.62817 4
0.628031 4
0.627864 4
0.627689 4
0.627514 4
0.62735 4
0.627221 4
0.627107 4
0.626987 4
0.626865 4
0.626695 4
0.626543 4
0.626418 4
0.626269 4
0.626168 4
0.626009 4
0.625845 4
0.625685 4
0.625527 4
0.625365 4
0.625196 4
0.625037 4
0.624866 4
0.624716 4
0.624576 4
0.624412 4
0.624259 4
0.624083 4
0.623927 4
0.623812 4
0.623641 4
0.623481 4
0.623343 4
0.623209 4
0.623075 4
0.622906 4
0.622794 4
0.622618 4
0.622461 4
0.622336 4
0.622182 4
0.622028 4
0.621868 4
0.621707 4
0.621575 4
0.621416 4
0.621283 4
0.621116 4
0.620992 4
0.620878 4
0.620721 4
0.62058 4
0.620417 4
0.620275 4
0.620132 4
0.619972 4
0.619826 4
0.619675 4
0.619536 4
0.619398 4
0.619243 4
0.619074 4
0.61892 4
0.618757 4
0.618632 4
0.618481 4
0.618344 4
0.618178 4
0.618055 4
0.6179 4
0.617748 4
0.617621 4
0.617445 4
0.61729 4
0.617145 4
0.616974 4
0.61683 4
0.616734 3
0.616604 3
0.616482 3
0.616331 3
0.616196 3
0.61605 3
0.615917 3
0.615767 3
0.615652 3
0.615526 3
0.615377 3
0.615112 3
0.614982 3
0.614851 3
0.614727 3
0.614561 3
0.614397 3
0.614234 3
0.614072 3
0.613933 3
0.61376 3
0.613606 3
0.613443 3
0.613269 3
0.613093 3
0.612962 3
0.612806 3
0.612673 3
0.612489 3
0.612334 3
0.612204 3
0.612026 3
0.611906 3
0.611789 3
0.611611 3
0.611452 3
0.611302 3
0.611175 3
0.611044 3
0.610892 3
0.610762 3
0.61059 3
0.610417 3
0.610317 3
0.610177 3
0.610058 3
0.609898 3
0.60976 3
0.60962 3
0.60948 3
0.60936 3
0.609188 3
0.609043 3
0.608906 3
0.608771 3
0.608622 3
0.608454 3
0.608338 3
0.608165 3
0.608026 3
0.607895 3
0.607766 3
0.607612 3
0.607434 3
0.607278 3
0.607131 3
0.606958 3
0.606789 3
0.606637 3
0.606467 3
0.606288 3
0.606106 3
0.605933 3
0.605783 3
0.605609 3
0.605439 3
0.605292 3
0.605162 3
0.605028 3
0.604866 3
0.604726 3
0.604569 3
0.604443 3
0.60428 3
0.604111 3
0.603936 3
0.603796 3
0.60363 3
0.603471 3
0.603314 3
0.603189 3
0.603033 3
0.60294 2
0.602779 2
0.602639 2
0.602484 2
0.602333 2
0.602212 2
0.60208 2
0.601932 2
0.6018 2
0.601659 2
0.601492 2
0.601169 2
0.601028 2
0.600898 2
0.600743 2
0.60058 2
0.600424 2
0.60028 2
0.600136 2
0.599997 2
0.599869 2
0.599765 2
0.599612 2
0.599437 2
0.599263 2
0.599095 2
0.598984 2
0.598828 2
0.598694 2
0.598564 2
0.59839 2
0.598288 2
0.598161 2
0.598007 2
0.59784 2
0.597715 2
0.597545 2
0.597435 2
0.597253 2
0.597109 2
0.596977 2
0.596813 2
0.596668 2
0.596506 2
0.596397 2
0.596243 2
0.596117 2
0.595999 2
0.595818 2
0.595664 2
0.595507 2
0.595365 2
0.595193 2
0.595017 2
0.594908 2
0.594749 2
0.594603 2
0.594434 2
0.594297 2
0.594153 2
0.594007 2
0.593828 2
0.593682 2
0.593539 2
0.593369 2
0.593212 2
0.593084 2
0.592957 2
0.592834 2
0.592689 2
0.592548 2
0.592403 2
0.592282 2
0.592108 2
0.591951 2
0.591806 2
0.591651 2
0.591496 2
0.59135 2
0.591202 2
0.591036 2
0.59087 2
0.590748 2
0.590574 2
0.590455 2
0.590291 2
0.590153 2
0.590034 2
0.589858 2
0.58971 2
0.589589 2
0.589461 2
0.589291 2
0.58912 2
0.588988 2
0.588866 2
0.588708 2
0.588565 2
0.588446 2
0.588308 2
0.58816 2
0.587995 2
0.587863 2
0.587721 2
0.587562 2
0.58741 2
0.587282 2
0.587159 2
0.586996 2
0.586835 2
0.586694 2
0.586556 2
0.58638 2
0.586212 2
0.586054 2
0.585909 2
0.585751 2
0.585751 1
0.585587 1
0.585424 1
0.585267 1
0.585085 1
0.584924 1
0.584771 1
0.584684 0
0.584535 0
0.584382 0
0.584248 0
0.584093 0
0.583963 0
0.583825 0
0.583661 0
0.5835 0
0.583375 0
0.58322 0
0.583084 0
0.582909 0
0.582733 0
0.582579 0
0.582455 0
0.582325 0
0.582172 0
0.582023 0
0.581875 0
0.58172 0
0.58158 0
0.581418 0
0.581242 0
0.581117 0
0.580997 0
0.580842 0
0.580684 0
0.580524 0
0.580367 0
0.580222 0
0.580032 0
0.57986 0
0.57972 0
0.579588 0
0.579434 0
0.579289 0
0.579135 0
0.578974 0
0.578829 0
0.578699 0
0.578543 0
0.578362 0
0.578234 0
0.578059 0
0.577892 0
0.577723 0
0.5776 0
0.577469 0
0.577311 0
0.577141 0
0.577005 0
0.576871 0
0.57672 0
0.57659 0
0.576259 0
0.576101 0
0.57592 0
0.575786 0
0.575623 0
0.575476 0
0.575319 0
0.575192 0
0.57502 0
0.574873 0
0.57475 0
0.574607 0
0.574468 0
0.574299 0
0.574133 0
0.573974 0
0.573821 0
0.573686 0
0.573511 0
0.573381 0
0.573209 0
0.573071 0
0.572913 0
0.57275 0
0.572585 0
0.572418 0
0.572245 0
0.572106 0
0.57199 0
0.571822 0
0.571652 0
0.571509 0
0.571328 0
0.571194 0
0.571061 0
0.570935 0
0.570761 0
0.570612 0
0.570435 0
0.570313 0
0.570151 0
0.569999 0
0.569875 0
0.569731 0
0.56956 0
0.569399 0
0.569226 0
0.56905 0
0.568887 0
0.568732 0
0.568588 0
0.568424 0
0.568248 0
0.568077 0
0.567918 0
0.567766 0
0.567619 0
0.567454 0
0.567292 0
0.56715 0
0.567022 0
0.566855 0
0.566685 0
0.566546 0
0.566372 0
0.566211 0
0.566036 0
0.565906 0
0.565734 0
0.565577 0
0.565419 0
0.565246 0
0.565094 0
0.564943 0
0.564799 0
0.564638 0
0.564494 0
0.564334 0
0.564176 0
0.564014 0
0.563853 0
0.563698 0
0.563566 0
0.563399 0
0.563235 0
0.563084 0
0.56293 0
0.562764 0
0.56261 0
0.562469 0
0.562352 0
0.562191 0
0.562043 0
0.561913 0
0.561741 0
0.56158 0
0.561431 0
0.561289 0
0.561143 0
0.560977 0
0.560818 0
0.560662 0
0.560494 0
0.560343 0
0.560189 0
0.56005 0
0.559886 0
0.559746 0
0.559606 0
0.55947 0
0.5593 0
0.559147 0
0.559021 0
0.558863 0
0.55869 0
0.558523 0
0.558382 0
0.558259 0
0.558116 0
0.557944 0
0.557784 0
0.557668 0
0.557522 0
0.557399 0
0.557223 0
0.557065 0
0.55692 0
0.556742 0
0.556571 0
0.556433 0
0.556294 0
0.556136 0
0.555981 0
0.55582 0
0.555677 0
0.555511 0
0.555352 0
0.555189 0
0.555048 0
0.554902 0
0.554766 0
0.554661 0
0.554495 0
0.554353 0
0.554199 0
0.554019 0
0.553898 0
0.553757 0
0.553597 0
0.553444 0
0.5533 0
0.553143 0
0.553011 0
0.552861 0
0.552692 0
0.552524 0
0.552386 0
0.552223 0
0.552059 0
0.551916 0
0.551748 0
0.551613 0
0.551471 0
0.551363 0
0.551198 0
0.551069 0
0.550903 0
0.55074 0
0.550587 0
0.550426 0
0.550258 0
0.5501 0
0.549961 0
0.54981 0
0.549658 0
0.549538 0
0.549361 0
0.549213 0
0.549052 0
0.548906 0
0.548737 0
0.548583 0
0.548414 0
0.548255 0
0.548103 0
0.547948 0
0.547792 0
0.547619 0
0.547451 0
0.5473 0
0.547163 0
0.546989 0
0.546821 0
0.546662 0
0.546505 0
0.546339 0
0.546198 0
0.54603 0
0.545907 0
0.545732 0
0.54557 0
0.54542 0
0.545243 0
0.545114 0
0.544973 0
0.544814 0
0.544696 0
0.544549 0
0.544383 0
0.54425 0
0.544115 0
0.543959 0
0.543825 0
0.543659 0
0.543482 0
0.543352 0
0.543181 0
0.543029 0
0.542876 0
0.542755 0
0.542418 0
0.542267 0
0.542091 0
0.541928 0
0.541635 0
0.541501 0
0.541379 0
0.54125 0
0.541069 0
0.540754 0
0.540588 0
0.540422 0
0.54024 0
0.540078 0
0.539913 0
0.539769 0
0.539634 0
0.539463 0
0.539299 0
0.539135 0
0.538977 0
0.538835 0
0.538733 0
0.538593 0
0.538433 0
0.538268 0
0.538104 0
0.537947 0
0.537782 0
0.53761 0
0.537468 0
0.537164 0
0.536992 0
0.536845 0
0.536731 0
0.536598 0
0.536474 0
0.536325 0
0.536169 0
0.536036 0
0.535897 0
0.535734 0
0.535583 0
0.535438 0
0.535135 0
0.534977 0
0.534842 0
0.534666 0
0.534494 0
0.53433 0
0.53418 0
0.534061 0
0.533922 0
0.533801 0
0.533657 0
0.533527 0
0.533388 0
0.533211 0
0.533082 0
0.532917 0
0.532751 0
0.532571 0
0.532411 0
0.532238 0
0.532074 0
0.531907 0
0.531752 0
0.531614 0
0.531481 0
0.531185 0
0.531029 0
0.530868 0
0.530692 0
0.530534 0
0.530361 0
0.530208 0
0.530076 0
0.529905 0
0.529768 0
0.529622 0
0.529476 0
0.529298 0
0.529129 0
0.528966 0
0.528831 0
0.528715 0
0.528551 0
0.528389 0
0.528236 0
0.528086 0
0.527903 0
0.527759 0
0.527591 0
0.527434 0
0.527286 0
0.527152 0
0.526988 0
0.526863 0
0.526692 0
0.526533 0
0.526363 0
0.526208 0
0.526044 0
0.525894 0
0.525715 0
0.525542 0
0.52538 0
0.525221 0
0.525069 0
0.524897 0
0.524739 0
0.524565 0
0.524419 0
0.524258 0
0.524126 0
0.523983 0
0.523819 0
0.523667 0
0.523494 0
0.523331 0
0.52318 0
0.523046 0
0.522869 0
0.52272 0
0.522542 0
0.52238 0
0.522217 0
0.522042 0
0.52187 0
0.521704 0
0.521536 0
0.521374 0
0.521237 0
0.521082 0
0.520961 0
0.520806 0
0.520628 0
0.520474 0
0.520316 0
0.52015 0
0.519998 0
0.51983 0
0.519674 0
0.519527 0
0.519358 0
0.519188 0
0.519042 0
0.518884 0
0.518762 0
0.518612 0
0.51848 0
0.518307 0
0.51818 0
0.518038 0
0.517893 0
0.517746 0
0.517605 0
0.517451 0
0.517302 0
0.517171 0
0.517002 0
0.516831 0
0.516695 0
0.51655 0
0.516394 0
0.516219 0
0.516053 0
0.515884 0
0.515715 0
0.515543 0
0.515397 0
0.515227 0
0.51506 0
0.5149 0
0.51473 0
0.514587 0
0.514424 0
0.514282 0
0.514108 0
0.513951 0
0.513771 0
0.513635 0
0.513484 0
0.513308 0
0.512972 0
0.512825 0
0.512652 0
0.512514 0
0.512361 0
0.512196 0
0.512027 0
0.51187 0
0.511705 0
0.511551 0
0.51141 0
0.51125 0
0.511079 0
0.510923 0
0.510764 0
0.510592 0
0.510475 0
0.510328 0
0.510152 0
0.510047 0
0.509917 0
0.509754 0
0.509601 0
0.50944 0
0.509296 0
0.509127 0
0.508962 0
0.508813 0
0.508656 0
0.508502 0
0.508351 0
0.508196 0
0.50804 0
0.507879 0
0.507706 0
0.507552 0
0.507384 0
0.507218 0
0.507072 0
0.506927 0
0.506762 0
0.506611 0
0.506459 0
0.506331 0
0.506162 0
0.506 0
0.505835 0
0.505657 0
0.5055 0
0.505359 0
0.505194 0
0.505047 0
0.504889 0
0.504767 0
0.504614 0
0.504437 0
0.504295 0
0.504145 0
0.503973 0
0.503853 0
0.503705 0
0.503573 0
0.503237 0
0.503082 0
0.502933 0
0.502759 0
0.502593 0
0.502458 0
0.502331 0
0.502164 0
0.502011 0
0.501864 0
0.501716 0
0.501557 0
0.501428 0
0.501276 0
0.501143 0
0.500977 0
0.500837 0
0.50069 0
0.500568 0
0.500413 0
0.500242 0
0.500106 0
0.499941 0
0.49978 0
0.499613 0
0.499438 0
0.499296 0
0.499127 0
0.498971 0
0.498797 0
0.498639 0
0.498484 0
0.498323 0
0.498167 0
0.498 0
0.49784 0
0.49767 0
0.497504 0
0.497341 0
0.497179 0
0.497011 0
0.496843 0
0.496679 0
0.496534 0
0.496375 0
0.496209 0
0.496072 0
0.495925 0
0.495781 0
0.495613 0
0.495461 0
0.495284 0
0.495129 0
0.494995 0
0.494837 0
0.494686 0
0.494511 0
0.494372 0
0.494222 0
0.49407 0
0.493908 0
0.493744 0
0.493591 0
0.493434 0
0.493319 0
0.493155 0
0.492988 0
0.492831 0
0.492696 0
0.492541 0
0.49238 0
0.492206 0
0.492049 0
0.491902 0
0.491729 0
0.491573 0
0.491421 0
0.491252 0
0.491107 0
0.490955 0
0.490796 0
0.490641 0
0.49048 0
0.490349 0
0.490183 0
0.490026 0
0.489868 0
0.489707 0
0.489537 0
0.48936 0
0.489195 0
0.489039 0
0.48887 0
0.488703 0
0.48854 0
0.488373 0
0.488206 0
0.488079 0
0.487898 0
0.487747 0
0.487587 0
0.487428 0
0.487281 0
0.48714 0
0.486986 0
0.486845 0
0.486688 0
0.486513 0
0.486346 0
0.48622 0
0.486054 0
0.485889 0
0.485728 0
0.485568 0
0.485415 0
0.485265 0
0.485093 0
0.484943 0
0.484788 0
0.484641 0
0.48448 0
0.484328 0
0.484183 0
0.484007 0
0.483861 0
0.483684 0
0.48353 0
0.483373 0
0.483214 0
0.483082 0
0.482942 0
0.48279 0
0.482635 0
0.48247 0
0.482305 0
0.482174 0
0.482006 0
0.481836 0
0.481718 0
0.481547 0
0.481384 0
0.481239 0
0.481083 0
0.480945 0
0.480782 0
0.480613 0
0.480447 0
0.480283 0
0.480122 0
0.479958 0
0.479813 0
0.479636 0
0.479473 0
0.47933 0
0.479152 0
0.478991 0
0.478818 0
0.47848 0
0.47832 0
0.478159 0
0.477996 0
0.47783 0
0.477657 0
0.477497 0
0.477325 0
0.477178 0
0.477012 0
0.476853 0
0.476709 0
0.476551 0
0.476396 0
0.476251 0
0.476094 0
0.475931 0
0.475792 0
0.475619 0
0.4753 0
0.475122 0
0.474967 0
0.474804 0
0.474661 0
0.474516 0
0.474361 0
0.474204 0
0.474056 0
0.473894 0
0.473751 0
0.473572 0
0.473457 0
0.473293 0
0.473157 0
0.472985 0
0.472825 0
0.472706 0
0.472552 0
0.472385 0
0.472218 0
0.472078 0
0.471924 0
0.47175 0
0.471594 0
0.471423 0
0.47125 0
0.471092 0
0.470941 0
0.470786 0
0.470649 0
0.470472 0
0.470312 0
0.470168 0
0.470005 0
0.469852 0
0.469688 0
0.469524 0
0.469353 0
0.469202 0
0.468893 0
0.468755 0
0.468614 0
0.468451 0
0.468315 0
0.468144 0
0.468005 0
0.467835 0
0.467676 0
0.467538 0
0.467378 0
0.467205 0
0.467058 0
0.466875 0
0.4667 0
0.466572 0
0.466437 0
0.466269 0
0.466094 0
0.465941 0
0.465775 0
0.465622 0
0.465469 0
0.465297 0
0.465123 0
0.465002 0
0.464847 0
0.464703 0
0.464546 0
0.464385 0
0.464243 0
0.464071 0
0.463923 0
0.463757 0
0.463628 0
0.463518 0
0.46334 0
0.46319 0
0.463029 0
0.462757 0
0.462596 0
0.462474 0
0.462327 0
0.462149 0
0.461976 0
0.461805 0
0.461641 0
0.461462 0
0.461281 0
0.461127 0
0.460949 0
0.460779 0
0.46065 0
0.460483 0
0.460339 0
0.460235 0
0.460076 0
0.459941 0
0.459764 0
0.459624 0
0.459453 0
0.459288 0
0.45913 0
0.458978 0
0.458814 0
0.458674 0
0.458535 0
0.458388 0
0.458213 0
0.458073 0
0.457911 0
0.457727 0
0.457571 0
0.457434 0
0.457259 0
0.457097 0
0.456939 0
0.456764 0
0.456603 0
0.456436 0
0.456285 0
0.45613 0
0.455981 0
0.455851 0
0.455688 0
0.455536 0
0.455364 0
0.455197 0
0.455058 0
0.454893 0
0.45472 0
0.454588 0
0.454407 0
0.454274 0
0.454111 0
0.453953 0
0.453793 0
0.453635 0
0.453509 0
0.453376 0
0.453232 0
0.453072 0
0.452905 0
0.452735 0
0.452602 0
0.452445 0
0.452312 0
0.452168 0
0.452053 0
0.451905 0
0.451758 0
0.451615 0
0.451467 0
0.451285 0
0.451128 0
0.450977 0
0.450817 0
0.450651 0
0.450319 0
0.450165 0
0.44999 0
0.449826 0
0.449652 0
0.449512 0
0.449356 0
0.449173 0
0.44904 0
0.448869 0
0.448693 0
0.448519 0
0.448342 0
0.448182 0
0.44804 0
0.447868 0
0.447719 0
0.447558 0
0.447381 0
0.447258 0
0.447104 0
0.446946 0
0.446809 0
0.446645 0
0.446483 0
0.446324 0
0.446168 0
0.446015 0
0.445677 0
0.44555 0
0.445363 0
0.445203 0
0.445047 0
0.444897 0
0.444744 0
0.444577 0
0.444445 0
0.444275 0
0.444114 0
0.443934 0
0.443788 0
0.443629 0
0.443465 0
0.443297 0
0.44314 0
0.443006 0
0.442869 0
0.442702 0
0.442531 0
0.442385 0
0.442209 0
0.442054 0
0.441892 0
0.441731 0
0.441566 0
0.441416 0
0.441251 0
0.441113 0
0.440959 0
0.440805 0
0.440627 0
0.440476 0
0.440339 0
0.440178 0
0.440016 0
0.43988 0
0.43973 0
0.439562 0
0.439415 0
0.439245 0
0.439096 0
0.438927 0
0.438773 0
0.438627 0
0.438493 0
0.43835 0
0.438198 0
0.438022 0
0.437856 0
0.437732 0
0.437574 0
0.437445 0
0.437289 0
0.437112 0
0.436941 0
0.43676 0
0.436612 0
0.436455 0
0.43629 0
0.436132 0
0.435968 0
0.435829 0
0.435655 0
0.435499 0
0.435334 0
0.435169 0
0.435042 0
0.434885 0
0.434768 0
0.434598 0
0.434468 0
0.434302 0
0.434173 0
0.433844 0
0.433675 0
0.433516 0
0.433357 0
0.433198 0
0.433045 0
0.432869 0
0.432698 0
0.432567 0
0.432444 0
0.432329 0
0.432184 0
0.432038 0
0.43187 0
0.43174 0
0.431602 0
0.43147 0
0.431317 0
0.431155 0
0.430987 0
0.430844 0
0.430545 0
0.43041 0
0.430253 0
0.43008 0
0.429899 0
0.429733 0
0.429593 0
0.429417 0
0.429267 0
0.429097 0
0.428933 0
0.428772 0
0.428612 0
0.428483 0
0.42821 0
0.428046 0
0.427895 0
0.427753 0
0.427592 0
0.427423 0
0.42726 0
0.427103 0
0.426955 0
0.426798 0
0.426631 0
0.42647 0
0.426307 0
0.426132 0
0.425976 0
0.425824 0
0.42568 0
0.425517 0
0.425366 0
0.425218 0
0.425064 0
0.424896 0
0.42473 0
0.424548 0
0.424394 0
0.424237 0
0.424107 0
0.423962 0
0.42378 0
0.423625 0
0.423471 0
0.423303 0
0.423133 0
0.422951 0
0.422789 0
0.422645 0
0.422499 0
0.42235 0
0.422186 0
0.422017 0
0.421875 0
0.42173 0
0.421574 0
0.421434 0
0.421274 0
0.421134 0
0.421004 0
0.420886 0
0.420708 0
0.420541 0
0.420406 0
0.420236 0
0.42008 0
0.419916 0
0.419788 0
0.419645 0
0.419474 0
0.419329 0
0.419206 0
0.419056 0
0.418886 0
0.418738 0
0.41842 0
0.418263 0
0.418106 0
0.417953 0
0.417818 0
0.417672 0
0.417524 0
0.417351 0
0.417196 0
0.417023 0
0.416864 0
0.416725 0
0.416566 0
0.416403 0
0.416232 0
0.416075 0
0.415906 0
0.415729 0
0.415581 0
0.415438 0
0.415259 0
0.415089 0
0.41493 0
0.414771 0
0.41459 0
0.414424 0
0.414272 0
0.414129 0
0.413978 0
0.413842 0
0.413686 0
0.413519 0
0.413384 0
0.413232 0
0.413098 0
0.412962 0
0.412795 0
0.412626 0
0.412465 0
0.412305 0
0.412158 0
0.411984 0
0.411826 0
0.411692 0
0.411535 0
0.411385 0
0.411232 0
0.411068 0
0.410921 0
0.410796 0
0.41065 0
0.410496 0
0.41034 0
0.410193 0
0.410048 0
0.409869 0
0.409733 0
0.40959 0
0.409418 0
0.409264 0
0.409091 0
0.408918 0
0.408754 0
0.40861 0
0.408455 0
0.408293 0
0.408133 0
0.407971 0
0.407821 0
0.407657 0
0.40749 0
0.407321 0
0.407151 0
0.406996 0
0.406823 0
0.4067 0
0.406557 0
0.40638 0
0.406221 0
0.406061 0
0.405904 0
0.405754 0
0.405597 0
0.405454 0
0.405317 0
0.405158 0
0.405019 0
0.404873 0
0.404703 0
0.404546 0
0.404372 0
0.404206 0
0.404048 0
0.40388 0
0.403722 0
0.403566 0
0.403399 0
0.40325 0
0.40311 0
0.402929 0
0.402786 0
0.402629 0
0.402451 0
0.402299 0
0.402166 0
0.402033 0
0.401873 0
0.401694 0
0.401533 0
0.401397 0
0.401249 0
0.401077 0
0.400908 0
0.400752 0
0.4006 0
0.400461 0
0.400299 0
0.40015 0
0.399979 0
0.399801 0
0.399626 0
0.39946 0
0.399298 0
0.399116 0
0.398964 0
0.398787 0
0.398631 0
0.398465 0
0.398337 0
0.398182 0
0.398044 0
0.3979 0
0.397739 0
0.397593 0
0.397264 0
0.39708 0
0.396905 0
0.396756 0
0.396608 0
0.396459 0
0.396306 0
0.39614 0
0.396006 0
0.395877 0
0.395734 0
0.395561 0
0.39538 0
0.395239 0
0.395075 0
0.394919 0
0.394747 0
0.394584 0
0.394451 0
0.394277 0
0.39412 0
0.39397 0
0.3938 0
0.39364 0
0.393521 0
0.393347 0
0.393172 0
0.392992 0
0.392814 0
0.392646 0
0.392485 0
0.392331 0
0.392027 0
0.391871 0
0.391708 0
0.391565 0
0.391425 0
0.391291 0
0.391135 0
0.390973 0
0.390808 0
0.390652 0
0.390509 0
0.390359 0
0.390213 0
0.390064 0
0.389907 0
0.389743 0
0.389574 0
0.389405 0
0.389246 0
0.389104 0
0.388945 0
0.388764 0
0.38865 0
0.388485 0
0.388308 0
0.38815 0
0.387984 0
0.387836 0
0.387674 0
0.387526 0
0.387363 0
0.387212 0
0.387036 0
0.386876 0
0.386716 0
0.386558 0
0.386376 0
0.386197 0
0.386042 0
0.385873 0
0.385712 0
0.385546 0
0.385401 0
0.385271 0
0.385094 0
0.384954 0
0.384822 0
0.38467 0
0.384499 0
0.384335 0
0.384196 0
0.384031 0
0.383844 0
0.383666 0
0.383497 0
0.383359 0
0.383198 0
0.383064 0
0.38288 0
0.382745 0
0.382603 0
0.382439 0
0.382298 0
0.382131 0
0.381972 0
0.381811 0
0.38164 0
0.381465 0
0.381318 0
0.381155 0
0.380997 0
0.380837 0
0.380671 0
0.380533 0
0.380364 0
0.380214 0
0.380066 0
0.379894 0
0.379723 0
0.379544 0
0.379394 0
0.379221 0
0.379053 0
0.378886 0
0.378735 0
0.378579 0
0.378471 0
0.378316 0
0.378149 0
0.377997 0
0.377831 0
0.377682 0
0.377528 0
0.377346 0
0.377175 0
0.377013 0
0.376841 0
0.376706 0
0.376568 0
0.376388 0
0.376253 0
0.376084 0
0.375925 0
0.375748 0
0.375588 0
0.375412 0
0.37526 0
0.375137 0
0.374977 0
0.374795 0
0.374633 0
0.374466 0
0.374291 0
0.374152 0
0.374006 0
0.373851 0
0.373693 0
0.373545 0
0.373413 0
0.373256 0
0.37294 0
0.372792 0
0.372624 0
0.372459 0
0.372301 0
0.372157 0
0.372004 0
0.371844 0
0.37169 0
0.371512 0
0.371375 0
0.371225 0
0.371061 0
0.370899 0
0.37073 0
0.37057 0
0.370429 0
0.370278 0
0.370119 0
0.36997 0
0.369846 0
0.369675 0
0.369522 0
0.369356 0
0.369183 0
0.369027 0
0.368863 0
0.368701 0
0.368537 0
0.368377 0
0.368192 0
0.368018 0
0.367841 0
0.367708 0
0.367552 0
0.367386 0
0.367219 0
0.367074 0
0.366929 0
0.366774 0
0.366605 0
0.366301 0
0.36615 0
0.365987 0
0.365819 0
0.365666 0
0.365506 0
0.365344 0
0.365191 0
0.365043 0
0.3649 0
0.364732 0
0.36456 0
0.364397 0
0.364248 0
0.364094 0
0.363907 0
0.363735 0
0.363556 0
0.36342 0
0.363276 0
0.363147 0
0.362981 0
0.362836 0
0.362676 0
0.362508 0
0.362337 0
0.362182 0
0.362031 0
0.361894 0
0.361735 0
0.361581 0
0.3614 0
0.361245 0
0.361103 0
0.360967 0
0.360828 0
0.360658 0
0.360508 0
0.360339 0
0.360177 0
0.360023 0
0.359845 0
0.359688 0
0.359351 0
0.359187 0
0.359029 0
0.358868 0
0.358708 0
0.358543 0
0.358388 0
0.358229 0
0.35807 0
0.357895 0
0.357722 0
0.357549 0
0.357391 0
0.357222 0
0.3571 0
0.356936 0
0.356754 0
0.356588 0
0.35643 0
0.356267 0
0.3561 0
0.355966 0
0.355816 0
0.35565 0
0.355478 0
0.35532 0
0.355147 0
0.35499 0
0.35484 0
0.354681 0
0.354519 0
0.354383 0
0.354237 0
0.354093 0
0.35394 0
0.353776 0
0.353618 0
0.353472 0
0.353324 0
0.353171 0
0.353016 0
0.352882 0
0.352708 0
0.352583 0
0.352411 0
0.352271 0
0.35212 0
0.35196 0
0.351798 0
0.351636 0
0.35149 0
0.351344 0
0.351167 0
0.351009 0
0.350845 0
0.350672 0
0.350514 0
0.350361 0
0.350225 0
0.350051 0
0.349892 0
0.349715 0
0.349554 0
0.349405 0
0.349225 0
0.349067 0
0.348933 0
0.348777 0
0.348612 0
0.348461 0
0.348303 0
0.348142 0
0.347983 0
0.347816 0
0.34763 0
0.347471 0
0.347299 0
0.347128 0
0.34697 0
0.346793 0
0.346626 0
0.346471 0
0.346322 0
0.346173 0
0.346002 0
0.345827 0
0.345684 0
0.345512 0
0.345348 0
0.345169 0
0.345016 0
0.344895 0
0.344724 0
0.344581 0
0.344422 0
0.344264 0
0.344105 0
0.343938 0
0.343753 0
0.343582 0
0.343426 0
0.343273 0
0.343116 0
0.342964 0
0.342791 0
0.342627 0
0.342469 0
0.342322 0
0.342171 0
0.342006 0
0.34184 0
0.341678 0
0.34151 0
0.341348 0
0.341202 0
0.341044 0
0.3409 0
0.340746 0
0.34058 0
0.340425 0
0.340253 0
0.340101 0
0.339943 0
0.339784 0
0.339643 0
0.339482 0
0.339312 0
0.339151 0
0.338979 0
0.338814 0
0.338633 0
0.338456 0
0.338294 0
0.338123 0
0.337955 0
0.337773 0
0.337618 0
0.337444 0
0.337266 0
0.337087 0
0.336929 0
0.336755 0
0.336601 0
0.336444 0
0.336281 0
0.336114 0
0.335939 0
0.335769 0
0.33559 0
0.335459 0
0.335317 0
0.33517 0
0.334882 0
0.334717 0
0.33455 0
0.334427 0
0.334271 0
0.334105 0
0.333937 0
0.333775 0
0.333605 0
0.333436 0
0.33328 0
0.333101 0
0.332946 0
0.332791 0
0.332635 0
0.33246 0
0.332287 0
0.332129 0
0.331965 0
0.331803 0
0.331655 0
0.331484 0
0.331327 0
0.331179 0
0.330828 0
0.330675 0
0.330522 0
0.330393 0
0.330261 0
0.330088 0
0.329923 0
0.329762 0
0.329618 0
0.329455 0
0.329285 0
0.329134 0
0.328971 0
0.328799 0
0.328624 0
0.328461 0
0.328309 0
0.328159 0
0.328002 0
0.327828 0
0.327642 0
0.32748 0
0.32732 0
0.327163 0
0.327009 0
0.326841 0
0.326666 0
0.326504 0
0.326336 0
0.32617 0
0.326014 0
0.325855 0
0.325691 0
0.325565 0
0.325396 0
0.325246 0
0.325085 0
0.32494 0
0.324774 0
0.324606 0
0.324437 0
0.324297 0
0.32414 0
0.323988 0
0.323843 0
0.32367 0
0.323528 0
0.323351 0
0.32321 0
0.323062 0
0.322891 0
0.322732 0
0.322575 0
0.322415 0
0.322255 0
0.322079 0
0.321941 0
0.321762 0
0.321613 0
0.32145 0
0.321298 0
0.321136 0
0.320986 0
0.320835 0
0.320697 0
0.320528 0
0.320374 0
0.32021 0
0.320048 0
0.319877 0
0.319719 0
0.319564 0
0.319421 0
0.319265 0
0.319132 0
0.318951 0
0.318779 0
0.318636 0
0.318466 0
0.31831 0
0.31816 0
0.317986 0
0.317817 0
0.31766 0
0.317525 0
0.31737 0
0.31723 0
0.317061 0
0.316909 0
0.316746 0
0.316574 0
0.316425 0
0.316112 0
0.315935 0
0.315783 0
0.315658 0
0.315503 0
0.315328 0
0.315169 0
0.315016 0
0.314837 0
0.314671 0
0.314512 0
0.314349 0
0.314183 0
0.314039 0
0.313865 0
0.313716 0
0.313547 0
0.313397 0
0.313223 0
0.313085 0
0.312939 0
0.312778 0
0.312612 0
0.312469 0
0.312313 0
0.312141 0
0.311954 0
0.311809 0
0.311661 0
0.3115 0
0.311324 0
0.31118 0
0.311016 0
0.310856 0
0.310731 0
0.310584 0
0.310422 0
0.310256 0
0.310088 0
0.309918 0
0.309746 0
0.309575 0
0.309416 0
0.309253 0
0.30909 0
0.308939 0
0.308762 0
0.308588 0
0.308458 0
0.308301 0
0.308147 0
0.307992 0
0.307836 0
0.307691 0
0.307526 0
0.307371 0
0.307224 0
0.307067 0
0.306896 0
0.306745 0
0.306583 0
0.306413 0
0.306255 0
0.30609 0
0.305947 0
0.305786 0
0.305614 0
0.30547 0
0.305329 0
0.305181 0
0.305039 0
0.304883 0
0.304715 0
0.304578 0
0.304408 0
0.304225 0
0.304062 0
0.303883 0
0.303708 0
0.303566 0
0.303387 0
0.30322 0
0.303051 0
0.30289 0
0.302725 0
0.302564 0
0.302403 0
0.30223 0
0.302112 0
0.301948 0
0.301785 0
0.301609 0
0.301437 0
0.301277 0
0.301109 0
0.300954 0
0.300793 0
0.30062 0
0.300445 0
0.300263 0
0.300082 0
0.299949 0
0.299771 0
0.299635 0
0.299493 0
0.29933 0
0.299164 0
0.299009 0
0.298845 0
0.298686 0
0.298526 0
0.298372 0
0.298225 0
0.298061 0
0.297883 0
0.297733 0
0.297598 0
0.29745 0
0.297293 0
0.297127 0
0.296948 0
0.296804 0
0.296631 0
0.29648 0
0.29631 0
0.296182 0
0.296025 0
0.295894 0
0.295729 0
0.295567 0
0.295395 0
0.295239 0
0.29506 0
0.294901 0
0.294739 0
0.294575 0
0.294398 0
0.294271 0
0.29411 0
0.293967 0
0.293814 0
0.293642 0
0.293471 0
0.29333 0
0.29317 0
0.293001 0
0.292838 0
0.292666 0
0.29253 0
0.292361 0
0.292194 0
0.292022 0
0.291858 0
0.291548 0
0.291372 0
0.291211 0
0.291046 0
0.290891 0
0.290748 0
0.290566 0
0.290386 0
0.290237 0
0.290086 0
0.289924 0
0.289743 0
0.289572 0
0.289414 0
0.289249 0
0.289096 0
0.288952 0
0.288809 0
0.288654 0
0.288499 0
0.288345 0
0.288179 0
0.288016 0
0.287849 0
0.287565 0
0.28739 0
0.287226 0
0.287063 0
0.286903 0
0.286731 0
0.286557 0
0.286389 0
0.286211 0
0.28604 0
0.285876 0
0.285719 0
0.285546 0
0.285377 0
0.285222 0
0.285061 0
0.284893 0
0.284717 0
0.284553 0
0.284391 0
0.284227 0
0.284064 0
0.283915 0
0.283737 0
0.283584 0
0.283439 0
0.283272 0
0.28311 0
0.282939 0
0.282771 0
0.282625 0
0.282452 0
0.28229 0
0.282112 0
0.281946 0
0.281773 0
0.281603 0
0.28144 0
0.28129 0
0.280991 0
0.280856 0
0.280681 0
0.280535 0
0.280363 0
0.280203 0
0.280023 0
0.279864 0
0.279689 0
0.279542 0
0.279396 0
0.279231 0
0.279072 0
0.278928 0
0.278754 0
0.278594 0
0.278433 0
0.27831 0
0.278135 0
0.27797 0
0.277801 0
0.277659 0
0.277514 0
0.277378 0
0.277054 0
0.2769 0
0.276762 0
0.276448 0
0.276321 0
0.276149 0
0.27599 0
0.275835 0
0.275685 0
0.275511 0
0.27534 0
0.275172 0
0.274997 0
0.274839 0
0.274687 0
0.27453 0
0.274367 0
0.274185 0
0.274022 0
0.27385 0
0.273705 0
0.273548 0
0.273399 0
0.273239 0
0.273065 0
0.272915 0
0.27274 0
0.272582 0
0.272429 0
0.27226 0
0.272096 0
0.271924 0
0.271753 0
0.271602 0
0.271443 0
0.271306 0
0.271143 0
0.271012 0
0.270863 0
0.270709 0
0.270553 0
0.270388 0
0.270249 0
0.270096 0
0.269945 0
0.269777 0
0.269632 0
0.269483 0
0.269306 0
0.269143 0
0.268984 0
0.268825 0
0.268676 0
0.268518 0
0.26836 0
0.268213 0
0.26806 0
0.267907 0
0.267765 0
0.267608 0
0.267443 0
0.267265 0
0.267099 0
0.266934 0
0.266781 0
0.266614 0
0.266446 0
0.266283 0
0.26612 0
0.265954 0
0.265799 0
0.265632 0
0.265488 0
0.265341 0
0.265184 0
0.265014 0
0.264847 0
0.264699 0
0.264537 0
0.264362 0
0.264198 0
0.264032 0
0.263853 0
0.263678 0
0.263516 0
0.263371 0
0.263215 0
0.263086 0
0.262919 0
0.262755 0
0.262585 0
0.262415 0
0.262252 0
0.262085 0
0.261922 0
0.261758 0
0.261588 0
0.261444 0
0.261283 0
0.26113 0
0.260967 0
0.260834 0
0.260655 0
0.260493 0
0.260348 0
0.260201 0
0.260059 0
0.25989 0
0.259742 0
0.259572 0
0.259403 0
0.259244 0
0.259089 0
0.258922 0
0.258758 0
0.258585 0
0.258438 0
0.258298 0
0.258135 0
0.257964 0
0.257791 0
0.257659 0
0.257528 0
0.257221 0
0.257072 0
0.256897 0
0.256737 0
0.25657 0
0.256406 0
0.256268 0
0.256089 0
0.255924 0
0.25577 0
0.25541 0
0.255249 0
0.255092 0
0.254933 0
0.254759 0
0.254583 0
0.254425 0
0.254253 0
0.254099 0
0.253923 0
0.253767 0
0.253622 0
0.253463 0
0.253287 0
0.253132 0
0.25297 0
0.252831 0
0.252671 0
0.252503 0
0.252342 0
0.252185 0
0.252008 0
0.25185 0
0.251686 0
0.251522 0
0.251359 0
0.251215 0
0.251058 0
0.250895 0
0.250727 0
0.250563 0
0.250393 0
0.250226 0
0.250067 0
0.249895 0
0.249743 0
0.249586 0
0.249246 0
0.249091 0
0.248919 0
0.248774 0
0.248638 0
0.248496 0
0.248327 0
0.248177 0
0.248004 0
0.247815 0
0.247655 0
0.247482 0
0.247304 0
0.247164 0
0.247017 0
0.246852 0
0.246674 0
0.246528 0
0.246351 0
0.246188 0
0.246035 0
0.245866 0
0.245699 0
0.245545 0
0.245378 0
0.245247 0
0.245074 0
0.24492 0
0.244749 0
0.244584 0
0.244425 0
0.244262 0
0.244124 0
0.243954 0
0.243801 0
0.243637 0
0.243475 0
0.243351 0
0.243199 0
0.243058 0
0.242886 0
0.242724 0
0.242555 0
0.242388 0
0.242213 0
0.242062 0
0.241906 0
0.241732 0
0.241556 0
0.241391 0
0.24121 0
0.241039 0
0.240868 0
0.240692 0
0.240529 0
0.240372 0
0.240218 0
0.240058 0
0.239903 0
0.23973 0
0.239573 0
0.239435 0
0.239283 0
0.239134 0
0.239003 0
0.238841 0
0.238694 0
0.238532 0
0.238401 0
0.238233 0
0.238063 0
0.237897 0
0.23773 0
0.23758 0
0.237411 0
0.237241 0
0.237082 0
0.236913 0
0.236753 0
0.236607 0
0.236448 0
0.236279 0
0.236101 0
0.235941 0
0.235793 0
0.235614 0
0.235453 0
0.235313 0
0.235149 0
0.234992 0
0.234822 0
0.234656 0
0.234483 0
0.234312 0
0.234134 0
0.23397 0
0.233821 0
0.233647 0
0.233483 0
0.233308 0
0.233139 0
0.232959 0
0.232796 0
0.232625 0
0.232468 0
0.232294 0
0.232141 0
0.231999 0
0.231843 0
0.231678 0
0.231511 0
0.231332 0
0.231163 0
0.231026 0
0.230859 0
0.230704 0
0.230529 0
0.230353 0
0.230198 0
0.23005 0
0.229883 0
0.229699 0
0.229526 0
0.22936 0
0.229187 0
0.229016 0
0.228856 0
0.228708 0
0.228566 0
0.228413 0
0.228255 0
0.228076 0
0.227911 0
0.227741 0
0.227418 0
0.227279 0
0.22718 0
0.227018 0
0.226845 0
0.226696 0
0.226526 0
0.226378 0
0.226052 0
0.225885 0
0.225733 0
0.225584 0
0.225428 0
0.225266 0
0.225115 0
0.224935 0
0.224774 0
0.224459 0
0.224308 0
0.224134 0
0.223967 0
0.22379 0
0.223622 0
0.223454 0
0.223291 0
0.223137 0
0.222963 0
0.2228 0
0.222628 0
0.222478 0
0.222328 0
0.222167 0
0.221999 0
0.221821 0
0.221661 0
0.221492 0
0.221346 0
0.221178 0
0.22101 0
0.220843 0
0.220669 0
0.220499 0
0.220339 0
0.220069 0
0.219892 0
0.219739 0
0.219574 0
0.219423 0
0.219244 0
0.219089 0
0.218923 0
0.218754 0
0.218599 0
0.218427 0
0.218098 0
0.217923 0
0.217768 0
0.21763 0
0.217483 0
0.217322 0
0.217172 0
0.217002 0
0.216849 0
0.216689 0
0.216521 0
0.21637 0
0.216212 0
0.216073 0
0.215896 0
0.215725 0
0.215562 0
0.215414 0
0.215259 0
0.215109 0
0.214953 0
0.214811 0
0.214638 0
0.214298 0
0.214137 0
0.213975 0
0.213812 0
0.213652 0
0.213486 0
0.213347 0
0.213185 0
0.213027 0
0.212868 0
0.212705 0
0.212528 0
0.21238 0
0.212202 0
0.212039 0
0.211894 0
0.211725 0
0.211561 0
0.211408 0
0.211233 0
0.211083 0
0.210928 0
0.210772 0
0.210627 0
0.210457 0
0.210279 0
0.210121 0
0.209971 0
0.209834 0
0.209692 0
0.209514 0
0.209349 0
0.209196 0
0.20902 0
0.208884 0
0.208732 0
0.208585 0
0.20842 0
0.208256 0
0.208124 0
0.207962 0
0.207792 0
0.207469 0
0.2073 0
0.207132 0
0.206957 0
0.206784 0
0.206624 0
0.206481 0
0.206316 0
0.206158 0
0.205982 0
0.205669 0
0.205499 0
0.205316 0
0.20514 0
0.204959 0
0.204789 0
0.204623 0
0.20445 0
0.20429 0
0.204127 0
0.203959 0
0.203797 0
0.203634 0
0.203464 0
0.203286 0
0.203127 0
0.202958 0
0.202826 0
0.20265 0
0.202485 0
0.202314 0
0.202158 0
0.202011 0
0.201842 0
0.201662 0
0.201498 0
0.201219 0
0.201053 0
0.2009 0
0.200733 0
0.200579 0
0.200421 0
0.20026 0
0.200109 0
0.199958 0
0.199779 0
0.199619 0
0.199455 0
0.199301 0
0.199158 0
0.198986 0
0.198812 0
0.198652 0
0.198474 0
0.198298 0
0.198146 0
0.197978 0
0.19781 0
0.197657 0
0.197487 0
0.197348 0
0.19721 0
0.197065 0
0.196908 0
0.196743 0
0.196601 0
0.19643 0
0.196262 0
0.196085 0
0.195941 0
0.195766 0
0.195584 0
0.19542 0
0.195242 0
0.195066 0
0.194898 0
0.194736 0
0.19459 0
0.194428 0
0.194258 0
0.194099 0
0.193941 0
0.193775 0
0.193601 0
0.193442 0
0.193273 0
0.193098 0
0.192936 0
0.1928 0
0.192649 0
0.192485 0
0.192185 0
0.192024 0
0.19185 0
0.191667 0
0.191511 0
0.191349 0
0.191187 0
0.191039 0
0.190857 0
0.190679 0
0.190511 0
0.190344 0
0.190169 0
0.190001 0
0.189854 0
0.189699 0
0.18954 0
0.189377 0
0.18922 0
0.189066 0
0.188911 0
0.188737 0
0.188565 0
0.188401 0
0.188236 0
0.188082 0
0.187915 0
0.187755 0
0.187586 0
0.187413 0
0.187251 0
0.187081 0
0.186914 0
0.186746 0
0.186587 0
0.186407 0
0.186245 0
0.186081 0
0.185916 0
0.185747 0
0.18558 0
0.18543 0
0.185257 0
0.185077 0
0.184914 0
0.184745 0
0.184583 0
0.18445 0
0.184311 0
0.184164 0
0.184001 0
0.183849 0
0.183662 0
0.183504 0
0.183333 0
0.183181 0
0.183025 0
0.182853 0
0.182691 0
0.182524 0
0.182351 0
0.182197 0
0.182055 0
0.181896 0
0.181739 0
0.181577 0
0.181407 0
0.181261 0
0.181081 0
0.180903 0
0.180745 0
0.180592 0
0.180239 0
0.180078 0
0.179915 0
0.179749 0
0.179574 0
0.179398 0
0.179245 0
0.179098 0
0.178946 0
0.178778 0
0.178611 0
0.178445 0
0.178262 0
0.178102 0
0.177939 0
0.177775 0
0.177604 0
0.177456 0
0.177284 0
0.177119 0
0.176951 0
0.176808 0
0.176642 0
0.176466 0
0.176306 0
0.17617 0
0.176011 0
0.175872 0
0.175725 0
0.175562 0
0.175394 0
0.17522 0
0.175079 0
0.174904 0
0.174729 0
0.17457 0
0.174402 0
0.174257 0
0.1741 0
0.173949 0
0.173796 0
0.173643 0
0.173487 0
0.173338 0
0.173182 0
0.17303 0
0.172886 0
0.172728 0
0.172559 0
0.172405 0
0.172267 0
0.172095 0
0.171934 0
0.171788 0
0.171601 0
0.17142 0
0.171249 0
0.171084 0
0.170918 0
0.170773 0
0.170605 0
0.170433 0
0.170267 0
0.17013 0
0.169987 0
0.169819 0
0.169654 0
0.169485 0
0.169327 0
0.169143 0
0.16897 0
0.168806 0
0.168663 0
0.168501 0
0.168333 0
0.168181 0
0.168028 0
0.167874 0
0.167719 0
0.167541 0
0.167376 0
0.167215 0
0.16709 0
0.166939 0
0.166768 0
0.166598 0
0.16642 0
0.166246 0
0.166095 0
0.165956 0
0.165812 0
0.16565 0
0.165478 0
0.165313 0
0.165135 0
0.164984 0
0.164834 0
0.164678 0
0.164526 0
0.164369 0
0.164192 0
0.164031 0
0.163863 0
0.163702 0
0.163536 0
0.163356 0
0.163214 0
0.163052 0
0.162888 0
0.162724 0
0.162554 0
0.162404 0
0.162224 0
0.162057 0
0.161894 0
0.161717 0
0.161547 0
0.161378 0
0.161231 0
0.161061 0
0.160915 0
0.160782 0
0.160628 0
0.160466 0
0.160296 0
0.160125 0
0.159948 0
0.159815 0
0.159645 0
0.159473 0
0.159307 0
0.159146 0
0.158995 0
0.158823 0
0.15865 0
0.158484 0
0.15834 0
0.158186 0
0.15803 0
0.157892 0
0.157717 0
0.157535 0
0.157358 0
0.157176 0
0.157026 0
0.156857 0
0.156713 0
0.156557 0
0.1564 0
0.156258 0
0.156095 0
0.155921 0
0.155743 0
0.155581 0
0.15542 0
0.155255 0
0.155094 0
0.154971 0
0.154792 0
0.15463 0
0.154475 0
0.15431 0
0.154149 0
0.154009 0
0.153851 0
0.153693 0
0.153528 0
0.153349 0
0.153198 0
0.153049 0
0.152876 0
0.152723 0
0.152566 0
0.152407 0
0.152234 0
0.152065 0
0.151887 0
0.151717 0
0.151543 0
0.15138 0
0.151234 0
0.15108 0
0.150926 0
0.150746 0
0.150596 0
0.150425 0
0.150261 0
0.1501 0
0.149945 0
0.149773 0
0.149616 0
0.149463 0
0.149302 0
0.149139 0
0.148984 0
0.148818 0
0.148635 0
0.148472 0
0.148327 0
0.148167 0
0.147992 0
0.147821 0
0.14767 0
0.147529 0
0.147375 0
0.147198 0
0.14702 0
0.146847 0
0.146692 0
0.146522 0
0.146383 0
0.146211 0
0.146057 0
0.145895 0
0.145734 0
0.14556 0
0.145427 0
0.145261 0
0.145096 0
0.144932 0
0.144768 0
0.144618 0
0.144472 0
0.144302 0
0.144139 0
0.143989 0
0.143828 0
0.143647 0
0.143472 0
0.143334 0
0.14316 0
0.142991 0
0.142812 0
0.142639 0
0.142494 0
0.14232 0
0.14216 0
0.142006 0
0.141855 0
0.141693 0
0.141519 0
0.141341 0
0.141183 0
0.141018 0
0.140851 0
0.140677 0
0.140512 0
0.140364 0
0.140181 0
0.140024 0
0.139866 0
0.139709 0
0.139569 0
0.139415 0
0.139259 0
0.139082 0
0.138911 0
0.13874 0
0.138582 0
0.138413 0
0.138257 0
0.138083 0
0.1379 0
0.137741 0
0.137577 0
0.137427 0
0.137258 0
0.13709 0
0.136927 0
0.136767 0
0.136626 0
0.136451 0
0.136271 0
0.13611 0
0.135941 0
0.135766 0
0.135602 0
0.135432 0
0.135268 0
0.135119 0
0.134944 0
0.13477 0
0.134599 0
0.134432 0
0.134279 0
0.134115 0
0.133958 0
0.133806 0
0.133647 0
0.133478 0
0.133313 0
0.13315 0
0.132986 0
0.132812 0
0.132644 0
0.132468 0
0.132296 0
0.132134 0
0.131984 0
0.13181 0
0.131656 0
0.131496 0
0.131326 0
0.131159 0
0.131002 0
0.13083 0
0.130664 0
0.130481 0
0.130315 0
0.130136 0
0.129975 0
0.129849 0
0.129702 0
0.12952 0
0.129351 0
0.129166 0
0.128991 0
0.128829 0
0.128672 0
0.128483 0
0.128316 0
0.128154 0
0.128005 0
0.127835 0
0.127665 0
0.127495 0
0.12733 0
0.127192 0
0.127048 0
0.126868 0
0.126703 0
0.126535 0
0.126363 0
0.126234 0
0.126075 0
0.125902 0
0.125744 0
0.12541 0
0.125246 0
0.125081 0
0.124918 0
0.124751 0
0.124577 0
0.124409 0
0.124234 0
0.124069 0
0.123904 0
0.123733 0
0.123561 0
0.123401 0
0.123248 0
0.123081 0
0.122909 0
0.122753 0
0.12258 0
0.122421 0
0.122273 0
0.122114 0
0.121951 0
0.121779 0
0.12164 0
0.121477 0
0.121325 0
0.12118 0
0.120999 0
0.120842 0
0.120664 0
0.120506 0
0.120338 0
0.120171 0
0.120037 0
0.119865 0
0.119716 0
0.119536 0
0.119365 0
0.119205 0
0.119023 0
0.118862 0
0.118697 0
0.118525 0
0.118354 0
0.118173 0
0.118024 0
0.117841 0
0.117669 0
0.117501 0
0.117339 0
0.117172 0
0.116996 0
0.116869 0
0.116716 0
0.116554 0
0.116388 0
0.116248 0
0.11608 0
0.115939 0
0.115781 0
0.11565 0
0.115483 0
0.115313 0
0.115147 0
0.114981 0
0.114823 0
0.114668 0
0.114493 0
0.114314 0
0.114 0
0.113831 0
0.113692 0
0.113529 0
0.113361 0
0.113191 0
0.113059 0
0.112882 0
0.112713 0
0.112551 0
0.112379 0
0.112212 0
0.112045 0
0.111903 0
0.111736 0
0.111568 0
0.11143 0
0.111118 0
0.11094 0
0.110777 0
0.11061 0
0.110444 0
0.110286 0
0.110126 0
0.109945 0
0.109783 0
0.109617 0
0.109444 0
0.109263 0
0.109101 0
0.108961 0
0.108796 0
0.108623 0
0.108449 0
0.108288 0
0.108147 0
0.107977 0
0.107824 0
0.107648 0
0.107476 0
0.107317 0
0.10716 0
0.107012 0
0.106855 0
0.106679 0
0.106515 0
0.106353 0
0.106178 0
0.106029 0
0.105871 0
0.10571 0
0.105545 0
0.105401 0
0.105227 0
0.105089 0
0.104922 0
0.104756 0
0.104576 0
0.104398 0
0.104254 0
0.104099 0
0.103941 0
0.10377 0
0.103597 0
0.103434 0
0.103259 0
0.103111 0
0.102931 0
0.102758 0
0.102595 0
0.102445 0
0.102273 0
0.102093 0
0.101913 0
0.101754 0
0.101591 0
0.101432 0
0.10126 0
0.101087 0
0.100925 0
0.100764 0
0.100583 0
0.100422 0
0.100253 0
0.10009 0
0.0999337 0
0.0997621 0
0.0996171 0
0.0994429 0
0.0992695 0
0.0991289 0
0.0989686 0
0.0987999 0
0.0986265 0
0.0984874 0
0.0983195 0
0.0981624 0
0.0979895 0
0.0978332 0
0.0976699 0
0.0974974 0
0.097321 0
0.097153 0
0.0970211 0
0.0968813 0
0.0967099 0
0.0965537 0
0.0963912 0
0.0962194 0
0.0960547 0
0.0959094 0
0.0957362 0
0.0955777 0
0.0954155 0
0.0952376 0
0.0950689 0
0.0949126 0
0.094735 0
0.0945763 0
0.0944116 0
0.094261 0
0.0941024 0
0.0939531 0
0.0937981 0
0.0936339 0
0.0934506 0
0.0933019 0
0.0931363 0
0.09297 0
0.0928295 0
0.0926499 0
0.0924939 0
0.0923331 0
0.0921743 0
0.0919976 0
0.091822 0
0.0916469 0
0.0914779 0
0.0913117 0
0.0911521 0
0.0909943 0
0.0908407 0
0.0906829 0
0.0905224 0
0.0903461 0
0.0902027 0
0.0900488 0
0.0898924 0
0.0897084 0
0.0895553 0
0.0893986 0
0.0892259 0
0.0890549 0
0.0888838 0
0.0887271 0
0.0885715 0
0.0884116 0
0.0882677 0
0.0881079 0
0.0879363 0
0.0877629 0
0.087592 0
0.0874363 0
0.0872806 0
0.0871134 0
0.0869507 0
0.0867837 0
0.0864653 0
0.086303 0
0.0861519 0
0.0859726 0
0.0858048 0
0.0856462 0
0.0854732 0
0.0853153 0
0.0851478 0
0.0849826 0
0.0848044 0
0.0846299 0
0.0844995 0
0.0843372 0
0.0841693 0
0.0840331 0
0.0838809 0
0.0837078 0
0.0835309 0
0.0833555 0
0.0831861 0
0.0830195 0
0.0828562 0
0.0826879 0
0.0825263 0
0.082381 0
0.0822157 0
0.0820402 0
0.0818938 0
0.0817322 0
0.0815798 0
0.0814093 0
0.0812386 0
0.0810846 0
0.0809089 0
0.0807324 0
0.0805703 0
0.0804005 0
0.080253 0
0.0800996 0
0.0799591 0
0.0798 0
0.0796474 0
0.0794714 0
0.0793172 0
0.0791446 0
0.0789766 0
0.0788028 0
0.0786412 0
0.0784639 0
0.0782816 0
0.0781298 0
0.0779695 0
0.0778001 0
0.0776301 0
0.0774869 0
0.0773017 0
0.0771237 0
0.0769507 0
0.0767797 0
0.0766248 0
0.0764754 0
0.0763063 0
0.0761416 0
0.0759569 0
0.0757859 0
0.0756271 0
0.0754574 0
0.0753128 0
0.075169 0
0.0749987 0
0.074835 0
0.0746695 0
0.0744943 0
0.0743289 0
0.0741532 0
0.0739735 0
0.0738072 0
0.0736453 0
0.0734703 0
0.0732965 0
0.0731479 0
0.0729937 0
0.0728296 0
0.0726701 0
0.0724926 0
0.072319 0
0.072137 0
0.0719711 0
0.0718058 0
0.0716239 0
0.0714836 0
0.0713222 0
0.0711657 0
0.0710085 0
0.0708315 0
0.0706771 0
0.0705303 0
0.0703623 0
0.0701915 0
0.0700114 0
0.0698407 0
0.0696807 0
0.0695198 0
0.0693502 0
0.069172 0
0.0690077 0
0.0688515 0
0.0686836 0
0.0685168 0
0.0683356 0
0.0681714 0
0.0680077 0
0.0678451 0
0.067671 0
0.0675055 0
0.067346 0
0.0671668 0
0.0670084 0
0.0668363 0
0.0666738 0
0.0665077 0
0.0663481 0
0.0661847 0
0.066029 0
0.0658655 0
0.0656995 0
0.0655485 0
0.0653762 0
0.0652128 0
0.0649081 0
0.0647628 0
0.0646055 0
0.0644284 0
0.0642689 0
0.0641033 0
0.0639445 0
0.0637922 0
0.0636197 0
0.0634601 0
0.0632959 0
0.0631322 0
0.0629827 0
0.06283 0
0.0626561 0
0.0624933 0
0.062326 0
0.0621688 0
0.062011 0
0.0618382 0
0.0616713 0
0.0615202 0
0.0613695 0
0.0611993 0
0.0610175 0
0.060876 0
0.0607072 0
0.0605416 0
0.0603766 0
0.0602166 0
0.0600642 0
0.0598905 0
0.0597305 0
0.0595573 0
0.0594078 0
0.059256 0
0.0590759 0
0.0589318 0
0.0587671 0
0.0586223 0
0.0584584 0
0.0583225 0
0.0581906 0
0.0580256 0
0.057854 0
0.0576837 0
0.0575506 0
0.057392 0
0.0570297 0
0.0568473 0
0.0566659 0
0.0565075 0
0.0563606 0
0.056186 0
0.0560231 0
0.0558536 0
0.0556967 0
0.0555093 0
0.0553608 0
0.0551902 0
0.0550182 0
0.0548426 0
0.0546619 0
0.0544905 0
0.0543142 0
0.0541639 0
0.0539851 0
0.0538427 0
0.0536816 0
0.0535071 0
0.0533433 0
0.0531857 0
0.053008 0
0.0528342 0
0.0526659 0
0.0524831 0
0.0523207 0
0.0521552 0
0.0519968 0
0.0518435 0
0.0516579 0
0.0514907 0
0.0513243 0
0.0511538 0
0.0510143 0
0.0508481 0
0.0506726 0
0.0505023 0
0.0503555 0
0.0502245 0
0.0500616 0
0.049908 0
0.0497305 0
0.0495802 0
0.0494181 0
0.0492583 0
0.0490875 0
0.0489311 0
0.0487662 0
0.0486134 0
0.0484524 0
0.0482842 0
0.0481188 0
0.0479662 0
0.0477944 0
0.0476348 0
0.0474692 0
0.0473104 0
0.0471437 0
0.0469916 0
0.0468264 0
0.0466551 0
0.046497 0
0.0463179 0
0.0461532 0
0.0459863 0
0.0458184 0
0.0456804 0
0.0455129 0
0.0453494 0
0.0451893 0
0.0450163 0
0.0448482 0
0.0446853 0
0.0445112 0
0.0443314 0
0.0441946 0
0.0440325 0
0.0438896 0
0.0437388 0
0.0435845 0
0.0434178 0
0.0432597 0
0.0430827 0
0.0429173 0
0.0427498 0
0.0425803 0
0.042446 0
0.0422706 0
0.0420991 0
0.0419185 0
0.0417489 0
0.041575 0
0.0414029 0
0.041242 0
0.0410793 0
0.0409112 0
0.0407518 0
0.0405738 0
0.0404132 0
0.0402302 0
0.040097 0
0.0399295 0
0.0397747 0
0.0396027 0
0.039432 0
0.0392663 0
0.0390898 0
0.0389192 0
0.0387519 0
0.0385735 0
0.0383981 0
0.0382354 0
0.0380562 0
0.0378782 0
0.0377087 0
0.037528 0
0.0373843 0
0.0372177 0
0.0370681 0
0.036893 0
0.0367137 0
0.0365641 0
0.0364064 0
0.0362424 0
0.0360755 0
0.0359125 0
0.0357448 0
0.0355847 0
0.0354126 0
0.0352472 0
0.0350834 0
0.0349283 0
0.0347521 0
0.0346041 0
0.0344406 0
0.0342982 0
0.0341277 0
0.033965 0
0.0337903 0
0.0336359 0
0.0334751 0
0.0332965 0
0.0331166 0
0.0329465 0
0.0327763 0
0.032635 0
0.0324769 0
0.0323026 0
0.0321362 0
0.0319708 0
0.0317905 0
0.0316194 0
0.0314667 0
0.0313046 0
0.031137 0
0.0309702 0
0.0308023 0
0.0306619 0
0.0305172 0
0.030365 0
0.0301927 0
0.0300426 0
0.0298824 0
0.0297155 0
0.0295333 0
0.0293623 0
0.0291954 0
0.02903 0
0.0288554 0
0.0286752 0
0.028502 0
0.0283194 0
0.0281348 0
0.0279649 0
0.0278109 0
0.0276384 0
0.0274626 0
0.0273125 0
0.0271476 0
0.0269868 0
0.0268063 0
0.0266418 0
0.0264816 0
0.0263251 0
0.0261775 0
0.0260209 0
0.0258442 0
0.0256705 0
0.0254898 0
0.0253336 0
0.025172 0
0.025011 0
0.0248487 0
0.0246832 0
0.0245147 0
0.0243573 0
0.0241757 0
0.0240122 0
0.0238336 0
0.0236731 0
0.0235192 0
0.0233614 0
0.0231963 0
0.0230148 0
0.0228481 0
0.0227045 0
0.0225394 0
0.0223853 0
0.0222219 0
0.0220707 0
0.0219009 0
0.0217486 0
0.0215921 0
0.0214202 0
0.021253 0
0.0210914 0
0.0209208 0
0.0207463 0
0.0205869 0
0.0204408 0
0.0202746 0
0.0201097 0
0.0199507 0
0.019804 0
0.0196401 0
0.0194707 0
0.0193048 0
0.0191506 0
0.0190052 0
0.0188616 0
0.0187253 0
0.0185625 0
0.0183981 0
0.0182204 0
0.0180499 0
0.0178718 0
0.0177028 0
0.0175281 0
0.0173947 0
0.017239 0
0.0170595 0
0.0168837 0
0.0167042 0
0.0165702 0
0.0163968 0
0.0162352 0
0.0160986 0
0.0159272 0
0.0157713 0
0.0155974 0
0.0154277 0
0.0152499 0
0.0150812 0
0.0149367 0
0.0147733 0
0.014597 0
0.0144561 0
0.0142941 0
0.0141232 0
0.013963 0
0.0137965 0
0.0136235 0
0.0134732 0
0.0132921 0
0.0131284 0
0.0129565 0
0.0128002 0
0.0126352 0
0.0124629 0
0.0122983 0
0.0121342 0
0.011954 0
0.0118097 0
0.0116297 0
0.0114696 0
0.0112933 0
0.0111073 0
0.0109395 0
0.0107766 0
0.0106318 0
0.0104564 0
0.0102921 0
0.0101221 0
0.00995412 0
0.00978348 0
0.00961421 0
0.00943858 0
0.00929254 0
0.00913221 0
0.00897243 0
0.00880808 0
0.00865569 0
0.00848723 0
0.00833877 0
0.00820007 0
0.00802742 0
0.00788378 0
0.00772275 0
0.00754211 0
0.0073668 0
0.00720326 0
0.0070595 0
0.00689975 0
0.0067301 0
0.00656502 0
0.00642691 0
0.00626569 0
0.00608811 0
0.00592862 0
0.00577168 0
0.00560593 0
0.00545648 0
0.00529109 0
0.00511925 0
0.00495495 0
0.00478195 0
0.00461639 0
0.00444292 0
0.00428634 0
0.00411771 0
0.00395785 0
0.00378665 0
0.00361125 0
0.00345399 0
0.00328713 0
0.00311925 0
0.00294145 0
0.00276455 0
0.00260285 0
0.00243258 0
0.00227548 0
0.00211999 0
0.00195347 0
0.00179471 0
0.00164813 0
0.00149098 0
0.00132342 0
0.00117617 0
0.00100359 0
0.000825199 0
0.000669208 0
0.000487307 0
0.000317352 0
0.000165731 0
0 0
