0.677237 3370
0.677237 3369
0.677237 3368
0.677237 3367
0.677237 3366
0.677237 3365
0.677237 3364
0.677237 3363
0.677237 3362
0.677237 3361
0.677237 3360
0.677237 3359
0.677237 3358
0.677237 3357
0.677237 3356
0.677237 3355
0.677223 3354
0.677223 3353
0.67718 3352
0.67718 3351
0.67718 3350
0.67718 3349
0.67718 3348
0.67718 3347
0.67718 3346
0.67718 3345
0.67718 3344
0.67718 3343
0.67718 3342
0.67718 3341
0.67718 3340
0.67718 3339
0.67718 3338
0.67718 3337
0.67718 3336
0.67718 3335
0.67718 3334
0.67718 3333
0.67718 3332
0.67718 3331
0.67718 3330
0.67718 3329
0.67718 3328
0.67718 3327
0.67718 3326
0.67718 3325
0.67718 3324
0.67718 3323
0.67718 3322
0.67718 3321
0.67718 3320
0.67718 3319
0.67718 3318
0.67718 3317
0.677157 3316
0.677157 3315
0.677157 3314
0.677157 3313
0.677157 3312
0.677157 3311
0.677157 3310
0.677157 3309
0.677157 3308
0.677157 3307
0.677157 3306
0.677157 3305
0.677157 3304
0.677157 3303
0.677157 3302
0.677157 3299
0.677157 3298
0.677157 3297
0.67712 3296
0.67712 3295
0.67712 3294
0.677113 3293
0.677113 3292
0.677113 3291
0.677113 3290
0.677113 3289
0.677113 3288
0.677113 3287
0.677113 3285
0.677113 3284
0.677113 3283
0.677113 3282
0.677113 3281
0.677074 3280
0.677074 3279
0.677074 3278
0.677074 3277
0.677074 3276
0.677074 3275
0.677074 3274
0.677074 3273
0.677074 3272
0.677074 3271
0.677074 3270
0.677074 3268
0.677074 3267
0.677074 3266
0.677074 3265
0.677074 3264
0.677074 3263
0.677074 3262
0.677074 3261
0.677074 3260
0.677074 3259
0.677074 3258
0.677074 3257
0.677074 3256
0.677074 3255
0.677074 3254
0.677074 3253
0.677074 3252
0.677074 3251
0.677074 3250
0.677074 3249
0.677074 3248
0.677004 3248
0.677004 3247
0.677004 3246
0.677004 3245
0.677004 3244
0.677004 3243
0.677004 3242
0.677004 3241
0.676998 3240
0.676998 3239
0.676998 3237
0.676998 3236
0.676998 3235
0.676998 3234
0.676998 3233
0.676998 3232
0.676998 3231
0.676998 3230
0.676998 3229
0.676998 3228
0.676998 3227
0.676998 3226
0.676998 3225
0.676998 3224
0.676998 3223
0.676998 3222
0.676998 3221
0.676998 3220
0.676998 3219
0.676998 3218
0.676998 3216
0.676998 3215
0.676998 3214
0.676998 3213
0.676993 3212
0.676993 3211
0.676993 3210
0.676993 3209
0.676993 3208
0.676993 3207
0.676993 3205
0.676993 3204
0.676992 3203
0.676992 3202
0.676992 3201
0.676992 3200
0.676992 3199
0.676992 3198
0.676992 3197
0.676992 3196
0.676992 3195
0.676992 3194
0.676992 3193
0.676992 3192
0.676963 3191
0.676963 3190
0.676963 3189
0.676963 3188
0.676963 3187
0.676963 3186
0.676963 3185
0.676963 3184
0.676963 3183
0.676963 3182
0.676963 3181
0.676963 3180
0.676963 3178
0.676963 3177
0.676963 3176
0.676963 3175
0.676963 3174
0.676963 3173
0.676963 3172
0.676963 3171
0.676963 3170
0.676928 3168
0.676928 3167
0.676928 3166
0.676928 3165
0.676928 3164
0.676928 3163
0.676928 3162
0.676928 3161
0.676928 3159
0.676928 3158
0.676928 3157
0.676882 3156
0.676882 3155
0.676882 3154
0.676882 3153
0.676882 3152
0.676882 3151
0.676882 3150
0.676882 3149
0.676882 3148
0.676882 3147
0.676882 3145
0.676882 3144
0.676882 3143
0.676882 3142
0.676882 3141
0.676882 3140
0.676882 3139
0.676882 3138
0.676882 3137
0.676882 3136
0.676882 3135
0.676882 3134
0.676882 3133
0.676882 3132
0.676882 3131
0.676882 3130
0.676882 3129
0.676882 3128
0.676882 3126
0.676882 3124
0.676882 3123
0.676882 3122
0.676784 3122
0.676784 3121
0.676784 3120
0.676784 3119
0.676784 3118
0.676784 3117
0.676784 3116
0.676784 3115
0.676784 3114
0.676784 3113
0.676784 3112
0.676784 3111
0.676784 3110
0.676784 3109
0.676784 3108
0.676784 3107
0.676734 3105
0.676734 3104
0.676734 3103
0.676734 3102
0.676734 3100
0.676734 3099
0.676734 3098
0.676734 3097
0.676734 3096
0.676734 3095
0.676734 3094
0.676734 3093
0.676734 3092
0.676734 3091
0.676734 3089
0.676734 3088
0.676734 3087
0.676734 3086
0.676734 3085
0.676734 3084
0.676734 3083
0.676734 3082
0.676734 3081
0.676734 3080
0.676734 3079
0.676734 3078
0.676734 3077
0.676734 3076
0.676734 3075
0.676734 3073
0.676734 3072
0.676734 3071
0.676734 3070
0.676734 3068
0.676734 3067
0.676734 3066
0.676734 3065
0.676734 3064
0.676734 3063
0.676734 3062
0.676734 3061
0.676734 3060
0.676734 3059
0.676734 3058
0.676713 3056
0.676713 3055
0.676611 3055
0.676611 3054
0.676611 3053
0.676611 3052
0.676611 3051
0.676611 3050
0.676611 3049
0.676611 3048
0.676611 3046
0.676611 3045
0.676611 3044
0.676611 3043
0.676608 3042
0.676608 3040
0.676608 3039
0.676608 3038
0.676608 3037
0.676608 3036
0.676608 3035
0.676608 3034
0.676594 3033
0.676594 3032
0.676594 3031
0.676594 3029
0.676594 3028
0.676594 3027
0.676594 3025
0.676594 3024
0.676594 3023
0.676594 3022
0.676594 3021
0.676594 3020
0.676594 3019
0.676594 3018
0.676594 3017
0.676594 3016
0.676594 3015
0.676594 3014
0.676594 3013
0.676588 3012
0.676588 3011
0.676588 3010
0.676588 3009
0.676588 3008
0.676588 3007
0.676588 3006
0.676588 3005
0.676588 3004
0.676588 3003
0.676579 3001
0.676579 3000
0.676579 2999
0.676579 2998
0.676579 2997
0.676579 2996
0.676579 2995
0.676579 2994
0.676522 2993
0.676522 2992
0.676522 2991
0.676522 2990
0.676522 2989
0.676522 2988
0.676522 2987
0.676522 2986
0.676522 2985
0.676522 2984
0.676522 2982
0.676522 2981
0.676522 2980
0.676522 2979
0.676522 2978
0.676522 2977
0.676522 2976
0.676379 2976
0.676379 2975
0.676379 2974
0.676379 2973
0.676379 2972
0.676379 2971
0.676379 2970
0.676379 2969
0.676379 2968
0.676379 2966
0.676379 2965
0.676379 2964
0.676379 2963
0.676379 2962
0.676379 2961
0.676379 2960
0.676331 2959
0.676331 2958
0.676331 2957
0.676331 2956
0.676331 2955
0.676331 2954
0.676331 2952
0.676331 2951
0.676331 2950
0.676331 2949
0.676331 2948
0.676331 2947
0.676331 2946
0.676331 2945
0.676331 2944
0.676331 2943
0.676331 2942
0.676331 2941
0.676331 2940
0.676331 2939
0.676331 2938
0.67632 2937
0.67632 2936
0.67632 2935
0.67632 2933
0.67632 2932
0.67632 2931
0.67632 2930
0.67632 2928
0.67632 2927
0.67632 2926
0.67632 2924
0.67632 2923
0.676316 2922
0.676316 2921
0.676208 2921
0.676208 2920
0.676208 2918
0.676208 2917
0.676208 2915
0.676208 2914
0.676208 2913
0.676208 2911
0.676208 2910
0.676208 2908
0.676208 2907
0.676208 2906
0.676208 2905
0.676208 2904
0.676208 2901
0.676196 2897
0.676196 2896
0.676196 2894
0.676196 2893
0.676196 2891
0.676196 2890
0.676196 2889
0.676196 2888
0.676196 2886
0.676196 2885
0.676196 2883
0.676188 2880
0.676188 2879
0.676188 2878
0.676113 2877
0.676113 2876
0.676113 2875
0.676113 2873
0.676113 2872
0.676113 2870
0.676113 2869
0.676113 2868
0.676113 2867
0.676113 2866
0.676113 2865
0.676113 2864
0.676113 2862
0.676113 2861
0.676113 2860
0.676113 2859
0.676113 2858
0.676113 2857
0.676026 2857
0.676026 2855
0.676026 2854
0.676026 2853
0.676026 2852
0.676026 2851
0.676026 2850
0.676026 2849
0.676026 2847
0.676026 2846
0.676009 2845
0.676009 2844
0.676009 2843
0.676009 2840
0.676009 2839
0.676009 2837
0.676009 2835
0.676004 2834
0.676004 2833
0.676004 2832
0.676004 2830
0.676004 2829
0.676004 2828
0.676004 2827
0.676004 2826
0.676004 2825
0.676004 2824
0.676004 2823
0.676004 2822
0.676004 2821
0.676004 2819
0.676004 2817
0.676004 2816
0.676004 2814
0.676004 2813
0.675944 2812
0.675944 2811
0.675944 2810
0.675944 2809
0.67594 2808
0.67594 2807
0.67594 2805
0.67594 2804
0.67578 2804
0.67578 2803
0.67578 2801
0.67578 2799
0.67578 2798
0.67578 2797
0.67578 2796
0.67578 2795
0.67578 2794
0.67578 2793
0.67578 2792
0.67578 2791
0.67578 2790
0.67578 2789
0.67578 2788
0.67578 2787
0.67578 2786
0.67578 2785
0.67578 2783
0.675772 2781
0.675772 2780
0.675644 2780
0.675513 2780
0.675513 2779
0.675513 2778
0.675513 2777
0.675493 2776
0.675493 2775
0.675493 2774
0.675493 2773
0.675492 2772
0.675492 2771
0.675492 2770
0.675492 2769
0.675492 2767
0.675492 2766
0.675492 2765
0.675492 2764
0.675621 2762
0.675621 2761
0.675621 2759
0.675621 2758
0.675621 2757
0.675621 2756
0.675621 2755
0.675621 2754
0.675621 2753
0.675621 2752
0.675621 2751
0.675621 2750
0.675621 2748
0.675621 2747
0.675621 2746
0.675621 2745
0.675621 2744
0.675621 2743
0.675621 2742
0.675613 2740
0.675613 2739
0.675613 2738
0.675613 2737
0.675613 2736
0.675613 2734
0.675613 2733
0.675613 2732
0.675613 2731
0.675613 2730
0.675613 2729
0.675613 2728
0.675613 2727
0.675613 2726
0.675613 2725
0.675608 2724
0.675608 2723
0.675608 2722
0.675608 2721
0.675608 2720
0.675608 2719
0.675608 2718
0.675608 2717
0.675608 2716
0.675569 2715
0.675569 2714
0.675569 2713
0.675569 2712
0.675529 2711
0.675529 2709
0.675529 2707
0.675529 2705
0.675529 2704
0.675529 2703
0.675529 2702
0.675529 2701
0.675529 2700
0.675527 2699
0.675527 2698
0.675527 2695
0.675527 2693
0.675527 2692
0.675527 2691
0.675527 2690
0.675527 2688
0.675527 2687
0.675527 2686
0.675527 2685
0.675527 2684
0.675527 2683
0.675527 2681
0.675527 2680
0.675527 2678
0.675527 2677
0.675527 2676
0.675527 2675
0.675527 2674
0.675418 2674
0.675418 2673
0.675418 2672
0.675418 2671
0.675418 2670
0.675418 2669
0.675418 2668
0.675382 2667
0.675382 2666
0.675382 2665
0.675382 2664
0.675382 2663
0.675382 2662
0.675382 2661
0.675382 2660
0.675348 2659
0.675348 2658
0.675348 2657
0.675348 2656
0.675348 2655
0.675348 2653
0.675348 2652
0.675348 2651
0.675348 2649
0.675348 2648
0.675348 2647
0.675348 2646
0.675344 2645
0.675344 2644
0.675344 2643
0.675344 2642
0.675316 2641
0.675316 2640
0.675316 2639
0.675316 2638
0.675316 2636
0.675316 2635
0.675316 2634
0.675316 2633
0.675316 2632
0.675316 2631
0.675316 2630
0.675316 2629
0.675316 2627
0.675316 2626
0.675316 2624
0.675316 2623
0.675312 2622
0.675312 2621
0.675312 2620
0.675312 2619
0.675312 2618
0.675312 2615
0.675312 2614
0.675312 2613
0.675312 2612
0.675312 2611
0.675276 2609
0.675177 2608
0.675177 2606
0.675177 2605
0.675177 2604
0.675177 2602
0.675133 2600
0.675116 2598
0.675116 2597
0.675116 2595
0.675116 2594
0.675116 2593
0.675116 2592
0.675116 2591
0.675114 2590
0.675114 2588
0.675114 2586
0.675114 2585
0.675114 2584
0.675114 2582
0.675114 2581
0.675114 2580
0.675114 2578
0.675114 2576
0.675114 2573
0.675114 2572
0.675114 2571
0.675114 2569
0.675114 2567
0.675114 2566
0.675114 2565
0.675114 2564
0.675114 2563
0.675114 2561
0.675114 2559
0.675114 2557
0.675114 2556
0.675114 2554
0.675114 2553
0.675114 2552
0.675114 2549
0.675114 2548
0.675114 2546
0.675114 2545
0.675113 2544
0.675113 2543
0.675113 2542
0.675113 2541
0.675099 2540
0.675099 2539
0.675099 2538
0.675099 2536
0.675099 2535
0.675099 2534
0.675099 2531
0.675099 2529
0.675099 2528
0.675099 2526
0.675099 2525
0.675099 2524
0.675099 2522
0.675051 2522
0.675051 2521
0.675051 2519
0.675051 2518
0.675051 2517
0.675051 2516
0.675051 2515
0.675051 2514
0.675051 2513
0.675051 2512
0.675051 2511
0.675051 2510
0.675051 2509
0.675051 2508
0.675051 2506
0.675051 2504
0.675051 2502
0.675016 2500
0.675016 2499
0.674867 2499
0.674867 2498
0.674867 2497
0.674867 2496
0.674867 2495
0.674867 2494
0.674867 2493
0.674867 2492
0.674867 2491
0.674867 2490
0.674867 2489
0.674867 2488
0.674867 2487
0.674867 2486
0.674867 2485
0.674867 2483
0.674867 2482
0.674867 2481
0.674867 2480
0.674867 2479
0.674867 2478
0.674867 2477
0.674867 2476
0.674867 2475
0.674867 2474
0.674867 2473
0.674867 2472
0.674867 2471
0.674867 2469
0.674867 2468
0.674867 2467
0.674867 2466
0.674867 2464
0.674867 2463
0.674867 2462
0.674867 2461
0.674867 2460
0.674867 2459
0.674867 2458
0.674867 2457
0.674867 2455
0.674867 2454
0.674867 2453
0.674867 2451
0.674867 2450
0.674867 2449
0.674867 2448
0.674867 2447
0.674867 2446
0.674867 2445
0.674867 2444
0.674867 2443
0.674867 2442
0.674867 2441
0.674867 2440
0.674867 2439
0.674867 2437
0.674867 2436
0.674867 2434
0.674867 2433
0.674867 2432
0.674867 2431
0.674867 2430
0.674867 2429
0.674867 2428
0.674867 2426
0.674867 2425
0.674867 2424
0.674867 2423
0.674867 2422
0.674867 2421
0.674867 2420
0.674867 2419
0.674867 2416
0.674867 2415
0.674867 2414
0.674867 2413
0.674867 2410
0.674867 2409
0.674867 2408
0.674867 2407
0.674779 2406
0.674779 2405
0.674779 2402
0.67476 2401
0.67476 2400
0.67476 2399
0.67476 2398
0.67476 2395
0.67476 2393
0.67476 2390
0.67476 2389
0.67476 2388
0.67476 2387
0.674655 2387
0.674655 2386
0.674655 2385
0.674655 2384
0.674655 2383
0.674655 2380
0.674655 2379
0.674655 2378
0.674655 2377
0.674655 2376
0.674655 2375
0.674655 2374
0.674631 2373
0.674631 2372
0.674631 2371
0.674631 2370
0.674631 2369
0.674631 2368
0.674631 2367
0.674631 2366
0.674631 2365
0.674631 2364
0.674631 2363
0.674624 2362
0.674624 2361
0.674624 2360
0.674624 2359
0.674624 2358
0.674624 2357
0.674596 2356
0.674596 2355
0.674596 2354
0.674596 2352
0.674596 2350
0.674489 2349
0.674343 2348
0.674343 2346
0.674343 2345
0.674343 2344
0.674184 2344
0.674184 2343
0.674184 2341
0.674184 2340
0.674184 2339
0.674077 2339
0.674077 2337
0.674077 2335
0.674077 2334
0.674077 2333
0.674077 2332
0.67407 2331
0.67407 2330
0.67407 2328
0.67407 2326
0.67407 2325
0.67407 2324
0.67407 2322
0.67407 2321
0.67407 2320
0.67407 2319
0.67407 2317
0.67407 2316
0.67407 2315
0.67407 2314
0.67407 2313
0.67407 2312
0.67407 2311
0.67407 2310
0.67407 2309
0.67407 2307
0.674059 2306
0.674059 2305
0.674059 2304
0.674059 2302
0.674059 2301
0.674059 2300
0.674059 2297
0.674059 2296
0.674059 2294
0.674059 2293
0.674059 2292
0.674059 2291
0.674059 2289
0.674059 2288
0.674059 2287
0.674059 2285
0.674059 2283
0.674052 2280
0.674052 2279
0.674052 2278
0.674052 2277
0.674052 2275
0.674052 2274
0.674052 2272
0.674052 2270
0.674052 2269
0.674052 2268
0.674052 2266
0.674052 2264
0.673921 2262
0.673921 2260
0.673921 2259
0.673921 2258
0.673921 2256
0.673921 2254
0.673921 2252
0.673921 2251
0.673921 2250
0.673921 2249
0.673921 2248
0.673921 2246
0.673921 2245
0.673781 2245
0.673781 2244
0.673781 2243
0.673781 2242
0.673781 2241
0.673781 2240
0.673781 2239
0.673781 2238
0.673781 2236
0.673781 2235
0.673781 2234
0.673781 2233
0.673781 2232
0.673781 2231
0.673758 2230
0.673603 2230
0.673603 2229
0.673603 2228
0.673603 2227
0.673603 2226
0.673603 2225
0.673603 2224
0.673603 2223
0.673603 2222
0.673603 2221
0.673603 2220
0.673603 2218
0.673603 2217
0.673603 2216
0.673443 2216
0.673443 2215
0.673443 2214
0.673443 2213
0.673293 2213
0.673293 2212
0.673293 2211
0.673293 2210
0.673293 2209
0.673293 2206
0.673293 2203
0.673293 2202
0.673293 2201
0.673293 2199
0.673116 2198
0.673116 2197
0.673116 2196
0.673116 2195
0.673116 2193
0.672974 2191
0.672974 2190
0.672974 2189
0.672974 2186
0.672974 2185
0.672974 2182
0.672974 2181
0.672974 2179
0.672974 2178
0.672974 2177
0.672974 2176
0.672974 2173
0.672974 2172
0.672974 2171
0.672974 2169
0.672974 2168
0.672853 2168
0.672853 2167
0.672853 2166
0.672853 2165
0.672853 2162
0.672853 2161
0.672853 2160
0.672853 2159
0.672853 2158
0.672853 2157
0.672853 2154
0.672853 2152
0.672853 2150
0.672817 2149
0.672779 2147
0.672779 2146
0.672779 2145
0.672779 2144
0.672779 2143
0.672779 2142
0.672779 2141
0.672779 2140
0.672779 2139
0.672779 2138
0.672779 2136
0.672779 2135
0.672779 2134
0.672779 2133
0.672779 2131
0.672779 2130
0.672779 2129
0.672779 2128
0.672779 2127
0.672779 2126
0.672779 2125
0.672779 2124
0.672779 2122
0.672779 2120
0.672747 2118
0.672747 2117
0.672747 2116
0.672747 2115
0.672614 2115
0.672614 2113
0.672614 2112
0.672614 2111
0.672472 2111
0.672367 2111
0.672367 2109
0.672367 2107
0.672367 2106
0.672367 2105
0.672367 2104
0.672367 2103
0.672254 2102
0.672254 2101
0.672254 2100
0.672254 2097
0.672254 2096
0.672254 2095
0.672253 2094
0.672253 2093
0.672253 2092
0.672253 2091
0.672253 2090
0.672253 2089
0.672253 2087
0.672253 2086
0.672253 2085
0.672253 2084
0.672253 2083
0.672234 2082
0.672234 2079
0.672234 2078
0.672234 2076
0.672234 2075
0.672234 2073
0.672234 2072
0.672234 2071
0.672234 2070
0.672234 2069
0.672234 2067
0.672234 2066
0.672234 2064
0.672234 2063
0.672234 2062
0.672234 2061
0.672229 2060
0.672229 2059
0.672113 2059
0.672113 2058
0.672113 2056
0.672113 2055
0.672113 2053
0.672113 2052
0.672113 2051
0.672113 2050
0.672113 2049
0.672113 2047
0.672113 2046
0.672113 2044
0.672113 2042
0.672113 2041
0.672065 2039
0.672065 2038
0.672065 2037
0.672065 2034
0.672065 2033
0.672065 2031
0.672065 2030
0.672065 2027
0.672065 2025
0.672065 2023
0.672065 2021
0.672065 2020
0.672065 2018
0.672065 2017
0.672065 2016
0.672065 2013
0.672065 2012
0.672065 2011
0.672065 2010
0.672065 2009
0.672065 2008
0.672065 2007
0.672065 2006
0.672065 2005
0.672065 2002
0.67197 2002
0.67197 2001
0.67197 2000
0.67197 1999
0.67197 1998
0.67197 1997
0.67197 1996
0.67197 1995
0.67197 1994
0.67197 1991
0.671811 1990
0.671811 1988
0.671811 1987
0.671661 1987
0.671661 1986
0.671661 1985
0.671661 1984
0.671661 1983
0.671661 1982
0.671661 1981
0.671661 1980
0.671661 1978
0.671661 1976
0.671661 1974
0.671661 1971
0.671661 1970
0.671661 1969
0.671661 1967
0.671543 1966
0.671543 1965
0.671543 1964
0.671543 1963
0.671543 1962
0.671543 1959
0.671543 1958
0.671543 1957
0.671543 1956
0.671543 1955
0.671524 1954
0.671524 1951
0.671524 1950
0.671521 1948
0.671521 1947
0.671521 1946
0.671521 1944
0.671521 1943
0.671521 1941
0.671521 1939
0.671521 1938
0.671521 1936
0.671521 1935
0.671484 1934
0.671484 1933
0.671484 1932
0.671484 1930
0.671432 1929
0.671432 1927
0.671351 1927
0.671351 1924
0.671351 1922
0.671351 1920
0.671351 1919
0.671351 1918
0.671351 1917
0.671351 1914
0.671351 1913
0.671351 1912
0.671351 1911
0.671351 1910
0.671351 1908
0.671205 1908
0.671205 1907
0.671205 1904
0.671175 1902
0.67116 1901
0.67116 1900
0.67116 1899
0.67116 1898
0.67116 1897
0.67116 1896
0.671144 1894
0.671144 1893
0.671144 1892
0.671134 1891
0.671134 1887
0.671134 1886
0.671134 1884
0.671134 1883
0.671134 1882
0.671134 1881
0.671134 1880
0.671134 1879
0.671134 1878
0.671101 1876
0.671101 1874
0.671101 1873
0.671101 1872
0.671101 1869
0.671088 1868
0.671088 1867
0.671088 1866
0.671088 1865
0.671088 1862
0.671088 1861
0.671088 1859
0.671088 1858
0.671088 1857
0.671088 1856
0.671088 1854
0.671088 1853
0.671088 1852
0.671088 1850
0.671088 1849
0.671088 1848
0.671088 1846
0.671088 1845
0.671088 1844
0.671088 1843
0.671088 1842
0.671088 1840
0.671088 1839
0.671088 1838
0.671088 1837
0.671088 1835
0.671088 1834
0.671088 1832
0.671088 1831
0.671088 1830
0.671088 1827
0.671088 1826
0.671088 1824
0.671088 1823
0.671088 1822
0.671088 1821
0.671088 1818
0.671088 1815
0.671088 1814
0.671088 1813
0.671088 1812
0.671088 1811
0.671088 1810
0.671088 1809
0.671088 1808
0.671088 1807
0.671088 1806
0.671088 1804
0.671088 1803
0.671088 1802
0.671088 1800
0.671083 1799
0.671083 1798
0.671083 1797
0.671083 1795
0.671083 1794
0.671083 1792
0.670971 1790
0.670971 1789
0.670971 1788
0.670971 1787
0.670971 1786
0.670971 1785
0.670971 1783
0.670971 1782
0.670971 1781
0.670971 1780
0.670971 1779
0.670971 1778
0.670813 1778
0.670813 1777
0.670813 1775
0.670813 1773
0.670813 1771
0.670813 1770
0.670813 1768
0.670799 1767
0.670799 1766
0.67079 1763
0.67079 1762
0.67079 1760
0.67079 1759
0.670667 1759
0.670667 1758
0.670667 1757
0.670667 1756
0.670667 1754
0.670667 1753
0.670667 1752
0.670667 1751
0.670667 1750
0.670667 1749
0.670667 1746
0.670667 1744
0.670667 1743
0.670538 1743
0.670538 1742
0.670538 1741
0.670538 1740
0.670538 1739
0.670538 1738
0.670538 1737
0.670538 1736
0.670538 1734
0.670538 1733
0.670538 1732
0.670538 1731
0.670538 1730
0.670538 1729
0.670538 1728
0.670538 1727
0.670538 1725
0.670502 1724
0.670502 1723
0.670502 1722
0.670502 1721
0.670502 1720
0.670502 1718
0.670502 1717
0.670502 1715
0.670502 1714
0.670502 1712
0.670502 1710
0.670502 1709
0.670502 1708
0.670502 1706
0.670502 1705
0.670502 1704
0.670502 1703
0.670502 1702
0.670502 1701
0.670502 1700
0.670502 1699
0.670502 1698
0.670502 1697
0.670502 1696
0.670502 1695
0.670502 1694
0.670502 1692
0.670502 1691
0.670502 1688
0.670495 1687
0.670495 1686
0.670495 1684
0.670495 1683
0.670495 1681
0.670495 1680
0.67048 1678
0.67048 1677
0.67048 1676
0.67048 1675
0.67048 1670
0.67048 1669
0.67048 1668
0.67048 1667
0.67048 1666
0.67048 1665
0.67048 1664
0.67048 1663
0.67048 1662
0.67048 1661
0.67048 1660
0.67048 1659
0.67048 1658
0.67048 1657
0.67048 1655
0.67048 1654
0.67048 1653
0.67048 1652
0.67048 1651
0.67048 1650
0.67048 1648
0.670374 1647
0.670213 1647
0.670124 1647
0.669981 1645
0.669981 1644
0.669981 1643
0.669981 1641
0.669941 1640
0.669941 1639
0.669941 1638
0.669941 1637
0.669941 1636
0.669941 1635
0.669941 1634
0.669941 1632
0.669938 1631
0.669938 1629
0.669938 1628
0.669938 1627
0.669938 1626
0.669938 1624
0.669938 1623
0.669938 1622
0.669938 1621
0.669938 1620
0.669938 1619
0.669938 1618
0.669938 1617
0.669938 1615
0.669938 1614
0.669938 1613
0.669938 1611
0.669938 1610
0.669938 1609
0.669938 1607
0.669938 1606
0.669938 1605
0.669938 1604
0.669938 1603
0.669904 1602
0.669783 1601
0.669783 1600
0.669783 1599
0.669783 1597
0.669663 1597
0.669663 1596
0.669663 1595
0.669663 1594
0.669663 1593
0.669663 1592
0.669663 1591
0.669663 1590
0.669663 1589
0.669663 1588
0.669663 1587
0.669663 1586
0.669663 1585
0.669663 1584
0.669663 1583
0.669663 1581
0.669663 1580
0.669663 1579
0.669663 1577
0.669598 1576
0.669598 1575
0.669598 1573
0.669598 1572
0.669598 1571
0.669598 1570
0.669598 1568
0.669598 1567
0.669598 1565
0.669598 1564
0.669598 1563
0.66953 1563
0.66953 1561
0.66953 1560
0.66953 1559
0.66953 1558
0.66953 1557
0.66953 1556
0.66953 1553
0.66953 1551
0.66953 1549
0.669471 1546
0.669376 1546
0.669376 1545
0.669376 1544
0.669376 1543
0.669376 1542
0.669376 1539
0.669376 1538
0.669376 1537
0.669376 1535
0.669376 1533
0.669376 1532
0.669376 1530
0.669376 1529
0.669376 1528
0.669376 1526
0.669224 1523
0.669224 1521
0.669224 1519
0.669224 1518
0.669224 1517
0.669224 1516
0.669113 1516
0.669113 1515
0.669113 1513
0.669113 1511
0.669113 1510
0.669113 1509
0.669067 1508
0.669067 1507
0.669067 1505
0.669067 1504
0.669067 1503
0.669067 1501
0.669067 1499
0.669067 1498
0.669067 1497
0.669067 1496
0.669067 1495
0.668938 1495
0.668938 1494
0.668938 1492
0.668938 1491
0.668938 1488
0.668938 1487
0.668938 1486
0.668938 1485
0.668809 1485
0.668809 1484
0.668809 1483
0.668809 1482
0.668809 1481
0.668809 1480
0.668809 1479
0.668809 1478
0.668809 1477
0.668809 1476
0.668809 1475
0.668809 1474
0.668809 1473
0.668809 1472
0.668809 1470
0.668809 1469
0.668809 1467
0.668809 1466
0.668809 1465
0.668809 1462
0.668809 1461
0.668809 1460
0.668809 1459
0.668809 1458
0.668808 1456
0.668808 1454
0.668808 1453
0.668808 1452
0.668808 1451
0.668808 1450
0.668724 1450
0.668724 1449
0.668724 1447
0.668724 1446
0.668724 1444
0.668724 1442
0.668724 1441
0.668724 1440
0.668724 1438
0.668724 1437
0.668724 1435
0.668724 1434
0.668554 1433
0.668554 1432
0.668554 1430
0.668554 1429
0.668554 1428
0.668554 1427
0.668554 1426
0.668554 1425
0.668554 1424
0.668554 1422
0.668554 1421
0.668554 1420
0.668554 1417
0.668554 1416
0.668554 1415
0.668554 1414
0.668553 1412
0.668553 1410
0.668553 1408
0.668553 1407
0.668553 1406
0.668553 1405
0.668553 1404
0.668553 1403
0.668553 1401
0.668553 1400
0.668553 1399
0.668553 1397
0.668553 1396
0.668553 1395
0.668553 1394
0.668553 1393
0.66844 1392
0.66844 1389
0.66844 1388
0.66844 1387
0.668356 1387
0.668356 1386
0.668355 1384
0.668355 1383
0.668355 1382
0.668355 1380
0.668355 1379
0.668355 1378
0.668355 1377
0.668355 1376
0.668355 1374
0.668355 1373
0.668347 1372
0.668347 1371
0.668347 1370
0.668347 1367
0.668347 1366
0.668347 1364
0.668347 1363
0.668338 1362
0.668338 1360
0.668338 1358
0.668338 1357
0.668338 1356
0.668338 1355
0.668338 1353
0.668338 1352
0.668338 1351
0.668338 1350
0.668338 1349
0.668338 1347
0.668338 1345
0.668321 1342
0.668321 1341
0.668321 1340
0.668321 1338
0.668321 1337
0.668321 1336
0.668321 1335
0.668197 1335
0.668197 1334
0.668166 1333
0.668166 1331
0.668166 1330
0.668166 1328
0.668166 1327
0.668166 1326
0.668166 1325
0.668166 1324
0.668166 1323
0.668166 1322
0.668166 1320
0.668166 1318
0.668166 1317
0.668166 1316
0.668166 1315
0.668166 1314
0.668166 1313
0.668166 1312
0.668166 1311
0.668166 1310
0.668166 1309
0.668166 1308
0.668166 1307
0.668166 1306
0.668166 1305
0.668166 1304
0.668166 1303
0.668155 1302
0.668149 1300
0.668149 1299
0.668149 1298
0.668149 1297
0.668149 1296
0.668149 1295
0.668149 1294
0.668149 1293
0.668149 1292
0.668149 1290
0.668149 1289
0.668149 1288
0.668149 1287
0.668149 1286
0.668149 1285
0.668149 1283
0.668149 1282
0.668149 1281
0.668149 1280
0.668149 1278
0.668149 1277
0.668149 1276
0.668149 1275
0.668149 1274
0.668149 1273
0.668149 1272
0.668149 1271
0.667975 1270
0.667975 1269
0.667975 1267
0.667975 1266
0.667975 1265
0.667975 1264
0.667975 1263
0.667975 1262
0.667975 1261
0.667961 1260
0.667958 1259
0.667958 1257
0.667958 1256
0.667958 1254
0.667958 1253
0.667958 1252
0.667958 1250
0.667922 1249
0.667922 1248
0.667922 1246
0.667922 1245
0.667922 1244
0.667922 1243
0.667919 1241
0.667919 1240
0.667919 1238
0.667919 1237
0.667919 1235
0.667919 1234
0.667919 1233
0.667919 1232
0.667919 1231
0.667919 1230
0.667919 1229
0.667919 1227
0.667919 1226
0.667919 1225
0.667919 1223
0.667919 1222
0.667919 1221
0.667919 1220
0.667919 1217
0.667919 1216
0.667919 1215
0.667919 1214
0.667919 1212
0.667919 1211
0.667919 1210
0.667919 1209
0.667919 1208
0.667919 1207
0.667919 1206
0.667919 1205
0.667919 1204
0.667919 1203
0.667918 1202
0.667875 1201
0.667875 1200
0.667875 1199
0.667875 1198
0.667875 1197
0.667875 1196
0.667875 1195
0.667875 1194
0.667875 1193
0.667875 1192
0.667875 1191
0.667875 1190
0.667875 1189
0.667875 1188
0.667875 1186
0.667875 1185
0.667875 1184
0.667875 1183
0.667862 1182
0.667862 1181
0.667862 1180
0.667862 1179
0.667744 1179
0.667744 1178
0.667744 1177
0.667744 1176
0.667739 1175
0.667739 1174
0.667739 1173
0.667739 1172
0.66767 1172
0.66767 1171
0.66767 1170
0.66767 1169
0.66767 1168
0.66767 1167
0.66767 1166
0.66767 1165
0.66767 1164
0.66767 1163
0.66767 1162
0.66767 1161
0.66767 1160
0.66767 1159
0.66767 1158
0.66767 1157
0.66767 1156
0.66767 1155
0.66767 1154
0.66767 1153
0.66767 1152
0.66767 1151
0.66767 1150
0.66767 1149
0.66767 1148
0.66767 1147
0.66767 1146
0.667539 1146
0.667539 1145
0.667539 1144
0.667539 1143
0.667469 1141
0.667469 1140
0.667469 1139
0.667469 1138
0.667469 1137
0.667469 1136
0.667469 1135
0.667469 1134
0.667469 1133
0.667469 1132
0.667469 1131
0.667469 1130
0.667469 1129
0.667469 1128
0.667469 1127
0.667469 1126
0.667469 1125
0.667469 1124
0.66738 1124
0.66738 1123
0.66738 1122
0.66738 1120
0.667297 1120
0.667297 1119
0.667297 1118
0.667297 1117
0.667294 1116
0.66728 1115
0.667254 1114
0.667254 1112
0.667254 1111
0.667254 1110
0.667074 1110
0.667074 1109
0.667074 1108
0.667074 1107
0.667074 1106
0.667074 1105
0.667074 1104
0.667074 1103
0.667074 1102
0.667074 1101
0.667074 1100
0.666942 1100
0.666942 1099
0.666798 1099
0.666798 1098
0.666798 1097
0.666798 1096
0.666798 1095
0.666798 1094
0.666798 1093
0.666798 1092
0.666792 1091
0.666792 1090
0.666792 1089
0.666792 1088
0.666792 1087
0.666792 1085
0.666792 1084
0.666792 1083
0.666792 1082
0.666746 1081
0.666735 1080
0.666709 1079
0.666709 1078
0.666709 1077
0.666709 1076
0.666709 1075
0.666543 1075
0.666543 1074
0.666543 1073
0.666543 1072
0.666543 1071
0.666543 1070
0.666543 1069
0.666543 1068
0.666543 1067
0.666543 1066
0.666543 1064
0.666543 1063
0.666543 1062
0.666543 1061
0.666543 1060
0.666543 1059
0.666543 1058
0.666543 1057
0.666543 1056
0.666543 1055
0.666543 1054
0.666543 1053
0.666543 1052
0.666543 1051
0.666541 1049
0.666541 1048
0.666541 1047
0.666541 1046
0.666541 1045
0.666375 1045
0.666375 1044
0.666375 1043
0.666375 1041
0.666375 1040
0.666336 1038
0.666336 1036
0.666336 1035
0.666336 1034
0.666336 1033
0.666336 1032
0.666336 1030
0.666206 1030
0.666206 1029
0.666206 1028
0.666206 1027
0.666197 1026
0.666197 1025
0.666197 1024
0.666197 1023
0.666134 1022
0.666134 1021
0.666134 1020
0.666134 1019
0.666134 1018
0.666134 1017
0.666134 1016
0.666134 1015
0.666134 1014
0.666134 1013
0.666134 1012
0.666032 1012
0.666032 1011
0.666032 1010
0.666023 1009
0.665911 1009
0.665762 1009
0.665762 1008
0.665762 1007
0.665755 1006
0.665755 1005
0.665755 1003
0.665755 1002
0.665626 1002
0.665626 1001
0.665626 1000
0.665626 999
0.665626 998
0.665626 997
0.665616 996
0.665616 995
0.665616 994
0.665616 993
0.665616 992
0.665616 991
0.665616 990
0.665616 989
0.665616 988
0.665616 987
0.665616 986
0.665616 985
0.665616 984
0.665616 983
0.665616 982
0.665616 981
0.665616 980
0.665616 979
0.665616 978
0.665592 977
0.665592 976
0.665592 975
0.665592 974
0.665592 973
0.665592 972
0.665592 971
0.665592 970
0.665431 970
0.665431 969
0.665431 968
0.665431 966
0.665431 965
0.665431 964
0.665431 963
0.665431 962
0.665431 960
0.665431 959
0.665431 958
0.665431 957
0.665431 956
0.665431 955
0.665431 954
0.665431 953
0.665431 952
0.665431 951
0.665431 950
0.665431 949
0.665431 948
0.665431 947
0.66543 946
0.66543 945
0.66543 944
0.66543 943
0.66543 942
0.66543 941
0.66543 940
0.66543 939
0.66543 938
0.66543 937
0.66543 936
0.66543 935
0.66543 934
0.66543 933
0.66543 932
0.66543 930
0.66543 929
0.66543 928
0.66543 927
0.66543 926
0.66543 924
0.66543 923
0.66543 922
0.665273 922
0.665224 920
0.665224 919
0.665224 918
0.665182 917
0.665097 917
0.665097 916
0.665097 915
0.665097 914
0.665097 913
0.665097 912
0.665097 911
0.665097 910
0.665097 909
0.665097 908
0.665097 907
0.665097 906
0.665097 905
0.66509 904
0.66509 903
0.66509 902
0.66509 901
0.66509 900
0.66509 899
0.66509 898
0.66509 897
0.66509 895
0.66509 894
0.66509 893
0.66509 892
0.66509 891
0.66509 890
0.66509 889
0.66509 888
0.66509 887
0.66509 886
0.66509 885
0.66509 884
0.66509 883
0.664938 883
0.664938 882
0.664938 881
0.664938 879
0.664801 879
0.664629 879
0.664497 879
0.664497 878
0.664497 877
0.664497 876
0.664497 875
0.664497 874
0.664497 873
0.664497 872
0.664497 871
0.664497 870
0.664497 869
0.664497 868
0.664497 867
0.664497 866
0.664497 865
0.664497 864
0.664332 864
0.664318 863
0.664318 862
0.664168 862
0.664168 861
0.664168 860
0.664168 858
0.664168 857
0.664168 856
0.664168 855
0.664168 854
0.664168 853
0.664168 852
0.664168 851
0.664168 850
0.664168 849
0.664168 848
0.664168 847
0.664168 846
0.664168 845
0.664168 844
0.664168 843
0.664168 842
0.664168 841
0.664168 840
0.664168 839
0.664168 838
0.664168 836
0.664168 835
0.664168 834
0.664168 833
0.664168 832
0.664167 830
0.664167 828
0.664167 827
0.664167 826
0.66408 826
0.66408 825
0.66408 824
0.66408 823
0.66408 822
0.66408 820
0.664079 819
0.664079 818
0.663925 818
0.663925 816
0.663925 815
0.663925 814
0.66377 814
0.66377 813
0.66377 812
0.66377 811
0.66377 810
0.663756 809
0.663756 807
0.663756 806
0.663756 805
0.663756 804
0.663756 803
0.663756 802
0.663756 801
0.663683 801
0.663683 800
0.66359 800
0.66359 798
0.66359 796
0.66359 795
0.66349 795
0.66349 794
0.66349 793
0.66349 791
0.66349 790
0.66349 789
0.66349 788
0.66349 786
0.66349 785
0.66349 784
0.663447 783
0.663447 781
0.663447 780
0.663447 778
0.663447 777
0.663447 776
0.663406 776
0.663406 773
0.663406 772
0.663406 771
0.663406 770
0.663406 769
0.663406 767
0.663406 766
0.663406 765
0.663395 763
0.663257 762
0.663257 761
0.663257 760
0.663252 759
0.663252 758
0.663162 758
0.663162 757
0.662998 757
0.662998 755
0.662854 755
0.662854 754
0.662854 753
0.662813 752
0.662813 751
0.662813 750
0.662669 750
0.662669 749
0.662669 748
0.662669 747
0.662669 746
0.662669 745
0.662669 744
0.662669 743
0.662669 742
0.662663 741
0.662663 740
0.662663 739
0.662663 738
0.662663 737
0.662663 736
0.662663 735
0.662663 734
0.662663 733
0.662663 732
0.662663 731
0.662663 730
0.662663 729
0.662663 728
0.662663 726
0.662663 724
0.662663 723
0.662528 723
0.662528 722
0.662528 721
0.662528 720
0.662528 719
0.662528 718
0.662528 717
0.662528 716
0.662528 715
0.662528 714
0.662528 713
0.662528 712
0.662391 711
0.662391 710
0.662391 709
0.662391 708
0.66239 707
0.66239 706
0.66239 705
0.66239 704
0.66239 702
0.662233 702
0.662233 701
0.662233 699
0.662156 699
0.662156 698
0.662156 697
0.662156 696
0.662156 695
0.662156 694
0.662156 693
0.662156 692
0.662156 691
0.662156 690
0.662105 688
0.662105 687
0.662105 686
0.662092 685
0.662092 683
0.662092 682
0.662092 681
0.662092 680
0.662092 679
0.662092 678
0.662092 677
0.662092 676
0.662083 674
0.662083 673
0.662083 672
0.662083 671
0.662083 670
0.662083 669
0.662083 668
0.662083 667
0.662083 666
0.662083 665
0.662083 664
0.662083 663
0.662083 662
0.662083 661
0.662083 659
0.662083 658
0.662083 657
0.662083 656
0.662083 655
0.662083 653
0.662083 652
0.662083 651
0.662083 650
0.661953 650
0.661953 649
0.661953 648
0.661953 647
0.661953 646
0.661953 645
0.661953 644
0.661953 643
0.661953 642
0.661953 641
0.661953 640
0.661953 639
0.661953 638
0.661953 637
0.661953 636
0.661953 635
0.661853 635
0.661853 634
0.661766 634
0.661766 633
0.661763 632
0.661763 631
0.661763 630
0.661763 629
0.661763 628
0.661763 627
0.661763 626
0.661763 625
0.661763 624
0.661763 623
0.661763 622
0.661763 621
0.661763 620
0.661763 619
0.661763 618
0.661749 617
0.661749 616
0.66161 616
0.66161 615
0.66161 614
0.66161 613
0.66161 612
0.66161 611
0.66161 610
0.66161 609
0.66161 608
0.66161 607
0.66161 606
0.66161 605
0.66161 604
0.66161 603
0.66161 602
0.66161 601
0.66161 600
0.66161 599
0.66161 598
0.66161 597
0.66161 596
0.66161 595
0.66161 594
0.66161 593
0.66161 592
0.66161 591
0.66161 590
0.66161 589
0.66161 588
0.66161 587
0.66161 586
0.66161 585
0.66161 584
0.66161 583
0.66161 582
0.66161 581
0.66146 581
0.66146 580
0.66146 579
0.66134 578
0.66134 577
0.66134 576
0.66134 575
0.66134 574
0.66134 573
0.66134 572
0.66134 571
0.66134 570
0.661323 569
0.661323 568
0.661323 567
0.661233 567
0.661233 565
0.661233 564
0.661233 563
0.661233 562
0.661233 561
0.661233 560
0.661233 559
0.661233 558
0.661233 557
0.661233 556
0.661233 555
0.661233 554
0.661132 554
0.661132 553
0.661132 552
0.661132 551
0.661 551
0.661 550
0.660916 549
0.660916 548
0.660834 548
0.660777 547
0.660656 547
0.660656 546
0.660656 545
0.660653 544
0.660653 542
0.660653 541
0.660653 540
0.660653 539
0.660653 538
0.660653 537
0.660653 536
0.660653 535
0.660653 534
0.660653 533
0.660653 532
0.660653 531
0.660653 530
0.660653 529
0.660653 528
0.660653 527
0.660653 526
0.660653 525
0.660653 524
0.660653 523
0.660517 523
0.660517 522
0.660354 522
0.660354 521
0.660354 520
0.660354 519
0.660192 519
0.66017 518
0.66017 517
0.66017 516
0.66017 515
0.66017 514
0.66017 513
0.66017 512
0.66017 511
0.66017 510
0.66017 509
0.66017 508
0.66017 507
0.66017 506
0.66009 506
0.66009 505
0.66009 504
0.66009 503
0.66009 502
0.66009 501
0.66009 500
0.66009 499
0.66009 498
0.66009 497
0.66009 496
0.660087 495
0.660087 494
0.660087 493
0.660087 492
0.660087 491
0.660087 490
0.660082 489
0.660082 488
0.660067 487
0.659929 487
0.659929 486
0.659877 485
0.659877 484
0.659877 483
0.659877 482
0.659877 481
0.659877 480
0.659809 480
0.659809 479
0.659809 478
0.659809 477
0.659809 476
0.659809 475
0.659809 474
0.659809 473
0.659809 472
0.659809 471
0.659776 470
0.659776 469
0.659776 468
0.659776 467
0.659776 466
0.659776 465
0.659776 464
0.659776 463
0.659648 463
0.659648 462
0.659506 462
0.659506 461
0.659506 460
0.659506 459
0.659506 458
0.659506 457
0.659506 455
0.659506 454
0.659506 452
0.659506 451
0.659506 450
0.659506 449
0.659506 448
0.659446 447
0.659446 446
0.659401 444
0.659401 443
0.659401 442
0.659401 441
0.659401 440
0.659401 439
0.659401 438
0.659401 437
0.659355 435
0.659355 434
0.659355 433
0.659355 432
0.659355 431
0.659355 430
0.65922 430
0.659081 430
0.659081 429
0.658963 429
0.658963 427
0.658963 426
0.65881 426
0.658789 424
0.658789 423
0.65865 423
0.658536 423
0.658536 422
0.658398 422
0.658398 421
0.658245 421
0.658245 420
0.658245 419
0.658245 418
0.658245 417
0.658245 416
0.658178 415
0.658178 414
0.658168 413
0.658097 412
0.658042 411
0.657975 410
0.657975 409
0.657975 408
0.657975 407
0.657868 407
0.657868 406
0.657704 406
0.657704 405
0.657543 405
0.657538 403
0.657538 402
0.657538 401
0.657538 400
0.657506 399
0.657506 398
0.657506 397
0.657506 396
0.657469 395
0.657469 394
0.657469 393
0.657469 392
0.657469 391
0.657469 390
0.657469 389
0.657469 388
0.657469 387
0.657469 385
0.657349 385
0.657188 385
0.657188 384
0.657188 383
0.657188 382
0.657188 380
0.657146 379
0.657146 378
0.657146 377
0.657146 376
0.657146 375
0.657146 374
0.656992 372
0.656992 371
0.656992 370
0.656945 369
0.656945 368
0.656945 367
0.656945 366
0.656945 365
0.656945 364
0.656787 364
0.656787 362
0.656787 361
0.656777 360
0.656777 359
0.656661 359
0.656661 358
0.656661 357
0.656529 357
0.656529 356
0.656529 355
0.656529 354
0.656529 353
0.656529 352
0.656529 351
0.656529 350
0.656529 349
0.656529 348
0.656529 347
0.656529 346
0.656529 344
0.656529 343
0.656529 342
0.65635 342
0.65635 341
0.656348 340
0.656348 339
0.656348 338
0.656348 337
0.656348 336
0.656348 335
0.656348 334
0.656348 333
0.656348 332
0.656348 331
0.656348 330
0.656348 329
0.656348 328
0.656348 327
0.656201 327
0.656201 326
0.656201 325
0.656201 324
0.656201 323
0.656201 322
0.656201 321
0.656201 320
0.656201 319
0.656201 318
0.656201 317
0.656201 316
0.656192 315
0.656192 314
0.656192 313
0.656192 312
0.656192 311
0.656192 310
0.65609 310
0.65609 309
0.65609 308
0.65609 307
0.65609 306
0.65609 305
0.65609 304
0.65609 303
0.65609 302
0.65609 301
0.65609 300
0.65609 299
0.65609 298
0.65598 298
0.65598 297
0.65598 296
0.65598 295
0.65598 294
0.65598 293
0.655837 293
0.655837 292
0.655837 291
0.655837 290
0.655837 289
0.655837 288
0.655837 287
0.655837 286
0.655837 285
0.655771 284
0.655645 284
0.655645 283
0.655645 282
0.655645 281
0.655645 280
0.655645 279
0.655645 278
0.655637 277
0.655497 277
0.655497 276
0.655497 275
0.655497 274
0.655497 273
0.655497 272
0.655497 271
0.655497 270
0.655497 269
0.655497 268
0.655497 267
0.655496 266
0.655496 265
0.655381 265
0.655381 264
0.655381 263
0.655381 262
0.655381 260
0.655258 260
0.655258 259
0.655258 258
0.655258 257
0.655258 256
0.655258 255
0.655258 254
0.655258 252
0.655239 251
0.655239 250
0.655107 250
0.655107 249
0.655107 248
0.655107 247
0.655107 246
0.655107 245
0.655107 243
0.655081 242
0.655081 240
0.655009 240
0.655009 239
0.655009 238
0.655009 237
0.655009 236
0.655009 235
0.655009 234
0.655009 233
0.654967 232
0.654967 231
0.654967 230
0.654967 229
0.654967 228
0.654816 228
0.654679 228
0.654679 227
0.654679 226
0.654679 225
0.654679 224
0.654679 223
0.654649 222
0.654649 221
0.654649 220
0.654649 219
0.654649 218
0.654649 217
0.654649 216
0.654649 215
0.654649 214
0.654508 214
0.654508 213
0.654508 212
0.654503 211
0.654503 210
0.654431 210
0.654431 209
0.654431 208
0.654431 207
0.654277 207
0.654277 206
0.654277 205
0.654277 204
0.654157 204
0.654157 203
0.653992 203
0.653992 202
0.653825 202
0.653825 201
0.653825 200
0.653825 199
0.653825 198
0.653825 197
0.653688 197
0.653688 196
0.653688 195
0.653538 195
0.653538 194
0.653538 193
0.653399 193
0.653399 192
0.653352 190
0.653196 190
0.653077 190
0.652951 190
0.652951 189
0.652951 188
0.652951 187
0.652951 186
0.652951 185
0.652787 185
0.652787 184
0.652787 183
0.652687 183
0.652687 182
0.65268 181
0.65268 180
0.65268 179
0.65268 178
0.65268 177
0.652572 177
0.652468 177
0.652429 176
0.652258 176
0.652258 175
0.652258 174
0.652258 173
0.652101 173
0.652101 172
0.652101 171
0.652101 170
0.651955 170
0.651955 169
0.651955 168
0.651955 167
0.651955 166
0.651948 165
0.651948 164
0.651948 163
0.651948 162
0.651948 161
0.651948 160
0.651948 159
0.651948 158
0.651948 157
0.651948 156
0.651948 155
0.651804 155
0.651669 155
0.651528 155
0.651528 154
0.651528 153
0.651528 152
0.651528 151
0.651528 150
0.65138 150
0.651362 149
0.651214 149
0.651214 148
0.651214 147
0.651071 147
0.650911 147
0.650755 147
0.650755 146
0.650755 145
0.650582 145
0.650582 144
0.650582 143
0.650562 142
0.650562 141
0.650562 140
0.650562 139
0.650562 138
0.650562 137
0.650448 137
0.650448 136
0.650448 135
0.65033 135
0.65033 134
0.65033 133
0.650178 133
0.650025 133
0.650025 132
0.649943 132
0.649943 131
0.649777 131
0.649777 130
0.649632 130
0.649468 130
0.649324 130
0.649324 129
0.649324 128
0.649324 127
0.649324 126
0.649324 125
0.649153 125
0.648989 125
0.648989 124
0.648854 124
0.648853 121
0.648786 121
0.648642 121
0.648642 120
0.648638 118
0.648552 118
0.648552 117
0.648415 117
0.648415 116
0.648415 115
0.648275 115
0.648275 114
0.648275 113
0.648121 113
0.648121 112
0.648121 111
0.648109 110
0.648109 109
0.647958 109
0.647821 109
0.647821 108
0.647821 107
0.647821 106
0.647821 105
0.647662 105
0.647662 104
0.647662 103
0.647542 103
0.647398 103
0.647295 103
0.647295 102
0.647295 101
0.647295 100
0.647295 99
0.647295 98
0.647189 98
0.647189 97
0.647114 97
0.647033 97
0.647033 96
0.646791 96
0.646791 95
0.646791 94
0.646791 93
0.646791 92
0.646791 91
0.646791 90
0.646791 89
0.646784 88
0.646784 87
0.646616 87
0.646605 86
0.646605 85
0.646605 84
0.646605 83
0.646605 82
0.646605 81
0.646488 81
0.64637 81
0.64637 80
0.646214 80
0.646214 79
0.646056 79
0.645899 79
0.645774 79
0.645774 78
0.645715 77
0.645715 76
0.645715 75
0.645545 75
0.645482 74
0.645319 74
0.645157 74
0.64499 74
0.64483 74
0.64483 73
0.644694 73
0.644694 72
0.644694 71
0.644694 70
0.644694 69
0.644547 69
0.644547 68
0.644421 68
0.644307 68
0.644166 68
0.644036 68
0.644036 67
0.644022 66
0.643857 66
0.643697 66
0.643536 66
0.643376 66
0.643207 66
0.643171 65
0.643003 65
0.643003 64
0.643003 63
0.642864 63
0.642715 63
0.642715 62
0.642556 62
0.642413 62
0.642254 62
0.642105 62
0.642105 61
0.641939 61
0.641803 61
0.641649 61
0.641513 61
0.641437 61
0.641437 60
0.641437 59
0.641305 59
0.641305 58
0.641305 57
0.641305 56
0.641305 55
0.641305 54
0.641166 54
0.640999 54
0.640999 53
0.640826 53
0.64068 53
0.64068 52
0.64068 51
0.64068 50
0.64067 49
0.64067 48
0.640505 48
0.640505 47
0.640373 47
0.640373 46
0.640373 45
0.640243 45
0.640092 45
0.640092 44
0.640092 43
0.640092 42
0.63982 42
0.639667 42
0.63954 42
0.63954 41
0.63954 40
0.639382 40
0.639302 40
0.63914 40
0.63914 39
0.638968 39
0.638806 39
0.638738 39
0.638583 39
0.638583 38
0.638583 37
0.638429 37
0.638278 37
0.638156 37
0.638156 36
0.637997 36
0.637877 36
0.637767 36
0.637674 36
0.637523 36
0.637364 36
0.637203 36
0.637203 35
0.637052 35
0.636962 35
0.636798 35
0.636798 34
0.636625 34
0.636625 33
0.636526 33
0.636526 32
0.636526 31
0.636526 30
0.636363 30
0.636333 29
0.636224 29
0.63608 29
0.635945 29
0.635763 29
0.635763 28
0.635596 28
0.635453 28
0.635299 28
0.635139 28
0.635139 27
0.635049 27
0.634882 27
0.634719 27
0.634568 27
0.634407 27
0.634244 27
0.63408 27
0.633932 27
0.633824 27
0.633668 27
0.633613 26
0.633475 26
0.633318 26
0.633149 26
0.632993 26
0.632827 26
0.632827 25
0.632827 24
0.632682 24
0.632536 24
0.632363 24
0.632244 24
0.632099 24
0.631984 24
0.631859 24
0.631728 24
0.6316 24
0.631456 24
0.631295 24
0.631132 24
0.631002 24
0.631002 23
0.630893 23
0.630745 23
0.630603 23
0.630453 23
0.630453 22
0.630328 22
0.630177 22
0.630031 22
0.630031 21
0.62993 21
0.629787 21
0.629674 21
0.629525 21
0.629371 21
0.629266 21
0.629107 21
0.628946 21
0.628786 21
0.62863 21
0.628459 21
0.628373 21
0.628211 21
0.628108 21
0.627965 21
0.627824 21
0.627688 21
0.627527 21
0.627421 20
0.62726 20
0.627115 20
0.627016 20
0.626857 20
0.626699 20
0.626552 20
0.626411 20
0.626411 19
0.626275 19
0.626119 19
0.625969 19
0.625818 19
0.625654 19
0.625493 19
0.625402 19
0.625239 19
0.625091 19
0.624914 19
0.624791 19
0.624618 19
0.624488 19
0.62433 19
0.624176 19
0.624016 19
0.623869 19
0.623707 19
0.623542 19
0.623382 19
0.623228 19
0.623075 19
0.622912 19
0.622749 19
0.622664 19
0.622497 19
0.622352 19
0.622208 19
0.622043 19
0.621923 19
0.621786 19
0.621786 18
0.621628 18
0.621448 18
0.621297 18
0.621145 18
0.621145 17
0.620982 17
0.620883 17
0.620742 17
0.620574 17
0.620422 17
0.620293 17
0.620174 17
0.620017 17
0.619921 17
0.619779 17
0.619607 17
0.619469 17
0.619321 17
0.619165 17
0.619073 17
0.619073 16
0.618911 16
0.618606 16
0.618457 16
0.6183 16
0.61813 16
0.61798 16
0.617807 16
0.617655 16
0.617497 16
0.617361 16
0.617235 16
0.617097 16
0.616935 16
0.616597 16
0.616597 15
0.616597 14
0.616463 14
0.616316 14
0.616156 14
0.615994 14
0.615822 14
0.615715 14
0.615613 14
0.61548 14
0.615312 14
0.615148 14
0.615062 14
0.614908 14
0.614752 14
0.614637 14
0.614485 14
0.614351 14
0.614233 14
0.6141 14
0.613941 14
0.613796 14
0.613628 14
0.613483 14
0.613334 14
0.613178 14
0.613048 14
0.612887 14
0.612786 14
0.612645 14
0.612645 13
0.612491 13
0.612341 13
0.61219 13
0.612051 13
0.611874 13
0.611707 13
0.611564 13
0.611438 13
0.61134 13
0.611181 13
0.611016 13
0.610859 13
0.610694 13
0.61055 13
0.610403 13
0.610284 13
0.61014 13
0.609982 13
0.609887 13
0.609737 13
0.60956 13
0.609424 13
0.609255 13
0.609155 13
0.609001 13
0.608863 13
0.608713 13
0.608554 13
0.608452 13
0.608332 13
0.608187 13
0.608077 13
0.607961 13
0.607805 13
0.607805 12
0.607677 12
0.607677 11
0.607508 11
0.607344 11
0.607178 11
0.60704 11
0.606892 11
0.606733 11
0.606572 11
0.606436 11
0.60631 11
0.606169 11
0.606004 11
0.605844 11
0.605682 11
0.605561 11
0.605474 11
0.605307 11
0.605237 11
0.605237 10
0.605091 10
0.604972 10
0.604847 10
0.604676 10
0.604532 10
0.604388 10
0.604223 10
0.604078 10
0.603938 10
0.603814 10
0.603672 10
0.603524 10
0.603369 10
0.60322 10
0.603058 10
0.603016 9
0.602864 9
0.602712 9
0.602538 9
0.602417 9
0.602252 9
0.602097 9
0.602097 8
0.601943 8
0.601797 8
0.601695 8
0.601549 8
0.601412 8
0.60127 8
0.601108 8
0.60094 8
0.600803 8
0.600632 8
0.600488 8
0.600333 8
0.600168 8
0.600038 8
0.599903 8
0.599747 8
0.599575 8
0.599459 8
0.599341 8
0.599176 8
0.599087 8
0.598939 8
0.59881 8
0.598647 8
0.598461 8
0.598326 8
0.598155 8
0.598033 8
0.597965 7
0.597791 7
0.597632 7
0.59762 6
0.597459 6
0.597301 6
0.597129 6
0.596964 6
0.596811 6
0.596727 6
0.59657 6
0.59643 6
0.59627 6
0.596096 6
0.595916 6
0.595763 6
0.595624 6
0.595341 6
0.595206 6
0.595072 6
0.594909 6
0.594745 6
0.594599 6
0.594433 6
0.59429 6
0.594132 6
0.594012 6
0.593875 6
0.593709 6
0.593566 6
0.59345 6
0.593291 6
0.593153 6
0.593012 6
0.592932 6
0.592773 6
0.592605 6
0.592509 6
0.592348 6
0.59222 6
0.592068 6
0.591931 6
0.591769 6
0.591609 6
0.591468 6
0.591304 6
0.591134 6
0.591015 6
0.590851 6
0.590692 6
0.590516 6
0.590384 6
0.590246 6
0.590087 6
0.589957 6
0.589809 6
0.589674 6
0.589505 6
0.589389 6
0.589244 6
0.589092 6
0.588946 6
0.588785 6
0.588609 6
0.58845 6
0.588345 6
0.58818 6
0.588037 6
0.587859 6
0.587732 6
0.587592 6
0.587441 6
0.587336 6
0.587174 6
0.587034 6
0.586918 6
0.586798 6
0.586635 6
0.58647 6
0.586364 6
0.586202 6
0.586077 6
0.586077 5
0.58592 5
0.585755 5
0.585665 5
0.585502 5
0.585344 5
0.585202 5
0.58505 5
0.584912 5
0.584758 5
0.584602 5
0.584467 5
0.584317 5
0.584181 5
0.584025 5
0.58387 5
0.583751 5
0.583655 5
0.583484 5
0.583338 5
0.583167 5
0.583002 5
0.58285 5
0.582728 5
0.582608 5
0.582437 5
0.582281 5
0.582123 5
0.581971 5
0.581836 5
0.581693 5
0.581548 5
0.581398 5
0.581249 5
0.581079 5
0.580923 5
0.580774 5
0.580622 5
0.580468 5
0.580317 5
0.580151 5
0.58 5
0.579905 5
0.579759 5
0.579639 5
0.579475 5
0.579379 5
0.579225 5
0.579069 5
0.578933 5
0.578775 5
0.578603 5
0.578428 5
0.578264 5
0.578091 5
0.577928 5
0.577775 5
0.577607 5
0.577436 5
0.577278 5
0.577116 5
0.57701 5
0.57701 4
0.576867 4
0.576729 4
0.576564 4
0.576416 4
0.57628 4
0.576135 4
0.576021 4
0.575871 4
0.575696 4
0.575541 4
0.575393 4
0.575229 4
0.57507 4
0.574933 4
0.574817 4
0.574679 4
0.574535 4
0.574362 4
0.574238 4
0.574076 4
0.573924 4
0.573752 4
0.573611 4
0.573482 4
0.573326 4
0.573202 4
0.573025 4
0.57288 4
0.572759 4
0.572603 4
0.572439 4
0.572269 4
0.572119 4
0.571966 4
0.571798 4
0.571641 4
0.571471 4
0.571303 4
0.571137 4
0.570975 4
0.570836 4
0.570673 4
0.570499 4
0.570363 4
0.570233 4
0.570082 4
0.56994 4
0.569784 4
0.569633 4
0.569471 4
0.569312 4
0.569178 4
0.569034 4
0.568883 4
0.568732 4
0.56859 4
0.568472 4
0.568325 4
0.568176 4
0.568037 4
0.567872 4
0.567712 4
0.567558 4
0.567389 4
0.567247 4
0.567079 4
0.566914 4
0.566771 4
0.566664 4
0.566513 4
0.566356 4
0.566199 4
0.566039 4
0.565879 4
0.565724 4
0.565605 4
0.565447 4
0.565277 4
0.565122 4
0.564995 4
0.5649 4
0.564732 4
0.564598 4
0.564552 3
0.564409 3
0.564243 3
0.564085 3
0.563902 3
0.563732 3
0.563576 3
0.563414 3
0.563269 3
0.563098 3
0.562971 3
0.562816 3
0.562679 3
0.562516 3
0.562369 3
0.562216 3
0.562064 3
0.561915 3
0.561781 3
0.561646 3
0.561488 3
0.561319 3
0.561202 3
0.56107 3
0.560909 3
0.560757 3
0.560612 3
0.560452 3
0.560297 3
0.560144 3
0.559981 3
0.559826 3
0.559676 3
0.559511 3
0.559377 3
0.559234 3
0.559081 3
0.558911 3
0.558766 3
0.558596 3
0.558451 3
0.558292 3
0.558143 3
0.557977 3
0.55782 3
0.557738 3
0.557578 3
0.557425 3
0.557275 3
0.557106 3
0.556939 3
0.556778 3
0.556632 3
0.556469 3
0.556323 3
0.556238 3
0.556112 3
0.555968 3
0.555968 2
0.555805 2
0.555653 2
0.555524 2
0.555379 2
0.555223 2
0.555056 2
0.554901 2
0.554744 2
0.554588 2
0.554469 2
0.554308 2
0.554205 2
0.554067 2
0.553927 2
0.55376 2
0.553621 2
0.55348 2
0.553305 2
0.553138 2
0.552976 2
0.552806 2
0.552645 2
0.552506 2
0.55236 2
0.552209 2
0.552055 2
0.551908 2
0.55178 2
0.551635 2
0.551498 2
0.551368 2
0.551219 2
0.551082 2
0.550952 2
0.550777 2
0.550615 2
0.550496 2
0.550336 2
0.550172 2
0.550006 2
0.549869 2
0.549739 2
0.549592 2
0.549451 2
0.54929 2
0.549129 2
0.548977 2
0.548823 2
0.548664 2
0.548528 2
0.548371 2
0.548215 2
0.548066 2
0.547902 2
0.547733 2
0.54759 2
0.547434 2
0.547266 2
0.547105 2
0.546956 2
0.546795 2
0.546623 2
0.54647 2
0.546349 2
0.546198 2
0.546023 2
0.545878 2
0.545709 2
0.545536 2
0.545394 2
0.545272 2
0.545131 2
0.544978 2
0.544862 2
0.544689 2
0.544542 2
0.544406 2
0.544247 2
0.544084 2
0.543956 2
0.54381 2
0.543653 2
0.543479 2
0.543318 2
0.543175 2
0.543013 2
0.542848 2
0.542848 1
0.542687 1
0.542509 1
0.542365 1
0.54219 1
0.542042 1
0.541891 1
0.54173 1
0.541595 1
0.541429 1
0.541294 1
0.541146 1
0.540992 1
0.540841 1
0.540668 1
0.540522 1
0.540395 1
0.540269 1
0.540169 1
0.539996 1
0.539859 1
0.539574 1
0.539406 1
0.539248 1
0.539096 1
0.538964 1
0.538819 1
0.538642 1
0.538498 1
0.538355 1
0.53823 1
0.538083 1
0.53791 1
0.537813 1
0.53766 1
0.537502 1
0.537332 1
0.537193 1
0.537038 1
0.536885 1
0.536748 1
0.536594 1
0.536461 1
0.536372 1
0.536222 1
0.536047 1
0.535879 1
0.535757 1
0.535603 1
0.535444 1
0.535279 1
0.535135 1
0.534979 1
0.534819 1
0.534668 1
0.534572 1
0.534426 1
0.534279 1
0.534126 1
0.533978 1
0.533816 1
0.533652 1
0.533511 1
0.533372 1
0.533241 1
0.53307 1
0.532924 1
0.532754 1
0.532599 1
0.532461 1
0.532287 1
0.532125 1
0.532018 1
0.53185 1
0.531679 1
0.531515 1
0.531362 1
0.531247 1
0.531104 1
0.530964 1
0.530805 1
0.530666 1
0.53051 1
0.530342 1
0.530168 1
0.530018 1
0.529866 1
0.529704 1
0.52956 1
0.529404 1
0.529261 1
0.529097 1
0.528934 1
0.528759 1
0.528591 1
0.528433 1
0.528282 1
0.528129 1
0.527985 1
0.527827 1
0.527659 1
0.52748 1
0.527307 1
0.52715 1
0.527012 1
0.526864 1
0.526727 1
0.526568 1
0.526412 1
0.526244 1
0.526081 1
0.525942 1
0.525797 1
0.525651 1
0.525508 1
0.525345 1
0.525195 1
0.525046 1
0.524933 1
0.524772 1
0.524609 1
0.524438 1
0.524298 1
0.524125 1
0.523949 1
0.523784 1
0.523658 1
0.523516 1
0.523383 1
0.523229 1
0.523116 1
0.522968 1
0.522833 1
0.522682 1
0.522519 1
0.522385 1
0.52223 1
0.522068 1
0.521898 1
0.521732 1
0.521566 1
0.521416 1
0.521255 1
0.521111 1
0.520941 1
0.52082 1
0.520679 1
0.520522 1
0.520364 1
0.520202 1
0.520047 1
0.519904 1
0.519774 1
0.519618 1
0.519485 1
0.519344 1
0.519209 1
0.519045 1
0.518868 1
0.518703 1
0.518561 1
0.518417 1
0.518272 1
0.518121 1
0.517956 1
0.517797 1
0.517643 1
0.517486 1
0.517342 1
0.517203 1
0.517097 1
0.516928 1
0.516769 1
0.516624 1
0.51649 1
0.516337 1
0.516018 1
0.515857 1
0.515716 1
0.515552 1
0.515397 1
0.515257 1
0.515099 1
0.514962 1
0.514874 1
0.51471 1
0.514573 1
0.514415 1
0.51425 1
0.514102 1
0.513939 1
0.513789 1
0.513628 1
0.513468 1
0.513311 1
0.513175 1
0.513024 1
0.512845 1
0.512696 1
0.512529 1
0.512378 1
0.512234 1
0.512072 1
0.511911 1
0.511739 1
0.511567 1
0.511471 1
0.511317 1
0.511173 1
0.510998 1
0.51083 1
0.510666 1
0.510526 0
0.510367 0
0.510219 0
0.510069 0
0.509908 0
0.509745 0
0.509568 0
0.509418 0
0.509302 0
0.509138 0
0.508998 0
0.508695 0
0.508521 0
0.508358 0
0.508064 0
0.507921 0
0.507758 0
0.507602 0
0.507444 0
0.507279 0
0.507094 0
0.506964 0
0.506846 0
0.50668 0
0.506521 0
0.506375 0
0.506207 0
0.506042 0
0.505885 0
0.505711 0
0.505462 0
0.505305 0
0.505168 0
0.50501 0
0.504855 0
0.504688 0
0.504578 0
0.504436 0
0.504262 0
0.504123 0
0.503946 0
0.503789 0
0.503632 0
0.503477 0
0.503296 0
0.503168 0
0.503012 0
0.502846 0
0.502717 0
0.502562 0
0.502393 0
0.502255 0
0.502096 0
0.501938 0
0.501771 0
0.501613 0
0.501469 0
0.501323 0
0.501162 0
0.500996 0
0.500852 0
0.50071 0
0.500564 0
0.500427 0
0.500256 0
0.500121 0
0.499963 0
0.49979 0
0.499638 0
0.499494 0
0.499351 0
0.499185 0
0.499018 0
0.49887 0
0.498704 0
0.49854 0
0.498388 0
0.498226 0
0.49805 0
0.497886 0
0.497724 0
0.497569 0
0.497456 0
0.497297 0
0.497145 0
0.496999 0
0.496823 0
0.496665 0
0.496501 0
0.496364 0
0.496195 0
0.496034 0
0.495887 0
0.495743 0
0.495583 0
0.495433 0
0.495276 0
0.495119 0
0.494974 0
0.494843 0
0.494703 0
0.494535 0
0.494381 0
0.494265 0
0.494111 0
0.493963 0
0.493813 0
0.493676 0
0.493515 0
0.493335 0
0.493178 0
0.49302 0
0.492883 0
0.492711 0
0.49255 0
0.492393 0
0.492225 0
0.492075 0
0.491922 0
0.491797 0
0.49165 0
0.491487 0
0.491314 0
0.491152 0
0.490971 0
0.490801 0
0.490622 0
0.490465 0
0.490321 0
0.490189 0
0.490018 0
0.489877 0
0.489708 0
0.489587 0
0.489415 0
0.489281 0
0.489152 0
0.488993 0
0.488851 0
0.488695 0
0.488527 0
0.48836 0
0.488211 0
0.488067 0
0.487895 0
0.487729 0
0.487573 0
0.487403 0
0.487236 0
0.487079 0
0.486921 0
0.486755 0
0.486611 0
0.486468 0
0.486312 0
0.486144 0
0.485994 0
0.485826 0
0.485656 0
0.485515 0
0.485351 0
0.485202 0
0.485109 0
0.484947 0
0.484785 0
0.48462 0
0.484459 0
0.484313 0
0.484143 0
0.483974 0
0.483825 0
0.483683 0
0.483555 0
0.48338 0
0.483219 0
0.483062 0
0.482913 0
0.482753 0
0.482612 0
0.48248 0
0.482341 0
0.482204 0
0.482046 0
0.481882 0
0.481718 0
0.481574 0
0.481417 0
0.481257 0
0.481134 0
0.48098 0
0.480867 0
0.480701 0
0.480535 0
0.480375 0
0.480215 0
0.480084 0
0.479917 0
0.479748 0
0.479591 0
0.479432 0
0.479265 0
0.479092 0
0.478935 0
0.478789 0
0.478608 0
0.478463 0
0.478309 0
0.478163 0
0.478027 0
0.477875 0
0.47772 0
0.477572 0
0.47744 0
0.477286 0
0.477139 0
0.476991 0
0.476837 0
0.476676 0
0.476526 0
0.476383 0
0.476237 0
0.476072 0
0.475922 0
0.475792 0
0.475631 0
0.475469 0
0.475357 0
0.475188 0
0.475018 0
0.474881 0
0.474724 0
0.474572 0
0.4744 0
0.474258 0
0.474102 0
0.473967 0
0.473629 0
0.47346 0
0.473309 0
0.473155 0
0.473002 0
0.472836 0
0.472691 0
0.472535 0
0.472359 0
0.472205 0
0.472054 0
0.471898 0
0.471732 0
0.471579 0
0.471414 0
0.471255 0
0.471087 0
0.470924 0
0.470773 0
0.470613 0
0.470436 0
0.470266 0
0.470099 0
0.469951 0
0.469794 0
0.469618 0
0.469473 0
0.469331 0
0.469179 0
0.469047 0
0.468882 0
0.468723 0
0.468568 0
0.468396 0
0.468236 0
0.468062 0
0.467892 0
0.46773 0
0.4676 0
0.467463 0
0.467336 0
0.467172 0
0.467008 0
0.466841 0
0.466677 0
0.466531 0
0.466388 0
0.466211 0
0.466054 0
0.465888 0
0.465734 0
0.465592 0
0.465433 0
0.465263 0
0.465123 0
0.464964 0
0.464811 0
0.464677 0
0.464507 0
0.464363 0
0.464199 0
0.464051 0
0.463911 0
0.463747 0
0.463576 0
0.46343 0
0.463279 0
0.463126 0
0.463047 0
0.462883 0
0.462734 0
0.462567 0
0.46241 0
0.462248 0
0.462111 0
0.461939 0
0.46179 0
0.461638 0
0.46148 0
0.461336 0
0.461177 0
0.461011 0
0.460851 0
0.460697 0
0.460542 0
0.460393 0
0.460243 0
0.460105 0
0.459944 0
0.459796 0
0.459637 0
0.459492 0
0.459332 0
0.459195 0
0.459036 0
0.458863 0
0.458715 0
0.458555 0
0.458402 0
0.45825 0
0.458123 0
0.457999 0
0.457894 0
0.457726 0
0.457567 0
0.4574 0
0.457251 0
0.457109 0
0.456959 0
0.4568 0
0.45663 0
0.45648 0
0.456359 0
0.456195 0
0.456044 0
0.455887 0
0.455721 0
0.45558 0
0.455416 0
0.455253 0
0.455087 0
0.454953 0
0.454841 0
0.454705 0
0.454545 0
0.454396 0
0.45425 0
0.454092 0
0.453962 0
0.453834 0
0.453678 0
0.453525 0
0.453354 0
0.453191 0
0.453051 0
0.45288 0
0.452736 0
0.452575 0
0.452415 0
0.452281 0
0.452119 0
0.451954 0
0.451805 0
0.45164 0
0.451368 0
0.451222 0
0.451059 0
0.450907 0
0.450751 0
0.450586 0
0.450441 0
0.450271 0
0.450123 0
0.449983 0
0.449825 0
0.449706 0
0.449629 0
0.449466 0
0.4493 0
0.449169 0
0.449036 0
0.448896 0
0.448738 0
0.44857 0
0.44844 0
0.448301 0
0.448141 0
0.447986 0
0.447852 0
0.447699 0
0.44753 0
0.447362 0
0.447195 0
0.447031 0
0.446861 0
0.446704 0
0.446555 0
0.4464 0
0.446227 0
0.446061 0
0.445778 0
0.445623 0
0.445518 0
0.4454 0
0.445252 0
0.445094 0
0.444925 0
0.444774 0
0.444629 0
0.444481 0
0.444347 0
0.444193 0
0.444029 0
0.443873 0
0.443722 0
0.443563 0
0.443424 0
0.443276 0
0.443137 0
0.442984 0
0.442835 0
0.442683 0
0.442524 0
0.442365 0
0.442258 0
0.442139 0
0.441976 0
0.441801 0
0.441685 0
0.441537 0
0.441369 0
0.441215 0
0.441061 0
0.440905 0
0.440751 0
0.440619 0
0.440485 0
0.440321 0
0.440147 0
0.439985 0
0.439824 0
0.43967 0
0.439508 0
0.439346 0
0.439195 0
0.43907 0
0.438904 0
0.438734 0
0.438569 0
0.438421 0
0.438287 0
0.438114 0
0.437941 0
0.43779 0
0.437639 0
0.437477 0
0.437323 0
0.437185 0
0.437031 0
0.436884 0
0.436756 0
0.436495 0
0.436329 0
0.436174 0
0.436005 0
0.435854 0
0.4357 0
0.435522 0
0.435362 0
0.435203 0
0.43506 0
0.434898 0
0.434742 0
0.434597 0
0.434449 0
0.434309 0
0.43414 0
0.433983 0
0.433828 0
0.433673 0
0.433533 0
0.433377 0
0.433213 0
0.433072 0
0.432921 0
0.43276 0
0.432593 0
0.432448 0
0.43231 0
0.432153 0
0.432008 0
0.431854 0
0.431702 0
0.431544 0
0.431372 0
0.431207 0
0.431079 0
0.430924 0
0.430786 0
0.430614 0
0.430452 0
0.430285 0
0.430142 0
0.429981 0
0.429836 0
0.429687 0
0.429547 0
0.429411 0
0.429272 0
0.429132 0
0.428971 0
0.42882 0
0.428666 0
0.428509 0
0.428357 0
0.428212 0
0.428043 0
0.427923 0
0.427783 0
0.427651 0
0.427493 0
0.427339 0
0.427179 0
0.427024 0
0.426879 0
0.426715 0
0.426546 0
0.426383 0
0.426239 0
0.426111 0
0.425944 0
0.425799 0
0.425636 0
0.425487 0
0.425338 0
0.425194 0
0.425041 0
0.424873 0
0.424721 0
0.424548 0
0.424384 0
0.424225 0
0.424093 0
0.423975 0
0.423829 0
0.423663 0
0.423529 0
0.423359 0
0.423209 0
0.423064 0
0.422909 0
0.42275 0
0.42261 0
0.422452 0
0.422306 0
0.422166 0
0.422019 0
0.421875 0
0.421708 0
0.421551 0
0.421401 0
0.42124 0
0.421089 0
0.420956 0
0.4208 0
0.420641 0
0.420476 0
0.420321 0
0.420158 0
0.420019 0
0.419858 0
0.419716 0
0.419548 0
0.419397 0
0.41924 0
0.419101 0
0.41896 0
0.418808 0
0.418648 0
0.418481 0
0.418328 0
0.418162 0
0.418015 0
0.417867 0
0.417714 0
0.417565 0
0.41742 0
0.417286 0
0.417114 0
0.416964 0
0.416812 0
0.416673 0
0.416518 0
0.416361 0
0.416201 0
0.416048 0
0.415888 0
0.415733 0
0.415591 0
0.415429 0
0.415257 0
0.415109 0
0.414958 0
0.414811 0
0.414653 0
0.414502 0
0.414363 0
0.414218 0
0.414053 0
0.41391 0
0.413779 0
0.413608 0
0.413456 0
0.41328 0
0.41313 0
0.412971 0
0.412824 0
0.412658 0
0.412489 0
0.412324 0
0.412158 0
0.41201 0
0.411863 0
0.411694 0
0.411531 0
0.411379 0
0.411226 0
0.410885 0
0.410716 0
0.410568 0
0.410403 0
0.410269 0
0.4101 0
0.409931 0
0.409765 0
0.409597 0
0.409465 0
0.4093 0
0.409139 0
0.408977 0
0.40881 0
0.40864 0
0.408476 0
0.408305 0
0.408151 0
0.407996 0
0.407869 0
0.407715 0
0.407558 0
0.407398 0
0.407267 0
0.407114 0
0.406971 0
0.406817 0
0.406656 0
0.406523 0
0.406373 0
0.406213 0
0.406054 0
0.405904 0
0.405745 0
0.405593 0
0.405439 0
0.405288 0
0.405118 0
0.404985 0
0.404817 0
0.404698 0
0.404539 0
0.404377 0
0.404217 0
0.404068 0
0.403906 0
0.403762 0
0.403613 0
0.403443 0
0.403303 0
0.403149 0
0.402989 0
0.402846 0
0.402704 0
0.402538 0
0.402398 0
0.402236 0
0.402085 0
0.401921 0
0.401774 0
0.401622 0
0.401497 0
0.401332 0
0.401182 0
0.40102 0
0.400844 0
0.40068 0
0.400524 0
0.400372 0
0.400249 0
0.400085 0
0.399936 0
0.399791 0
0.399627 0
0.399461 0
0.399294 0
0.399129 0
0.398982 0
0.398855 0
0.398721 0
0.398582 0
0.398427 0
0.398281 0
0.398138 0
0.397958 0
0.397797 0
0.397647 0
0.397474 0
0.397322 0
0.397175 0
0.397012 0
0.396849 0
0.396682 0
0.396537 0
0.396382 0
0.396243 0
0.396075 0
0.395947 0
0.395813 0
0.395651 0
0.395476 0
0.395325 0
0.395155 0
0.394991 0
0.394836 0
0.394706 0
0.394553 0
0.394414 0
0.394256 0
0.394095 0
0.39394 0
0.393782 0
0.393642 0
0.393487 0
0.393339 0
0.393187 0
0.393048 0
0.39288 0
0.392743 0
0.392596 0
0.392441 0
0.392293 0
0.392136 0
0.39199 0
0.391841 0
0.391697 0
0.391542 0
0.391382 0
0.391247 0
0.391108 0
0.390944 0
0.390774 0
0.390652 0
0.390484 0
0.39031 0
0.390196 0
0.390038 0
0.389876 0
0.389716 0
0.389554 0
0.389396 0
0.389235 0
0.389066 0
0.388908 0
0.388769 0
0.388603 0
0.388442 0
0.388269 0
0.388112 0
0.387951 0
0.387805 0
0.387652 0
0.387504 0
0.387331 0
0.387171 0
0.387067 0
0.386907 0
0.386744 0
0.386571 0
0.386424 0
0.386255 0
0.386098 0
0.385932 0
0.385768 0
0.385615 0
0.38546 0
0.385312 0
0.385166 0
0.385 0
0.384842 0
0.384691 0
0.384535 0
0.384382 0
0.384217 0
0.384046 0
0.383908 0
0.38375 0
0.383593 0
0.383448 0
0.383311 0
0.383141 0
0.382966 0
0.382806 0
0.382635 0
0.382489 0
0.382346 0
0.382192 0
0.382025 0
0.381859 0
0.381714 0
0.381569 0
0.381412 0
0.381248 0
0.381093 0
0.380918 0
0.380779 0
0.380628 0
0.380465 0
0.380314 0
0.38016 0
0.37999 0
0.37983 0
0.379663 0
0.379495 0
0.379348 0
0.37919 0
0.379046 0
0.378887 0
0.378731 0
0.378566 0
0.378389 0
0.378222 0
0.378051 0
0.377941 0
0.377789 0
0.377639 0
0.377489 0
0.377328 0
0.377177 0
0.377016 0
0.376881 0
0.376726 0
0.376553 0
0.376384 0
0.376217 0
0.376062 0
0.3759 0
0.375731 0
0.375568 0
0.375439 0
0.375277 0
0.375122 0
0.37496 0
0.374809 0
0.374655 0
0.374496 0
0.374342 0
0.374192 0
0.374047 0
0.373904 0
0.373752 0
0.373625 0
0.373473 0
0.373322 0
0.373157 0
0.372988 0
0.372849 0
0.372698 0
0.372538 0
0.37236 0
0.372216 0
0.372041 0
0.371877 0
0.371727 0
0.371575 0
0.371442 0
0.371276 0
0.371107 0
0.370932 0
0.370784 0
0.370618 0
0.370459 0
0.370171 0
0.370079 0
0.369936 0
0.36978 0
0.369629 0
0.36947 0
0.369299 0
0.369143 0
0.368996 0
0.368826 0
0.368654 0
0.368558 0
0.368463 0
0.368304 0
0.368145 0
0.367992 0
0.367839 0
0.367665 0
0.367503 0
0.367328 0
0.367169 0
0.367011 0
0.366877 0
0.366728 0
0.366568 0
0.366402 0
0.366261 0
0.36612 0
0.365974 0
0.365813 0
0.365649 0
0.365494 0
0.36535 0
0.365193 0
0.365042 0
0.364875 0
0.364719 0
0.364555 0
0.364392 0
0.364236 0
0.364075 0
0.363926 0
0.363767 0
0.363593 0
0.36343 0
0.363277 0
0.363126 0
0.362974 0
0.36281 0
0.362652 0
0.362504 0
0.36236 0
0.362194 0
0.362044 0
0.361875 0
0.361708 0
0.361567 0
0.361406 0
0.361244 0
0.361098 0
0.360958 0
0.360811 0
0.360654 0
0.360497 0
0.360334 0
0.360165 0
0.360018 0
0.359911 0
0.359748 0
0.359587 0
0.359421 0
0.359267 0
0.359106 0
0.358971 0
0.358817 0
0.358647 0
0.35848 0
0.358332 0
0.358181 0
0.358018 0
0.357847 0
0.357701 0
0.357541 0
0.357396 0
0.357248 0
0.357071 0
0.356925 0
0.356771 0
0.356626 0
0.356465 0
0.356324 0
0.356175 0
0.356006 0
0.355861 0
0.355709 0
0.355588 0
0.355416 0
0.355257 0
0.355104 0
0.354947 0
0.354795 0
0.354625 0
0.354466 0
0.354322 0
0.354144 0
0.353973 0
0.353827 0
0.353688 0
0.353555 0
0.353387 0
0.353243 0
0.353074 0
0.352915 0
0.352764 0
0.352621 0
0.352462 0
0.35233 0
0.352194 0
0.352029 0
0.351871 0
0.351697 0
0.351533 0
0.351377 0
0.351214 0
0.351049 0
0.350897 0
0.350753 0
0.350581 0
0.35044 0
0.350283 0
0.350137 0
0.349988 0
0.34983 0
0.349669 0
0.349527 0
0.349361 0
0.349211 0
0.34905 0
0.348891 0
0.348749 0
0.348579 0
0.348417 0
0.348251 0
0.348077 0
0.347909 0
0.347741 0
0.347588 0
0.347445 0
0.347293 0
0.34715 0
0.347006 0
0.346845 0
0.346697 0
0.346552 0
0.346403 0
0.346248 0
0.346104 0
0.345948 0
0.345802 0
0.345654 0
0.345511 0
0.345349 0
0.345216 0
0.34505 0
0.344906 0
0.344758 0
0.344611 0
0.344444 0
0.344281 0
0.344118 0
0.34396 0
0.343802 0
0.343674 0
0.343522 0
0.343372 0
0.343222 0
0.343073 0
0.34291 0
0.342773 0
0.342611 0
0.342476 0
0.342308 0
0.342144 0
0.341991 0
0.341835 0
0.341664 0
0.341502 0
0.341344 0
0.341179 0
0.34102 0
0.340908 0
0.340752 0
0.340602 0
0.340448 0
0.340315 0
0.340175 0
0.34001 0
0.33984 0
0.339691 0
0.339518 0
0.339347 0
0.339174 0
0.339015 0
0.338858 0
0.338687 0
0.338533 0
0.338369 0
0.338215 0
0.338055 0
0.337896 0
0.337762 0
0.337595 0
0.337425 0
0.337278 0
0.337111 0
0.336985 0
0.336838 0
0.336675 0
0.336518 0
0.336364 0
0.336227 0
0.336092 0
0.335927 0
0.335763 0
0.335607 0
0.335461 0
0.33533 0
0.335189 0
0.335031 0
0.334885 0
0.334722 0
0.334557 0
0.334422 0
0.334279 0
0.334122 0
0.333985 0
0.333846 0
0.333675 0
0.333534 0
0.333362 0
0.333196 0
0.33304 0
0.332876 0
0.332717 0
0.332554 0
0.332377 0
0.332237 0
0.332077 0
0.33193 0
0.331756 0
0.331612 0
0.331455 0
0.331313 0
0.331157 0
0.330992 0
0.330824 0
0.330679 0
0.330526 0
0.330368 0
0.330234 0
0.329944 0
0.329649 0
0.329499 0
0.329339 0
0.329171 0
0.328997 0
0.328841 0
0.328693 0
0.328533 0
0.328374 0
0.328206 0
0.328051 0
0.327881 0
0.327716 0
0.327564 0
0.327407 0
0.327262 0
0.327105 0
0.326938 0
0.32679 0
0.32662 0
0.326489 0
0.326346 0
0.3262 0
0.326024 0
0.325859 0
0.325688 0
0.32556 0
0.32541 0
0.325258 0
0.325097 0
0.324935 0
0.32478 0
0.32462 0
0.324456 0
0.324301 0
0.324178 0
0.324004 0
0.323844 0
0.32369 0
0.323526 0
0.323387 0
0.323277 0
0.323122 0
0.322971 0
0.322815 0
0.322645 0
0.322491 0
0.322337 0
0.322189 0
0.32203 0
0.321878 0
0.321742 0
0.321593 0
0.321432 0
0.321273 0
0.321155 0
0.320987 0
0.32082 0
0.320666 0
0.320493 0
0.320341 0
0.320184 0
0.320021 0
0.319864 0
0.319703 0
0.319552 0
0.319388 0
0.319226 0
0.319077 0
0.318934 0
0.318783 0
0.318619 0
0.318448 0
0.318285 0
0.318125 0
0.31797 0
0.317831 0
0.317666 0
0.317496 0
0.317344 0
0.317186 0
0.317021 0
0.316893 0
0.316734 0
0.316581 0
0.31643 0
0.316258 0
0.316089 0
0.315942 0
0.31581 0
0.315653 0
0.315498 0
0.31534 0
0.315182 0
0.315075 0
0.314918 0
0.314752 0
0.3146 0
0.314443 0
0.314286 0
0.314135 0
0.313985 0
0.313838 0
0.313715 0
0.313547 0
0.313394 0
0.31323 0
0.313063 0
0.312903 0
0.312757 0
0.31259 0
0.31244 0
0.31237 0
0.312212 0
0.312046 0
0.311892 0
0.31172 0
0.311608 0
0.311456 0
0.311301 0
0.31113 0
0.310972 0
0.31082 0
0.310669 0
0.310517 0
0.310365 0
0.310226 0
0.310068 0
0.309922 0
0.309771 0
0.309612 0
0.309484 0
0.309333 0
0.309014 0
0.308857 0
0.308708 0
0.308552 0
0.308399 0
0.308252 0
0.308097 0
0.307946 0
0.307806 0
0.30765 0
0.307511 0
0.30718 0
0.307031 0
0.306886 0
0.30672 0
0.306566 0
0.306411 0
0.306246 0
0.306082 0
0.305918 0
0.305763 0
0.305607 0
0.305456 0
0.305302 0
0.305148 0
0.30499 0
0.30483 0
0.304659 0
0.304492 0
0.304334 0
0.304191 0
0.304044 0
0.303893 0
0.303729 0
0.303582 0
0.30342 0
0.303251 0
0.30311 0
0.302949 0
0.302814 0
0.302651 0
0.302504 0
0.302354 0
0.302198 0
0.301901 0
0.30173 0
0.301557 0
0.301424 0
0.301273 0
0.301126 0
0.300975 0
0.300818 0
0.300653 0
0.300509 0
0.300344 0
0.300193 0
0.300049 0
0.299879 0
0.299733 0
0.299562 0
0.299406 0
0.299245 0
0.299097 0
0.298942 0
0.298773 0
0.298625 0
0.298459 0
0.298305 0
0.298165 0
0.297994 0
0.29787 0
0.297717 0
0.297552 0
0.2974 0
0.297232 0
0.297066 0
0.296929 0
0.296755 0
0.296593 0
0.29645 0
0.296132 0
0.29598 0
0.295832 0
0.295686 0
0.295528 0
0.295364 0
0.295199 0
0.295035 0
0.294856 0
0.294696 0
0.294523 0
0.294213 0
0.29406 0
0.29389 0
0.293724 0
0.293569 0
0.293393 0
0.293247 0
0.293083 0
0.292934 0
0.292783 0
0.292622 0
0.292457 0
0.29231 0
0.292166 0
0.292024 0
0.291886 0
0.291727 0
0.291554 0
0.291429 0
0.291266 0
0.291094 0
0.290942 0
0.290784 0
0.290628 0
0.290463 0
0.2903 0
0.290147 0
0.29 0
0.289826 0
0.289666 0
0.289495 0
0.289336 0
0.289189 0
0.289027 0
0.28886 0
0.2887 0
0.288522 0
0.288361 0
0.288201 0
0.288049 0
0.2879 0
0.287755 0
0.287595 0
0.287435 0
0.287265 0
0.287097 0
0.28695 0
0.28681 0
0.286663 0
0.28651 0
0.286382 0
0.286234 0
0.286068 0
0.285901 0
0.285738 0
0.285576 0
0.285426 0
0.285269 0
0.285095 0
0.284975 0
0.284829 0
0.284671 0
0.284502 0
0.284354 0
0.284186 0
0.284035 0
0.283862 0
0.283693 0
0.283544 0
0.283393 0
0.283246 0
0.283076 0
0.282942 0
0.282635 0
0.282481 0
0.282343 0
0.282208 0
0.282072 0
0.281918 0
0.281752 0
0.281612 0
0.281468 0
0.281304 0
0.281132 0
0.280983 0
0.280828 0
0.280657 0
0.280505 0
0.280353 0
0.280201 0
0.280062 0
0.279906 0
0.279737 0
0.279577 0
0.279423 0
0.279268 0
0.279106 0
0.278938 0
0.278791 0
0.278635 0
0.278477 0
0.278307 0
0.278158 0
0.277988 0
0.277836 0
0.277683 0
0.27754 0
0.27737 0
0.277201 0
0.277105 0
0.27695 0
0.276795 0
0.276645 0
0.276498 0
0.276325 0
0.276191 0
0.276038 0
0.275865 0
0.275701 0
0.275555 0
0.275397 0
0.27523 0
0.275062 0
0.274894 0
0.274739 0
0.274611 0
0.274444 0
0.274278 0
0.274107 0
0.273947 0
0.273792 0
0.273625 0
0.273466 0
0.273304 0
0.273138 0
0.272988 0
0.272845 0
0.272724 0
0.272565 0
0.272403 0
0.272254 0
0.271938 0
0.271792 0
0.271652 0
0.2715 0
0.271362 0
0.27121 0
0.271037 0
0.270869 0
0.270716 0
0.270572 0
0.270412 0
0.270273 0
0.270116 0
0.269963 0
0.269811 0
0.269664 0
0.269501 0
0.269368 0
0.26921 0
0.269057 0
0.268906 0
0.268735 0
0.268599 0
0.268446 0
0.268287 0
0.268139 0
0.268006 0
0.267855 0
0.267683 0
0.267538 0
0.267395 0
0.267232 0
0.26707 0
0.266905 0
0.266747 0
0.266574 0
0.266437 0
0.266286 0
0.266124 0
0.265948 0
0.265814 0
0.265645 0
0.265506 0
0.265351 0
0.265207 0
0.265049 0
0.264912 0
0.264772 0
0.264609 0
0.26445 0
0.264289 0
0.264136 0
0.263985 0
0.263841 0
0.263701 0
0.26356 0
0.263387 0
0.263245 0
0.263082 0
0.262938 0
0.262777 0
0.262623 0
0.262456 0
0.262347 0
0.262186 0
0.262035 0
0.26189 0
0.261778 0
0.261618 0
0.261475 0
0.261304 0
0.261171 0
0.261017 0
0.260861 0
0.260691 0
0.26053 0
0.260365 0
0.260202 0
0.260046 0
0.259886 0
0.259719 0
0.259549 0
0.259385 0
0.259215 0
0.259051 0
0.258888 0
0.25873 0
0.258559 0
0.258414 0
0.258244 0
0.258075 0
0.257901 0
0.257748 0
0.257611 0
0.257447 0
0.257291 0
0.257132 0
0.256962 0
0.256811 0
0.256644 0
0.256483 0
0.256331 0
0.256198 0
0.256045 0
0.255879 0
0.255726 0
0.255562 0
0.255392 0
0.255262 0
0.255114 0
0.254969 0
0.254817 0
0.254667 0
0.254495 0
0.254337 0
0.254171 0
0.254034 0
0.253907 0
0.253744 0
0.253601 0
0.253447 0
0.25329 0
0.253127 0
0.252971 0
0.252828 0
0.252669 0
0.252532 0
0.252384 0
0.252244 0
0.252087 0
0.251943 0
0.251789 0
0.251644 0
0.251507 0
0.251361 0
0.251208 0
0.251078 0
0.250919 0
0.250749 0
0.250591 0
0.250431 0
0.250263 0
0.250113 0
0.249947 0
0.249793 0
0.249631 0
0.249503 0
0.249353 0
0.249204 0
0.249065 0
0.24891 0
0.248772 0
0.248597 0
0.248433 0
0.248275 0
0.248136 0
0.247973 0
0.247798 0
0.247632 0
0.24746 0
0.247325 0
0.247166 0
0.247002 0
0.246857 0
0.246692 0
0.246531 0
0.246367 0
0.246205 0
0.246043 0
0.245879 0
0.245719 0
0.245566 0
0.245397 0
0.245234 0
0.245067 0
0.244898 0
0.244748 0
0.244589 0
0.244422 0
0.244249 0
0.244103 0
0.243942 0
0.243781 0
0.243623 0
0.243456 0
0.243291 0
0.243147 0
0.243008 0
0.242859 0
0.242702 0
0.242536 0
0.242366 0
0.242195 0
0.242038 0
0.241868 0
0.241707 0
0.241549 0
0.24141 0
0.241242 0
0.241078 0
0.240933 0
0.240755 0
0.240603 0
0.240435 0
0.24028 0
0.240118 0
0.23997 0
0.239821 0
0.239675 0
0.239537 0
0.23939 0
0.239261 0
0.23909 0
0.23893 0
0.238799 0
0.238649 0
0.238498 0
0.238336 0
0.238182 0
0.23803 0
0.237868 0
0.237715 0
0.237562 0
0.237399 0
0.237229 0
0.23706 0
0.236887 0
0.236726 0
0.236575 0
0.23642 0
0.236258 0
0.236123 0
0.235974 0
0.235832 0
0.235676 0
0.23552 0
0.23536 0
0.235211 0
0.235046 0
0.234877 0
0.23473 0
0.234598 0
0.234437 0
0.234274 0
0.234121 0
0.233982 0
0.233872 0
0.233729 0
0.233593 0
0.233429 0
0.233264 0
0.233108 0
0.232957 0
0.232795 0
0.232647 0
0.232481 0
0.232309 0
0.232152 0
0.231992 0
0.231826 0
0.231693 0
0.231534 0
0.231371 0
0.231207 0
0.231037 0
0.230862 0
0.230702 0
0.230531 0
0.230373 0
0.230231 0
0.230091 0
0.229933 0
0.229784 0
0.229643 0
0.229469 0
0.22934 0
0.229209 0
0.229039 0
0.228884 0
0.228744 0
0.228581 0
0.228425 0
0.228257 0
0.228148 0
0.228011 0
0.227859 0
0.227727 0
0.227566 0
0.2274 0
0.227235 0
0.227088 0
0.226949 0
0.226808 0
0.226639 0
0.226502 0
0.226353 0
0.226189 0
0.226026 0
0.225873 0
0.225729 0
0.22556 0
0.225406 0
0.22526 0
0.225117 0
0.224955 0
0.224786 0
0.224672 0
0.224522 0
0.224381 0
0.224211 0
0.224048 0
0.22388 0
0.223709 0
0.223553 0
0.223386 0
0.223208 0
0.223042 0
0.222883 0
0.222732 0
0.222589 0
0.222437 0
0.222277 0
0.222116 0
0.221964 0
0.221818 0
0.221725 0
0.22158 0
0.221394 0
0.221251 0
0.221097 0
0.220953 0
0.220782 0
0.220625 0
0.220463 0
0.2203 0
0.220141 0
0.219997 0
0.219845 0
0.219709 0
0.219578 0
0.219411 0
0.219247 0
0.219105 0
0.218957 0
0.218823 0
0.218672 0
0.218503 0
0.218177 0
0.21803 0
0.217899 0
0.217741 0
0.217576 0
0.217404 0
0.217256 0
0.217094 0
0.216939 0
0.216789 0
0.216635 0
0.216551 0
0.216387 0
0.21622 0
0.216068 0
0.215928 0
0.215768 0
0.215626 0
0.215459 0
0.215299 0
0.215131 0
0.214984 0
0.214822 0
0.214664 0
0.214517 0
0.214365 0
0.214218 0
0.214063 0
0.213902 0
0.213736 0
0.213573 0
0.213437 0
0.213264 0
0.213096 0
0.212955 0
0.212824 0
0.21267 0
0.212532 0
0.212379 0
0.212227 0
0.212073 0
0.21191 0
0.211764 0
0.211594 0
0.211422 0
0.211265 0
0.211116 0
0.210984 0
0.210823 0
0.210677 0
0.210537 0
0.210372 0
0.210205 0
0.210046 0
0.209883 0
0.209724 0
0.209565 0
0.209402 0
0.209235 0
0.209072 0
0.208916 0
0.208751 0
0.208591 0
0.20845 0
0.208311 0
0.208156 0
0.20799 0
0.207831 0
0.207686 0
0.207525 0
0.207373 0
0.207221 0
0.207089 0
0.20693 0
0.206781 0
0.206625 0
0.206461 0
0.206289 0
0.206122 0
0.205953 0
0.205785 0
0.2055 0
0.205356 0
0.205214 0
0.20506 0
0.204903 0
0.204753 0
0.20459 0
0.204431 0
0.204279 0
0.204135 0
0.203966 0
0.203799 0
0.203624 0
0.203462 0
0.20333 0
0.203177 0
0.202864 0
0.202705 0
0.202547 0
0.202391 0
0.20226 0
0.202097 0
0.201939 0
0.201774 0
0.201607 0
0.201444 0
0.201328 0
0.201179 0
0.201007 0
0.200851 0
0.200529 0
0.200396 0
0.200263 0
0.200111 0
0.199947 0
0.199778 0
0.199625 0
0.199478 0
0.199345 0
0.199245 0
0.199081 0
0.198914 0
0.198751 0
0.198585 0
0.198422 0
0.198278 0
0.198105 0
0.197783 0
0.197619 0
0.197459 0
0.197288 0
0.197138 0
0.196977 0
0.196806 0
0.196665 0
0.196502 0
0.196341 0
0.196211 0
0.196047 0
0.195905 0
0.195746 0
0.195597 0
0.195453 0
0.195304 0
0.195148 0
0.194993 0
0.194836 0
0.194675 0
0.194545 0
0.194412 0
0.194257 0
0.194104 0
0.193945 0
0.193636 0
0.193474 0
0.193308 0
0.193139 0
0.192987 0
0.192821 0
0.192669 0
0.192495 0
0.192346 0
0.192189 0
0.192019 0
0.191869 0
0.191703 0
0.191539 0
0.191396 0
0.191232 0
0.191058 0
0.190903 0
0.190731 0
0.190573 0
0.190404 0
0.190238 0
0.190103 0
0.189983 0
0.189821 0
0.189678 0
0.189514 0
0.189347 0
0.189205 0
0.18905 0
0.188887 0
0.188725 0
0.188558 0
0.188415 0
0.188263 0
0.18811 0
0.187955 0
0.187799 0
0.187656 0
0.187378 0
0.187219 0
0.18705 0
0.186887 0
0.186735 0
0.186576 0
0.186429 0
0.186268 0
0.186096 0
0.185923 0
0.185767 0
0.185604 0
0.185469 0
0.185322 0
0.185167 0
0.185018 0
0.18487 0
0.184714 0
0.184546 0
0.184406 0
0.184264 0
0.184098 0
0.183955 0
0.183802 0
0.183661 0
0.183481 0
0.18331 0
0.183159 0
0.183003 0
0.182853 0
0.182692 0
0.182529 0
0.18238 0
0.182227 0
0.182058 0
0.18192 0
0.181749 0
0.181599 0
0.18146 0
0.181299 0
0.181133 0
0.180978 0
0.180807 0
0.18066 0
0.180496 0
0.180321 0
0.18017 0
0.180007 0
0.179833 0
0.179698 0
0.179533 0
0.17937 0
0.179221 0
0.179082 0
0.178912 0
0.178758 0
0.178586 0
0.178431 0
0.178282 0
0.178128 0
0.177976 0
0.17783 0
0.17767 0
0.177522 0
0.177362 0
0.177199 0
0.177041 0
0.176886 0
0.176711 0
0.176552 0
0.176393 0
0.176245 0
0.176083 0
0.175933 0
0.175765 0
0.175619 0
0.17546 0
0.17529 0
0.175134 0
0.17498 0
0.174824 0
0.17466 0
0.174488 0
0.174347 0
0.174202 0
0.174049 0
0.17388 0
0.173722 0
0.173563 0
0.173389 0
0.173238 0
0.173083 0
0.172922 0
0.172758 0
0.172594 0
0.172442 0
0.172289 0
0.172118 0
0.17198 0
0.171823 0
0.171652 0
0.171501 0
0.171345 0
0.171192 0
0.171037 0
0.170876 0
0.170704 0
0.170533 0
0.170373 0
0.170209 0
0.17004 0
0.169885 0
0.169714 0
0.169557 0
0.169389 0
0.169261 0
0.169095 0
0.168951 0
0.168804 0
0.168638 0
0.168477 0
0.16832 0
0.168171 0
0.16803 0
0.167884 0
0.167719 0
0.167551 0
0.167384 0
0.167237 0
0.167088 0
0.166922 0
0.166776 0
0.166608 0
0.166461 0
0.166336 0
0.16619 0
0.166041 0
0.165881 0
0.165717 0
0.165575 0
0.165411 0
0.165255 0
0.165111 0
0.164938 0
0.164783 0
0.164628 0
0.164456 0
0.164286 0
0.164124 0
0.16396 0
0.16381 0
0.163654 0
0.163493 0
0.163322 0
0.163174 0
0.162998 0
0.162843 0
0.162689 0
0.162526 0
0.162374 0
0.162215 0
0.162047 0
0.161889 0
0.161742 0
0.161584 0
0.161427 0
0.161279 0
0.161128 0
0.160956 0
0.160795 0
0.160623 0
0.160463 0
0.160291 0
0.160133 0
0.159969 0
0.159818 0
0.159662 0
0.159509 0
0.159355 0
0.159196 0
0.159049 0
0.158893 0
0.158733 0
0.158589 0
0.158415 0
0.15825 0
0.158099 0
0.157936 0
0.157781 0
0.157614 0
0.157459 0
0.1573 0
0.15715 0
0.156992 0
0.156844 0
0.156678 0
0.156526 0
0.156365 0
0.156203 0
0.156034 0
0.155903 0
0.155742 0
0.155583 0
0.15545 0
0.155309 0
0.155148 0
0.15499 0
0.154828 0
0.154689 0
0.154526 0
0.154358 0
0.154208 0
0.154049 0
0.153893 0
0.153721 0
0.153584 0
0.153449 0
0.153311 0
0.153168 0
0.15301 0
0.152858 0
0.152705 0
0.152551 0
0.152407 0
0.152239 0
0.152073 0
0.15191 0
0.151757 0
0.151607 0
0.151452 0
0.151312 0
0.151162 0
0.151005 0
0.15086 0
0.150691 0
0.150357 0
0.150211 0
0.150054 0
0.149887 0
0.149749 0
0.149584 0
0.149428 0
0.149275 0
0.149118 0
0.148962 0
0.148817 0
0.148649 0
0.148499 0
0.14837 0
0.148225 0
0.148064 0
0.147907 0
0.147763 0
0.147595 0
0.147438 0
0.147288 0
0.147135 0
0.146973 0
0.146806 0
0.14665 0
0.146498 0
0.146346 0
0.146192 0
0.146028 0
0.145871 0
0.14572 0
0.145558 0
0.145398 0
0.145252 0
0.145106 0
0.144949 0
0.144792 0
0.144645 0
0.144509 0
0.144342 0
0.144191 0
0.144053 0
0.143889 0
0.143738 0
0.14358 0
0.143417 0
0.143257 0
0.143116 0
0.142958 0
0.142789 0
0.142626 0
0.142482 0
0.142312 0
0.14216 0
0.141999 0
0.141846 0
0.14168 0
0.141524 0
0.141364 0
0.141198 0
0.141027 0
0.140882 0
0.140745 0
0.140599 0
0.140451 0
0.140293 0
0.140133 0
0.139991 0
0.139831 0
0.139689 0
0.139531 0
0.139364 0
0.13923 0
0.139067 0
0.1389 0
0.138749 0
0.138599 0
0.138439 0
0.138282 0
0.138131 0
0.137972 0
0.137802 0
0.137649 0
0.137491 0
0.137355 0
0.137191 0
0.13703 0
0.136872 0
0.136712 0
0.136545 0
0.136384 0
0.136234 0
0.136093 0
0.135928 0
0.13578 0
0.135617 0
0.135459 0
0.135291 0
0.135121 0
0.13497 0
0.13482 0
0.13466 0
0.134512 0
0.134371 0
0.134217 0
0.134058 0
0.133904 0
0.133754 0
0.13359 0
0.133434 0
0.133272 0
0.13312 0
0.132968 0
0.132826 0
0.132653 0
0.132494 0
0.13233 0
0.13217 0
0.132013 0
0.131848 0
0.131696 0
0.131544 0
0.131381 0
0.131233 0
0.131066 0
0.130915 0
0.130758 0
0.130606 0
0.130454 0
0.13028 0
0.13012 0
0.12996 0
0.129786 0
0.129624 0
0.12947 0
0.129308 0
0.129146 0
0.128988 0
0.128846 0
0.12869 0
0.128521 0
0.128357 0
0.128198 0
0.128025 0
0.127866 0
0.127694 0
0.127553 0
0.127411 0
0.127237 0
0.127076 0
0.126912 0
0.126765 0
0.1266 0
0.126451 0
0.126284 0
0.126123 0
0.125972 0
0.125844 0
0.125699 0
0.125543 0
0.125389 0
0.125221 0
0.12505 0
0.124889 0
0.124721 0
0.12456 0
0.124406 0
0.124251 0
0.124093 0
0.123932 0
0.123766 0
0.123601 0
0.123438 0
0.123275 0
0.123126 0
0.12298 0
0.122814 0
0.122663 0
0.122499 0
0.122328 0
0.122167 0
0.122015 0
0.121855 0
0.121682 0
0.121512 0
0.121357 0
0.121206 0
0.121043 0
0.120898 0
0.120743 0
0.120606 0
0.120447 0
0.120282 0
0.120144 0
0.119989 0
0.119852 0
0.119696 0
0.119544 0
0.119376 0
0.119209 0
0.119033 0
0.11887 0
0.118719 0
0.11855 0
0.1184 0
0.118238 0
0.118071 0
0.117914 0
0.117746 0
0.117595 0
0.117422 0
0.117267 0
0.117093 0
0.116947 0
0.116784 0
0.116637 0
0.116477 0
0.11632 0
0.116182 0
0.116021 0
0.115861 0
0.115693 0
0.115541 0
0.115397 0
0.115232 0
0.115083 0
0.114926 0
0.114766 0
0.114601 0
0.114445 0
0.114291 0
0.11414 0
0.113986 0
0.113817 0
0.113666 0
0.113517 0
0.113389 0
0.113234 0
0.113081 0
0.112908 0
0.112748 0
0.11258 0
0.112406 0
0.112256 0
0.112101 0
0.111941 0
0.111779 0
0.111615 0
0.111459 0
0.1113 0
0.111149 0
0.110983 0
0.110832 0
0.110672 0
0.110522 0
0.110405 0
0.110239 0
0.110085 0
0.109938 0
0.109801 0
0.109654 0
0.109494 0
0.109341 0
0.109177 0
0.109007 0
0.108853 0
0.108697 0
0.108535 0
0.10839 0
0.108221 0
0.108045 0
0.107888 0
0.107732 0
0.107599 0
0.10744 0
0.107282 0
0.107125 0
0.106963 0
0.106813 0
0.106653 0
0.106494 0
0.10632 0
0.106167 0
0.105992 0
0.105865 0
0.105695 0
0.10553 0
0.105367 0
0.105202 0
0.105045 0
0.104886 0
0.104737 0
0.1046 0
0.104448 0
0.104288 0
0.104125 0
0.103968 0
0.103827 0
0.1037 0
0.103544 0
0.103387 0
0.103234 0
0.103066 0
0.102904 0
0.102761 0
0.102624 0
0.102447 0
0.102306 0
0.102153 0
0.101991 0
0.101845 0
0.101677 0
0.101538 0
0.101372 0
0.101221 0
0.101054 0
0.100898 0
0.100734 0
0.100577 0
0.10042 0
0.100274 0
0.100116 0
0.0999561 0
0.0996427 0
0.0994933 0
0.0993296 0
0.0991834 0
0.0990157 0
0.0988564 0
0.0986916 0
0.0985339 0
0.0983761 0
0.0982083 0
0.0980425 0
0.0978716 0
0.0977296 0
0.0975673 0
0.0974086 0
0.0972418 0
0.0970795 0
0.0969349 0
0.0967929 0
0.0966322 0
0.0964683 0
0.09631 0
0.0961404 0
0.0959799 0
0.0958348 0
0.095698 0
0.0955476 0
0.0953756 0
0.0952194 0
0.0950543 0
0.0949123 0
0.0947478 0
0.0945856 0
0.0944187 0
0.0942756 0
0.0941123 0
0.0939451 0
0.0937755 0
0.0936162 0
0.0934566 0
0.0933031 0
0.0931316 0
0.0929669 0
0.0928023 0
0.092656 0
0.0924867 0
0.092322 0
0.0921718 0
0.0920064 0
0.0918457 0
0.091701 0
0.0915506 0
0.0913863 0
0.0912195 0
0.0910757 0
0.0909069 0
0.0907442 0
0.0905995 0
0.0904292 0
0.0902535 0
0.0900985 0
0.0899451 0
0.0897946 0
0.0896427 0
0.0894951 0
0.0893269 0
0.0891639 0
0.0890064 0
0.0888384 0
0.0886812 0
0.0885225 0
0.0883804 0
0.0882176 0
0.0880559 0
0.0879004 0
0.0877483 0
0.0875848 0
0.0874279 0
0.0872808 0
0.0871317 0
0.0869695 0
0.0868305 0
0.086658 0
0.0865115 0
0.0863411 0
0.0861912 0
0.0860439 0
0.085902 0
0.0857434 0
0.0855993 0
0.0854428 0
0.0853078 0
0.0851484 0
0.0849907 0
0.0848308 0
0.0846762 0
0.0845166 0
0.0843421 0
0.0841861 0
0.0840181 0
0.0838761 0
0.0837124 0
0.0835498 0
0.0833777 0
0.0832158 0
0.0830599 0
0.0828988 0
0.0827347 0
0.082583 0
0.0824259 0
0.0822646 0
0.0821085 0
0.0819436 0
0.0817801 0
0.0816199 0
0.081466 0
0.0813105 0
0.081148 0
0.0809881 0
0.0808286 0
0.0806607 0
0.0805123 0
0.0803677 0
0.0802078 0
0.0800519 0
0.0798882 0
0.0797337 0
0.0795903 0
0.0794416 0
0.0792846 0
0.0791164 0
0.0789625 0
0.0787938 0
0.0786402 0
0.0784723 0
0.0783114 0
0.0781515 0
0.0779841 0
0.0778281 0
0.0776812 0
0.0775247 0
0.077356 0
0.0771902 0
0.0770336 0
0.0768614 0
0.07671 0
0.0765554 0
0.0764044 0
0.0762414 0
0.0760864 0
0.0759332 0
0.0757726 0
0.0756226 0
0.0754607 0
0.0753005 0
0.0751351 0
0.074978 0
0.0748058 0
0.0746445 0
0.0744748 0
0.0743225 0
0.0741733 0
0.074016 0
0.0738704 0
0.0737318 0
0.0735807 0
0.0734174 0
0.0732676 0
0.0731172 0
0.0729651 0
0.0728068 0
0.0726604 0
0.0725077 0
0.0723377 0
0.07219 0
0.0720331 0
0.071872 0
0.0717033 0
0.07154 0
0.0713778 0
0.0712262 0
0.0710733 0
0.0709024 0
0.0707326 0
0.070558 0
0.070386 0
0.0702451 0
0.0700755 0
0.0699136 0
0.0697484 0
0.0695876 0
0.0694208 0
0.0692751 0
0.0691138 0
0.0689511 0
0.068773 0
0.0686212 0
0.0684501 0
0.0682825 0
0.0681279 0
0.0679817 0
0.0678323 0
0.0676898 0
0.0675242 0
0.0673777 0
0.0672086 0
0.0670525 0
0.0668973 0
0.0667362 0
0.0665808 0
0.066419 0
0.0662607 0
0.0661065 0
0.0659505 0
0.065787 0
0.065636 0
0.0654654 0
0.0653012 0
0.0651397 0
0.0649964 0
0.0648299 0
0.0646672 0
0.0645491 0
0.0643832 0
0.0642199 0
0.064053 0
0.0638856 0
0.0637335 0
0.0635914 0
0.0634241 0
0.063275 0
0.0631197 0
0.0629719 0
0.0628083 0
0.062663 0
0.0624937 0
0.0623398 0
0.062201 0
0.0620443 0
0.0618934 0
0.0617273 0
0.0615745 0
0.0614159 0
0.0612476 0
0.0611132 0
0.0609572 0
0.0607884 0
0.0606193 0
0.060463 0
0.0603028 0
0.0601567 0
0.060037 0
0.0598876 0
0.059725 0
0.0595577 0
0.0593896 0
0.0592325 0
0.05908 0
0.0589211 0
0.058763 0
0.0586286 0
0.0584789 0
0.0583075 0
0.0581505 0
0.0579879 0
0.057831 0
0.0576753 0
0.057533 0
0.0573785 0
0.0572298 0
0.0570682 0
0.0569267 0
0.0567566 0
0.0565954 0
0.0564371 0
0.0562639 0
0.0561057 0
0.0559417 0
0.0557732 0
0.0556044 0
0.0554591 0
0.0553054 0
0.0551584 0
0.0549854 0
0.0548524 0
0.0546945 0
0.0545479 0
0.0543865 0
0.054226 0
0.0540627 0
0.0538947 0
0.0537292 0
0.0535575 0
0.0534139 0
0.053269 0
0.0530948 0
0.0529441 0
0.0527803 0
0.0526211 0
0.052452 0
0.0522765 0
0.0521177 0
0.0519751 0
0.051819 0
0.0516611 0
0.0515035 0
0.0513338 0
0.0511711 0
0.0510057 0
0.050835 0
0.0506692 0
0.0505102 0
0.0503545 0
0.0501967 0
0.0500443 0
0.0498674 0
0.0497009 0
0.0495405 0
0.0493892 0
0.0492336 0
0.0490679 0
0.0489063 0
0.0487613 0
0.0486079 0
0.0484462 0
0.0482908 0
0.0481245 0
0.0479779 0
0.047816 0
0.0476668 0
0.0475292 0
0.0473702 0
0.0472077 0
0.0470577 0
0.0468892 0
0.0467365 0
0.0465665 0
0.046418 0
0.046253 0
0.0460947 0
0.0459499 0
0.0457893 0
0.0456304 0
0.0454562 0
0.0452885 0
0.0451512 0
0.0450044 0
0.0448507 0
0.0446818 0
0.0445256 0
0.0443803 0
0.0442218 0
0.0440747 0
0.0439109 0
0.0437473 0
0.0435872 0
0.0434364 0
0.0432838 0
0.0431247 0
0.0429672 0
0.0428091 0
0.0426706 0
0.0425115 0
0.0423502 0
0.0421795 0
0.0420063 0
0.0418524 0
0.041686 0
0.0415194 0
0.0413655 0
0.0412025 0
0.0410632 0
0.0409372 0
0.0407891 0
0.0406409 0
0.0404863 0
0.0403243 0
0.0401593 0
0.0400209 0
0.0398624 0
0.0397072 0
0.0395517 0
0.0393822 0
0.0392195 0
0.03905 0
0.0388859 0
0.0387184 0
0.0385637 0
0.0384004 0
0.0382404 0
0.0380905 0
0.037927 0
0.037781 0
0.0376321 0
0.0374704 0
0.0373219 0
0.0371568 0
0.0368387 0
0.0366688 0
0.0364959 0
0.0363435 0
0.036179 0
0.036022 0
0.0358674 0
0.0356984 0
0.0355386 0
0.0353727 0
0.0352319 0
0.0350815 0
0.0349166 0
0.0347691 0
0.0345962 0
0.0344506 0
0.0342904 0
0.0341605 0
0.034013 0
0.0338537 0
0.0336965 0
0.033545 0
0.0333889 0
0.0332398 0
0.0330737 0
0.0329244 0
0.0327783 0
0.0326122 0
0.0324661 0
0.0323042 0
0.03215 0
0.0320029 0
0.0318393 0
0.0316825 0
0.0315216 0
0.0313533 0
0.0311826 0
0.0310174 0
0.0308496 0
0.0306825 0
0.0305366 0
0.0303897 0
0.0302554 0
0.0301016 0
0.029945 0
0.0297839 0
0.029622 0
0.0294502 0
0.029282 0
0.0291365 0
0.0289641 0
0.0288041 0
0.0286386 0
0.0284849 0
0.0283265 0
0.0281564 0
0.0279842 0
0.0278203 0
0.0276539 0
0.0275058 0
0.0273414 0
0.0271902 0
0.0270176 0
0.0268507 0
0.0267011 0
0.0265426 0
0.0263825 0
0.0262287 0
0.0260861 0
0.0259167 0
0.0257625 0
0.0256006 0
0.0254425 0
0.0252941 0
0.0251254 0
0.024985 0
0.0248244 0
0.0246645 0
0.0244992 0
0.0243369 0
0.0241833 0
0.0240267 0
0.0238798 0
0.0237263 0
0.0235683 0
0.0234036 0
0.0232453 0
0.0230993 0
0.0229293 0
0.0227753 0
0.0226218 0
0.0224801 0
0.0223113 0
0.0221636 0
0.0220077 0
0.0218392 0
0.0216742 0
0.0215303 0
0.0213661 0
0.0212061 0
0.0210409 0
0.0208801 0
0.0207178 0
0.0205727 0
0.0204076 0
0.0202666 0
0.0200927 0
0.0199687 0
0.0198046 0
0.0196432 0
0.0194754 0
0.0193074 0
0.0191544 0
0.0189868 0
0.0188124 0
0.0186664 0
0.0185192 0
0.0183589 0
0.0181968 0
0.0180341 0
0.0178764 0
0.0177117 0
0.0175449 0
0.0173871 0
0.0172296 0
0.0170774 0
0.0169242 0
0.0167928 0
0.0166357 0
0.0163319 0
0.0161834 0
0.0160342 0
0.0158808 0
0.0157233 0
0.0155544 0
0.0153918 0
0.015239 0
0.0150852 0
0.0149219 0
0.0147635 0
0.0146025 0
0.014452 0
0.0142843 0
0.0141184 0
0.0139778 0
0.0138263 0
0.0136815 0
0.0135247 0
0.0133635 0
0.0131994 0
0.013027 0
0.0128543 0
0.0126958 0
0.0125499 0
0.0123941 0
0.0122207 0
0.0120635 0
0.0119051 0
0.0117601 0
0.0115939 0
0.0114364 0
0.0112888 0
0.0111517 0
0.0110179 0
0.0108684 0
0.0107039 0
0.0105389 0
0.0103727 0
0.0102262 0
0.0100622 0
0.00989285 0
0.00974736 0
0.00959463 0
0.00942669 0
0.00929373 0
0.00912951 0
0.00897476 0
0.00880746 0
0.00865298 0
0.00849214 0
0.00832285 0
0.00816265 0
0.00799333 0
0.00782521 0
0.00765778 0
0.00748479 0
0.00731886 0
0.0071665 0
0.00700392 0
0.00683643 0
0.00668403 0
0.00650717 0
0.00635854 0
0.00620714 0
0.0060416 0
0.00587834 0
0.00572514 0
0.0055591 0
0.0054078 0
0.00525072 0
0.00510131 0
0.00493853 0
0.0047733 0
0.00462455 0
0.0044533 0
0.00428396 0
0.00412232 0
0.00395898 0
0.00380356 0
0.00363998 0
0.00348616 0
0.00333581 0
0.00320405 0
0.00303454 0
0.00286724 0
0.0026995 0
0.00256185 0
0.00239396 0
0.00223536 0
0.00207557 0
0.00190997 0
0.00175448 0
0.0015923 0
0.0014322 0
0.00129196 0
0.00114417 0
0.000973427 0
0.000809132 0
0.00065746 0
0.000508303 0
0.000330695 0
0.000173182 0
0 0
