0.713751 2301
0.713751 2300
0.713751 2299
0.713751 2298
0.713751 2297
0.713751 2296
0.713751 2295
0.713751 2293
0.713683 2292
0.713683 2291
0.713683 2290
0.713683 2289
0.713683 2288
0.713683 2287
0.713683 2285
0.713683 2284
0.713683 2283
0.71357 2283
0.71357 2282
0.71357 2281
0.71357 2280
0.71357 2279
0.71357 2278
0.71357 2277
0.71357 2276
0.71357 2275
0.71357 2274
0.71357 2273
0.71357 2272
0.71357 2271
0.71357 2270
0.713536 2269
0.713536 2268
0.713536 2267
0.713536 2266
0.713473 2265
0.713473 2264
0.713473 2263
0.713473 2262
0.713473 2261
0.713405 2260
0.713405 2259
0.713405 2258
0.713405 2257
0.713405 2256
0.713405 2255
0.713272 2255
0.713272 2254
0.713272 2253
0.713272 2252
0.713272 2251
0.713272 2250
0.713272 2249
0.713272 2248
0.713244 2247
0.713244 2246
0.713109 2246
0.713109 2245
0.713109 2244
0.713109 2243
0.713109 2242
0.713109 2241
0.713109 2240
0.713109 2239
0.713109 2238
0.713109 2237
0.713109 2236
0.713109 2235
0.713109 2234
0.713109 2233
0.713109 2232
0.713109 2231
0.713109 2230
0.713109 2229
0.713109 2228
0.713109 2227
0.713109 2226
0.713109 2225
0.713109 2224
0.713109 2223
0.713109 2222
0.713109 2221
0.713109 2220
0.713109 2219
0.713109 2218
0.713109 2217
0.713109 2216
0.713109 2215
0.713109 2214
0.713109 2213
0.713109 2212
0.713109 2211
0.713109 2210
0.713109 2209
0.713109 2208
0.713109 2207
0.713109 2206
0.713109 2205
0.713109 2204
0.713109 2203
0.713109 2202
0.713109 2201
0.713109 2200
0.713109 2199
0.713109 2198
0.712951 2198
0.712951 2197
0.712951 2196
0.712951 2195
0.712951 2194
0.712873 2193
0.712873 2192
0.712745 2192
0.712745 2191
0.712745 2190
0.712745 2189
0.712745 2188
0.712745 2187
0.712745 2186
0.712745 2185
0.712745 2184
0.712745 2183
0.712745 2182
0.712745 2181
0.712745 2180
0.712745 2179
0.712745 2178
0.712745 2177
0.712745 2176
0.712745 2175
0.712745 2174
0.712745 2173
0.712745 2172
0.712745 2171
0.712745 2170
0.712745 2169
0.712745 2168
0.712745 2167
0.712573 2167
0.712573 2166
0.712573 2165
0.712573 2164
0.712573 2163
0.712508 2162
0.712508 2161
0.712508 2160
0.712508 2159
0.712508 2158
0.712508 2157
0.712508 2156
0.712508 2155
0.712508 2154
0.712508 2153
0.712508 2152
0.712508 2151
0.712508 2150
0.712508 2149
0.712508 2148
0.712508 2147
0.712508 2146
0.712508 2145
0.712508 2144
0.712508 2143
0.712508 2142
0.712508 2141
0.712508 2140
0.712354 2140
0.712354 2139
0.712354 2138
0.712354 2137
0.712354 2136
0.712354 2135
0.712354 2134
0.712354 2133
0.712354 2132
0.712354 2131
0.712354 2130
0.712354 2129
0.712354 2128
0.712354 2127
0.712354 2126
0.712354 2125
0.712354 2124
0.712354 2123
0.712354 2122
0.712354 2121
0.712354 2120
0.712354 2119
0.712354 2118
0.712285 2117
0.712234 2116
0.712234 2115
0.712234 2114
0.712234 2113
0.712234 2112
0.712234 2111
0.712234 2110
0.712234 2109
0.712234 2108
0.712234 2107
0.712234 2106
0.712234 2105
0.712234 2104
0.712234 2103
0.712234 2101
0.712234 2100
0.712234 2099
0.712234 2098
0.712234 2096
0.712234 2095
0.712234 2094
0.712234 2092
0.712234 2090
0.712234 2089
0.712234 2088
0.712234 2087
0.712234 2086
0.712234 2085
0.712112 2085
0.712112 2084
0.712112 2083
0.712112 2082
0.712112 2081
0.712112 2080
0.712112 2079
0.712112 2078
0.712112 2076
0.712112 2075
0.712112 2074
0.712112 2073
0.712112 2072
0.711956 2072
0.711956 2071
0.711956 2070
0.711956 2069
0.711956 2068
0.711956 2067
0.711956 2065
0.711844 2065
0.711844 2064
0.711844 2063
0.711844 2062
0.711844 2061
0.711753 2060
0.711753 2059
0.711753 2058
0.711753 2057
0.711753 2056
0.711753 2055
0.711753 2054
0.711753 2052
0.711753 2051
0.711753 2050
0.711753 2049
0.711753 2048
0.711753 2047
0.711753 2046
0.711616 2046
0.711616 2045
0.711616 2044
0.711616 2043
0.711616 2042
0.711616 2041
0.711616 2040
0.711616 2039
0.711616 2038
0.711616 2037
0.711616 2036
0.711616 2035
0.711616 2034
0.711616 2033
0.711616 2032
0.711616 2031
0.711616 2029
0.711616 2028
0.711616 2026
0.71157 2025
0.71157 2024
0.71157 2023
0.71157 2022
0.71157 2021
0.71157 2020
0.71157 2019
0.71157 2017
0.711499 2017
0.711499 2016
0.711499 2015
0.711499 2013
0.711499 2012
0.711499 2011
0.711499 2010
0.711499 2009
0.711499 2008
0.711499 2007
0.711499 2006
0.711499 2005
0.711499 2004
0.711499 2003
0.711499 2002
0.711499 2001
0.711499 2000
0.711499 1999
0.711499 1998
0.711499 1997
0.711499 1996
0.711499 1995
0.711499 1994
0.711499 1993
0.711499 1992
0.711499 1991
0.711499 1990
0.711499 1989
0.711499 1988
0.711499 1987
0.711499 1986
0.711499 1985
0.711499 1984
0.711499 1983
0.711499 1982
0.711499 1981
0.711499 1980
0.711402 1980
0.711402 1978
0.711402 1977
0.711331 1976
0.711331 1975
0.711331 1974
0.711331 1973
0.711331 1972
0.711331 1971
0.711331 1970
0.711331 1968
0.711331 1967
0.711331 1966
0.711331 1965
0.711331 1964
0.711331 1963
0.711331 1962
0.711331 1961
0.711331 1960
0.711331 1959
0.711331 1958
0.711217 1958
0.711217 1957
0.711217 1956
0.711217 1955
0.711217 1954
0.711217 1953
0.711062 1952
0.711062 1951
0.711062 1950
0.711062 1949
0.711062 1948
0.711062 1947
0.710937 1947
0.710937 1946
0.710937 1945
0.710937 1944
0.710937 1943
0.710937 1942
0.710937 1941
0.710937 1940
0.710937 1939
0.710937 1938
0.710937 1937
0.710937 1936
0.710937 1935
0.710937 1934
0.710852 1933
0.710852 1932
0.710852 1931
0.710852 1930
0.710852 1929
0.710852 1928
0.710852 1927
0.710852 1926
0.710852 1924
0.710852 1923
0.710852 1922
0.710852 1921
0.710852 1920
0.710852 1919
0.710852 1918
0.710852 1917
0.710852 1916
0.710852 1915
0.710852 1914
0.710852 1913
0.710852 1912
0.710852 1911
0.710852 1910
0.710852 1909
0.710852 1908
0.710852 1907
0.710852 1906
0.710852 1905
0.710852 1904
0.710801 1903
0.710801 1902
0.710801 1901
0.710801 1900
0.710801 1899
0.710801 1898
0.710801 1897
0.710801 1896
0.710801 1895
0.710801 1894
0.710801 1893
0.710801 1892
0.710801 1891
0.710801 1890
0.710801 1889
0.710801 1888
0.710801 1887
0.710801 1886
0.710801 1885
0.710801 1884
0.710801 1883
0.710801 1882
0.710801 1881
0.710801 1880
0.710801 1879
0.710801 1878
0.710801 1877
0.710801 1876
0.710801 1875
0.710801 1874
0.710801 1873
0.710801 1872
0.710801 1871
0.710801 1870
0.710801 1869
0.710801 1868
0.710801 1867
0.710801 1866
0.710801 1865
0.710801 1864
0.710801 1862
0.710801 1861
0.710801 1860
0.710801 1859
0.710801 1858
0.710801 1857
0.710757 1856
0.710757 1855
0.710757 1854
0.710757 1853
0.710757 1852
0.710757 1851
0.710757 1850
0.710757 1849
0.710757 1848
0.710757 1847
0.710757 1846
0.710757 1845
0.710757 1844
0.710757 1843
0.710757 1841
0.710757 1840
0.710757 1839
0.710757 1838
0.710757 1837
0.710757 1835
0.710757 1834
0.710601 1834
0.710601 1833
0.710601 1832
0.710601 1831
0.710601 1830
0.710601 1829
0.710476 1829
0.710476 1828
0.710476 1827
0.710476 1826
0.710476 1825
0.710295 1824
0.710295 1823
0.710295 1822
0.710295 1821
0.710295 1820
0.710295 1819
0.710295 1818
0.710295 1817
0.710295 1815
0.710176 1815
0.710094 1814
0.710094 1813
0.710094 1812
0.710094 1811
0.710094 1810
0.710094 1808
0.710094 1806
0.709995 1806
0.709995 1805
0.709995 1804
0.709995 1803
0.709995 1802
0.709995 1801
0.709995 1800
0.709995 1799
0.709995 1797
0.709995 1796
0.709995 1795
0.709995 1794
0.709995 1793
0.709995 1791
0.709995 1790
0.709995 1789
0.709995 1788
0.709995 1787
0.709995 1786
0.709995 1785
0.709995 1784
0.709995 1783
0.709995 1782
0.709995 1780
0.709995 1779
0.709995 1778
0.709995 1777
0.709995 1776
0.709995 1775
0.709995 1774
0.709995 1773
0.709995 1772
0.709995 1771
0.709995 1770
0.709995 1769
0.709995 1768
0.709995 1767
0.709995 1766
0.709995 1765
0.709995 1764
0.709995 1763
0.709995 1762
0.709995 1761
0.709995 1760
0.709995 1759
0.709995 1758
0.709995 1757
0.709995 1756
0.709995 1755
0.709995 1754
0.709995 1753
0.709995 1752
0.709995 1751
0.709995 1750
0.709995 1749
0.709995 1748
0.709995 1747
0.709995 1746
0.709995 1745
0.709995 1744
0.709995 1742
0.709995 1741
0.709995 1740
0.709995 1739
0.709995 1738
0.709995 1737
0.709995 1736
0.709995 1735
0.709995 1734
0.709995 1733
0.709995 1732
0.709995 1731
0.709995 1730
0.709995 1729
0.709995 1728
0.709995 1727
0.709859 1727
0.709859 1726
0.709859 1725
0.709859 1724
0.709859 1723
0.709859 1722
0.709859 1721
0.709859 1720
0.709743 1720
0.709743 1719
0.709743 1718
0.709743 1717
0.709743 1716
0.709743 1715
0.709743 1714
0.709743 1713
0.709743 1712
0.709743 1711
0.709688 1710
0.709688 1709
0.709688 1707
0.709688 1706
0.709688 1705
0.709688 1704
0.709688 1703
0.709688 1702
0.709688 1701
0.709688 1700
0.709688 1699
0.709688 1698
0.709688 1697
0.709688 1696
0.709688 1695
0.709688 1694
0.709688 1693
0.709688 1691
0.709688 1690
0.709688 1689
0.709688 1688
0.709591 1688
0.709591 1687
0.709591 1686
0.709591 1685
0.709591 1684
0.709591 1683
0.709591 1682
0.709591 1681
0.709591 1680
0.709591 1679
0.709591 1678
0.709452 1678
0.709452 1677
0.709452 1676
0.709452 1675
0.709296 1675
0.709296 1674
0.709296 1673
0.709296 1672
0.709296 1671
0.709282 1670
0.709282 1669
0.709282 1668
0.709282 1667
0.709282 1666
0.709282 1665
0.709282 1664
0.709282 1663
0.709282 1662
0.709282 1661
0.709282 1660
0.709282 1659
0.709282 1658
0.709282 1657
0.709282 1656
0.709189 1655
0.70904 1655
0.70904 1654
0.70904 1653
0.70904 1652
0.70904 1651
0.70904 1650
0.70904 1649
0.70904 1648
0.70904 1647
0.70904 1646
0.708932 1646
0.708932 1645
0.708932 1644
0.708932 1643
0.708932 1642
0.708932 1641
0.708932 1640
0.708932 1639
0.708932 1638
0.708932 1637
0.708932 1636
0.708932 1635
0.708932 1633
0.708932 1632
0.708932 1631
0.708932 1630
0.708932 1629
0.708932 1628
0.708932 1627
0.708932 1626
0.708932 1625
0.708932 1624
0.708932 1623
0.708932 1622
0.708932 1621
0.708932 1620
0.708932 1619
0.708932 1618
0.708932 1617
0.708884 1616
0.708884 1615
0.708884 1614
0.708884 1613
0.708884 1612
0.708884 1611
0.708884 1610
0.708884 1607
0.708884 1606
0.708884 1605
0.708884 1604
0.708884 1603
0.708884 1602
0.708884 1601
0.708884 1600
0.708884 1599
0.708884 1598
0.708884 1597
0.708884 1596
0.708884 1595
0.708884 1594
0.708884 1593
0.708879 1592
0.708879 1591
0.708879 1590
0.708879 1589
0.708879 1588
0.708879 1587
0.708879 1586
0.708879 1585
0.708879 1583
0.708879 1581
0.708789 1580
0.708789 1579
0.708789 1578
0.708624 1578
0.708624 1577
0.708624 1575
0.708624 1574
0.708624 1573
0.708624 1572
0.708624 1571
0.708491 1571
0.708484 1570
0.708484 1569
0.708484 1568
0.708484 1567
0.708484 1566
0.708361 1566
0.708361 1565
0.708361 1564
0.708361 1563
0.708187 1563
0.708187 1561
0.708187 1560
0.708187 1558
0.708064 1558
0.708064 1557
0.708064 1555
0.708064 1554
0.708064 1553
0.708064 1552
0.708064 1551
0.708064 1550
0.708064 1549
0.708064 1548
0.708064 1547
0.708064 1546
0.708064 1545
0.708064 1544
0.708064 1543
0.708064 1542
0.708064 1541
0.708064 1540
0.707946 1540
0.707946 1539
0.707946 1538
0.707946 1537
0.707946 1536
0.707946 1535
0.707946 1534
0.707876 1533
0.707876 1532
0.707876 1531
0.707876 1530
0.707876 1529
0.707876 1528
0.707743 1528
0.707743 1527
0.707743 1526
0.707743 1525
0.707743 1524
0.707743 1523
0.707743 1522
0.707743 1521
0.707743 1520
0.707743 1519
0.707743 1518
0.707743 1517
0.707743 1515
0.707701 1514
0.707701 1513
0.707701 1512
0.707701 1511
0.707701 1510
0.707701 1508
0.707701 1507
0.707701 1506
0.707701 1505
0.707701 1504
0.707701 1503
0.707701 1502
0.707701 1501
0.707701 1500
0.707701 1499
0.707701 1498
0.707701 1497
0.707701 1496
0.707701 1495
0.707701 1494
0.707701 1493
0.707701 1492
0.707562 1492
0.707562 1491
0.707562 1490
0.707562 1489
0.707562 1488
0.707562 1487
0.707562 1486
0.707562 1485
0.707562 1484
0.707562 1482
0.707562 1481
0.707562 1480
0.707562 1479
0.707562 1478
0.707562 1477
0.707562 1476
0.707562 1475
0.707562 1474
0.707562 1473
0.707562 1472
0.707562 1471
0.707562 1470
0.707562 1469
0.707562 1468
0.707562 1467
0.707562 1466
0.707562 1465
0.707562 1464
0.707562 1463
0.707562 1462
0.707562 1461
0.707562 1460
0.707562 1459
0.707562 1458
0.707562 1457
0.707562 1456
0.707562 1455
0.707562 1454
0.707562 1453
0.707562 1452
0.707562 1451
0.707562 1450
0.70739 1450
0.70739 1449
0.70739 1448
0.70739 1447
0.70739 1446
0.70739 1445
0.70723 1445
0.70723 1444
0.70723 1443
0.70723 1442
0.70723 1441
0.70723 1440
0.70723 1439
0.70723 1437
0.70723 1436
0.70723 1434
0.70723 1433
0.70723 1432
0.70723 1430
0.70723 1429
0.70723 1428
0.70723 1427
0.70723 1426
0.70723 1425
0.70723 1424
0.70723 1423
0.70723 1422
0.70723 1421
0.70723 1420
0.70723 1419
0.70723 1418
0.70723 1417
0.70723 1416
0.70723 1415
0.70723 1414
0.70723 1413
0.70723 1412
0.70723 1411
0.707115 1411
0.707115 1410
0.707115 1409
0.707115 1408
0.707115 1407
0.707115 1406
0.707115 1405
0.707115 1404
0.707115 1403
0.707115 1402
0.707115 1401
0.707115 1400
0.707115 1399
0.707115 1398
0.707115 1397
0.707115 1396
0.707115 1395
0.707115 1394
0.707115 1393
0.707115 1392
0.707115 1391
0.707115 1390
0.707115 1389
0.707115 1388
0.707115 1387
0.707115 1386
0.707115 1385
0.707115 1384
0.707115 1383
0.707115 1382
0.707115 1381
0.707115 1380
0.707115 1379
0.707115 1378
0.707115 1377
0.707028 1376
0.707028 1374
0.707028 1373
0.707028 1372
0.707028 1371
0.707028 1370
0.707028 1369
0.707028 1368
0.707028 1367
0.707028 1366
0.707028 1365
0.707028 1364
0.707028 1363
0.707028 1362
0.707028 1361
0.707028 1360
0.707028 1359
0.706998 1358
0.706998 1357
0.706998 1356
0.706841 1356
0.706841 1355
0.706841 1354
0.706841 1353
0.706841 1352
0.706841 1351
0.706841 1350
0.706841 1349
0.706841 1348
0.706841 1347
0.706841 1346
0.706841 1345
0.706841 1344
0.706841 1343
0.706841 1342
0.706841 1341
0.706841 1340
0.706841 1339
0.706841 1338
0.706841 1337
0.706841 1336
0.706841 1335
0.706841 1334
0.706841 1332
0.706841 1331
0.706841 1330
0.706841 1329
0.706841 1328
0.706841 1327
0.706841 1326
0.706841 1325
0.706841 1324
0.706841 1323
0.706711 1323
0.706711 1322
0.706711 1321
0.706711 1320
0.706711 1319
0.706697 1317
0.706697 1316
0.706697 1315
0.706697 1314
0.706697 1313
0.706593 1313
0.706593 1312
0.706593 1311
0.706593 1310
0.706593 1309
0.706593 1308
0.706593 1307
0.706593 1306
0.706465 1306
0.706465 1305
0.706465 1304
0.706465 1302
0.706465 1301
0.706374 1300
0.706374 1299
0.706374 1298
0.706373 1297
0.706373 1296
0.706373 1295
0.706373 1294
0.706373 1293
0.706373 1292
0.706373 1291
0.706373 1290
0.706373 1289
0.70626 1289
0.70626 1288
0.70626 1287
0.706109 1287
0.706109 1286
0.706109 1285
0.706109 1284
0.706109 1283
0.706109 1282
0.706109 1281
0.706109 1280
0.706109 1279
0.706109 1278
0.706109 1277
0.706109 1276
0.706109 1275
0.706109 1274
0.706109 1273
0.705995 1273
0.705995 1272
0.705995 1271
0.705995 1270
0.705995 1269
0.705995 1268
0.705995 1267
0.705995 1266
0.705995 1265
0.705995 1264
0.705995 1263
0.705995 1262
0.705995 1261
0.705995 1259
0.705995 1258
0.705995 1257
0.705995 1256
0.705995 1255
0.70589 1255
0.70589 1254
0.70589 1253
0.70589 1252
0.70589 1251
0.705855 1249
0.705855 1248
0.705855 1247
0.705855 1246
0.705855 1245
0.705855 1244
0.705855 1243
0.705737 1243
0.705737 1242
0.705618 1241
0.705618 1240
0.705618 1239
0.705618 1238
0.705618 1237
0.705618 1236
0.705618 1235
0.705618 1234
0.705618 1233
0.705618 1232
0.705507 1232
0.705507 1231
0.705493 1230
0.705493 1229
0.705493 1228
0.705493 1227
0.705493 1226
0.705493 1225
0.705488 1224
0.705488 1223
0.705488 1221
0.705488 1220
0.705488 1219
0.705488 1218
0.705488 1217
0.705488 1216
0.705488 1215
0.705488 1214
0.705488 1213
0.705488 1212
0.705488 1211
0.705488 1210
0.705488 1209
0.705488 1208
0.705488 1207
0.705323 1207
0.705323 1206
0.705323 1205
0.705323 1204
0.705323 1203
0.705275 1202
0.705275 1201
0.70523 1200
0.70523 1199
0.70523 1198
0.70523 1197
0.70523 1196
0.70523 1195
0.70523 1194
0.70523 1193
0.70523 1191
0.70523 1190
0.70523 1189
0.705111 1189
0.705111 1188
0.705111 1187
0.705111 1186
0.705111 1185
0.705111 1184
0.705111 1183
0.705111 1182
0.705111 1181
0.705111 1180
0.705111 1179
0.705111 1178
0.705009 1178
0.705009 1177
0.705009 1175
0.705009 1174
0.705009 1173
0.705009 1172
0.705009 1171
0.705009 1170
0.705009 1169
0.705009 1168
0.705009 1167
0.705009 1166
0.705009 1165
0.705009 1164
0.705009 1163
0.705009 1162
0.705009 1161
0.705009 1160
0.705009 1159
0.705009 1158
0.705009 1157
0.705009 1156
0.705009 1155
0.705009 1154
0.705009 1153
0.705009 1152
0.704847 1152
0.704847 1151
0.704847 1150
0.704711 1150
0.704568 1150
0.704568 1149
0.704568 1148
0.704445 1148
0.704445 1147
0.704445 1146
0.704445 1145
0.704445 1144
0.704445 1143
0.704295 1143
0.704295 1142
0.704295 1141
0.704295 1140
0.704295 1139
0.704295 1138
0.704295 1137
0.704295 1136
0.704295 1135
0.704168 1135
0.704168 1134
0.704168 1133
0.704168 1132
0.704168 1131
0.704168 1130
0.704168 1129
0.704168 1128
0.70401 1128
0.70386 1128
0.70386 1127
0.70386 1126
0.70386 1125
0.70386 1124
0.703775 1123
0.703775 1122
0.703775 1121
0.703775 1120
0.703775 1119
0.703775 1118
0.703775 1117
0.703775 1116
0.703775 1115
0.703775 1114
0.703775 1113
0.703775 1112
0.703775 1111
0.703775 1110
0.703775 1109
0.703775 1108
0.703775 1107
0.703775 1106
0.703775 1105
0.703775 1104
0.703775 1103
0.703775 1102
0.703775 1101
0.703775 1100
0.703775 1099
0.703775 1098
0.703775 1097
0.703775 1096
0.703775 1095
0.703775 1094
0.703775 1093
0.703775 1092
0.703775 1091
0.703775 1090
0.703775 1089
0.703775 1088
0.703775 1087
0.703775 1086
0.703775 1085
0.703775 1084
0.703775 1083
0.703775 1082
0.703775 1081
0.703775 1080
0.703775 1079
0.703775 1078
0.703775 1077
0.703775 1076
0.703775 1075
0.703775 1074
0.703775 1072
0.703775 1071
0.703775 1070
0.703775 1069
0.703739 1067
0.703739 1066
0.703644 1065
0.703644 1064
0.703572 1063
0.703572 1062
0.703572 1061
0.703572 1060
0.703572 1059
0.703572 1058
0.703476 1057
0.703476 1056
0.703476 1055
0.703476 1054
0.703476 1053
0.703326 1053
0.703326 1052
0.703326 1051
0.703326 1050
0.703326 1049
0.703326 1048
0.703326 1047
0.703326 1046
0.703326 1045
0.703326 1044
0.703326 1043
0.703326 1042
0.703326 1041
0.703221 1041
0.703221 1040
0.703221 1039
0.703221 1038
0.703221 1037
0.703221 1036
0.703221 1035
0.703221 1034
0.703221 1033
0.703221 1032
0.703221 1031
0.703221 1030
0.703221 1029
0.703221 1028
0.703045 1028
0.703045 1027
0.703045 1026
0.703 1025
0.703 1024
0.703 1023
0.703 1022
0.703 1021
0.703 1020
0.702887 1020
0.702887 1019
0.702887 1018
0.702887 1017
0.702887 1016
0.702887 1015
0.702887 1014
0.702887 1012
0.702887 1011
0.702887 1010
0.702887 1009
0.702887 1008
0.702887 1007
0.702887 1006
0.702887 1005
0.702887 1004
0.702887 1003
0.702887 1002
0.702887 1001
0.702811 1000
0.702811 999
0.702811 998
0.702811 997
0.702811 996
0.702811 995
0.702811 994
0.702811 993
0.702811 992
0.702811 991
0.702811 990
0.702811 989
0.702695 989
0.702695 988
0.702695 987
0.702695 986
0.702695 985
0.702695 984
0.702695 983
0.702695 982
0.702695 980
0.702695 979
0.702695 978
0.702695 977
0.702695 976
0.702695 975
0.702695 974
0.702695 973
0.702695 972
0.702695 971
0.702695 970
0.702695 969
0.702695 968
0.702607 967
0.702607 966
0.702607 965
0.702582 964
0.702582 963
0.702582 962
0.702582 961
0.702488 960
0.702488 959
0.702488 958
0.702488 957
0.702488 956
0.702488 955
0.702488 954
0.702488 953
0.70244 952
0.70244 951
0.702268 951
0.702268 950
0.702268 948
0.702268 947
0.702268 946
0.702268 945
0.702268 944
0.702268 943
0.702268 942
0.702268 941
0.702268 940
0.702268 939
0.702176 938
0.702176 937
0.702176 936
0.702176 935
0.702176 934
0.702176 933
0.702176 932
0.702176 931
0.702176 930
0.702176 929
0.702176 928
0.702176 927
0.702042 927
0.701874 927
0.701874 926
0.701874 925
0.701874 924
0.701874 923
0.701874 922
0.701874 921
0.701874 920
0.701874 919
0.701874 918
0.701874 917
0.701722 917
0.701656 916
0.701656 915
0.701656 914
0.701656 913
0.701656 912
0.701656 910
0.701656 909
0.701656 908
0.701492 908
0.701492 907
0.701492 906
0.701492 905
0.701492 904
0.701492 902
0.701492 901
0.701492 900
0.701492 899
0.701492 897
0.701492 896
0.701492 895
0.701492 894
0.701492 893
0.701492 892
0.701492 891
0.701492 890
0.701492 889
0.701492 888
0.701492 887
0.701492 886
0.701492 885
0.701387 885
0.701387 884
0.701387 883
0.701387 882
0.701387 881
0.701387 880
0.701387 879
0.701387 878
0.701387 877
0.701387 876
0.701234 876
0.701054 876
0.701054 875
0.70091 875
0.70091 874
0.70091 872
0.70091 871
0.70091 870
0.70091 869
0.70091 868
0.70091 867
0.70091 866
0.70091 865
0.70091 864
0.70091 863
0.7009 862
0.7009 861
0.7009 860
0.7009 859
0.7009 858
0.7009 856
0.700734 856
0.700734 855
0.700734 854
0.700734 853
0.700734 852
0.700734 850
0.700734 849
0.700734 848
0.700734 847
0.700734 846
0.700734 845
0.700734 844
0.700734 843
0.700734 842
0.700566 842
0.700566 841
0.700566 840
0.700566 839
0.700566 838
0.700566 837
0.700566 836
0.700566 835
0.700566 834
0.700394 834
0.700394 833
0.700394 832
0.700394 831
0.700349 830
0.700349 829
0.700349 828
0.700349 827
0.700349 826
0.700349 825
0.700349 824
0.700349 823
0.700349 822
0.700247 822
0.700247 821
0.700247 820
0.700247 819
0.700137 819
0.700137 818
0.700137 817
0.700137 816
0.700137 815
0.700137 813
0.700137 812
0.700137 811
0.700137 810
0.700137 809
0.700099 808
0.700099 807
0.700134 805
0.700134 804
0.699963 804
0.699892 803
0.699892 802
0.699786 802
0.699786 801
0.699786 800
0.699786 799
0.699786 798
0.699786 797
0.699786 796
0.699786 795
0.699756 794
0.699756 793
0.699644 793
0.699644 792
0.699644 791
0.699644 790
0.699517 790
0.699517 789
0.699517 788
0.699517 787
0.699517 786
0.699517 785
0.699517 784
0.699517 783
0.699517 782
0.699517 781
0.699517 780
0.699517 779
0.699517 778
0.699418 778
0.699418 777
0.699418 776
0.699418 775
0.699418 774
0.699418 773
0.699418 772
0.699418 771
0.699418 770
0.699256 770
0.699135 770
0.698969 770
0.698969 769
0.698969 768
0.698969 767
0.69891 766
0.69891 765
0.69891 764
0.69891 763
0.698895 762
0.698895 761
0.698782 761
0.698782 760
0.698782 759
0.698782 758
0.698782 757
0.698782 756
0.698633 756
0.698532 756
0.698532 755
0.698532 754
0.698532 752
0.698532 751
0.698532 750
0.698532 749
0.698532 748
0.698532 747
0.698381 747
0.698381 746
0.698381 745
0.698381 744
0.698381 743
0.698381 742
0.698381 741
0.69831 740
0.698259 739
0.698259 738
0.698259 737
0.698259 736
0.698259 735
0.698259 734
0.698259 733
0.698259 732
0.698259 731
0.698114 731
0.698114 730
0.698059 729
0.698059 728
0.698059 727
0.698059 726
0.698059 725
0.698059 724
0.698059 723
0.698059 722
0.698059 721
0.698059 720
0.697882 720
0.697882 719
0.697757 719
0.697757 718
0.697757 717
0.697757 716
0.697757 715
0.697757 714
0.697757 713
0.697757 712
0.697757 711
0.697757 710
0.697757 709
0.697757 708
0.697757 707
0.697757 706
0.697757 705
0.697757 704
0.697757 703
0.697757 702
0.697757 701
0.697757 700
0.697757 699
0.697757 698
0.697757 697
0.697757 696
0.697757 695
0.697623 695
0.697623 694
0.697623 693
0.697492 693
0.697492 692
0.697492 691
0.697492 690
0.697492 689
0.697492 688
0.697492 687
0.697492 686
0.697492 685
0.697492 684
0.697443 683
0.697443 682
0.697443 681
0.697443 680
0.697335 680
0.697335 679
0.697335 678
0.697335 677
0.697335 676
0.697335 675
0.697277 674
0.697277 673
0.697277 672
0.697277 671
0.697277 670
0.697277 669
0.697277 668
0.697277 667
0.697277 666
0.697277 665
0.697277 664
0.697277 663
0.697277 662
0.697277 661
0.697277 660
0.697277 659
0.697277 657
0.697277 656
0.697277 655
0.697277 654
0.697277 653
0.697277 652
0.697277 651
0.697277 650
0.697277 649
0.697277 648
0.697154 648
0.697154 647
0.697154 646
0.697154 645
0.697154 644
0.697003 644
0.697003 643
0.697003 642
0.697003 641
0.697003 640
0.697003 639
0.697003 638
0.697003 637
0.697003 636
0.696981 634
0.696981 633
0.696981 632
0.696981 631
0.696979 630
0.696979 629
0.696979 627
0.696818 627
0.696818 626
0.696696 626
0.696696 625
0.69655 625
0.69655 624
0.69655 623
0.69655 622
0.69655 621
0.69655 620
0.69655 619
0.69655 618
0.69655 617
0.69655 616
0.69655 615
0.6964 615
0.696281 615
0.696281 614
0.696281 613
0.696281 612
0.696281 611
0.69612 611
0.696063 610
0.695967 609
0.695967 608
0.695967 607
0.695912 606
0.695912 605
0.695912 603
0.695774 603
0.695774 602
0.695616 601
0.695616 600
0.695616 599
0.695616 598
0.695616 597
0.695616 596
0.695518 596
0.695518 595
0.695518 594
0.695518 593
0.695415 593
0.695415 592
0.695415 591
0.695415 590
0.695415 589
0.695415 588
0.695319 587
0.695319 586
0.695319 585
0.695319 584
0.695319 583
0.695319 582
0.695177 582
0.695177 581
0.695177 580
0.695177 579
0.695177 578
0.695177 577
0.695039 577
0.695039 576
0.694875 576
0.694875 575
0.694875 574
0.694875 573
0.694875 572
0.694875 571
0.694875 570
0.694875 569
0.694749 569
0.694749 568
0.694749 567
0.694625 567
0.694625 566
0.694461 566
0.694461 565
0.694461 564
0.694461 563
0.694461 562
0.694454 561
0.694454 560
0.694454 559
0.694454 558
0.694454 557
0.694454 556
0.694294 556
0.69415 556
0.69415 555
0.69415 554
0.69415 553
0.69415 552
0.69415 551
0.69415 550
0.69415 549
0.69415 548
0.693987 548
0.693987 547
0.693987 546
0.693987 545
0.693987 544
0.693987 543
0.693987 542
0.693987 541
0.693987 540
0.693987 539
0.693987 538
0.693987 537
0.693987 536
0.693987 535
0.693987 534
0.693849 534
0.693849 533
0.693773 532
0.693773 531
0.693773 530
0.693618 530
0.693618 529
0.693537 528
0.693537 527
0.693387 527
0.693387 526
0.693387 525
0.693387 524
0.693387 523
0.693387 522
0.693387 521
0.693387 520
0.693387 519
0.693387 518
0.693387 516
0.693259 516
0.693259 515
0.693259 514
0.693256 513
0.693256 512
0.693256 511
0.693256 510
0.693256 509
0.693256 508
0.693256 507
0.693114 507
0.693114 506
0.693114 505
0.693114 504
0.693114 503
0.693114 502
0.693108 501
0.693108 500
0.693108 499
0.693108 498
0.693108 497
0.693009 497
0.693009 496
0.692997 495
0.692997 494
0.692997 493
0.692997 492
0.692997 491
0.692896 491
0.692769 491
0.692769 490
0.692769 489
0.692769 488
0.692684 487
0.692684 486
0.69254 486
0.69254 485
0.69254 484
0.69254 483
0.69254 482
0.69254 481
0.69254 480
0.69254 479
0.69254 478
0.69254 477
0.69254 476
0.69254 475
0.69254 474
0.69254 473
0.69254 472
0.69254 471
0.69244 471
0.69244 470
0.69244 469
0.69244 468
0.69244 467
0.69244 466
0.69244 465
0.69244 464
0.69244 463
0.69244 462
0.69244 461
0.69244 460
0.69244 459
0.69244 458
0.69244 457
0.69244 456
0.692303 456
0.692303 455
0.692303 454
0.692303 453
0.692152 453
0.692014 453
0.692014 452
0.691861 452
0.691706 452
0.691582 452
0.691582 451
0.691582 450
0.691582 449
0.691582 448
0.691582 447
0.691434 447
0.691372 445
0.691372 444
0.691345 443
0.691345 442
0.691345 441
0.691345 440
0.691345 439
0.691345 438
0.691345 437
0.691345 436
0.691345 435
0.691345 434
0.691345 433
0.691345 432
0.691345 431
0.691345 430
0.691345 429
0.691345 428
0.691345 427
0.691174 427
0.691174 426
0.691174 424
0.691042 423
0.690888 422
0.690888 421
0.690888 420
0.690741 420
0.690741 419
0.690741 418
0.690741 417
0.690741 416
0.690563 416
0.690563 415
0.690563 414
0.690563 413
0.690416 413
0.690416 412
0.690416 411
0.690416 410
0.690416 409
0.690416 408
0.690416 407
0.690416 406
0.690416 405
0.690255 405
0.690163 404
0.690054 404
0.690054 403
0.690054 402
0.689984 401
0.689984 400
0.689984 399
0.689984 398
0.689984 397
0.689984 396
0.689984 395
0.689984 394
0.689811 394
0.689811 393
0.689811 392
0.689811 391
0.689811 390
0.689811 389
0.689811 388
0.689811 387
0.689811 386
0.689811 385
0.689763 384
0.689763 383
0.689763 382
0.689763 381
0.689592 381
0.689592 380
0.689592 379
0.689592 378
0.689592 377
0.689592 376
0.689592 375
0.689592 374
0.689592 373
0.689445 373
0.689445 372
0.689445 371
0.689445 370
0.689445 369
0.689445 368
0.689325 368
0.689177 368
0.689177 367
0.689177 366
0.689177 365
0.689027 365
0.689027 364
0.689027 363
0.689027 362
0.689027 361
0.689027 360
0.689027 359
0.689011 358
0.688877 358
0.688836 357
0.688836 356
0.688836 355
0.688693 355
0.688693 354
0.688693 353
0.688693 352
0.688693 351
0.688628 350
0.688628 349
0.688628 348
0.688628 347
0.688628 346
0.688628 345
0.688484 345
0.688484 344
0.688483 343
0.688483 342
0.688483 341
0.688483 340
0.688471 339
0.688471 338
0.688471 337
0.688471 336
0.688306 336
0.688159 336
0.688159 335
0.688159 334
0.68815 333
0.688073 332
0.688073 331
0.688073 330
0.688073 329
0.688073 328
0.688073 327
0.687955 327
0.687955 326
0.687822 326
0.687822 325
0.687822 324
0.687822 323
0.687822 322
0.687822 321
0.687822 320
0.687822 319
0.687822 318
0.687822 317
0.687822 316
0.687822 315
0.687821 314
0.687738 313
0.687738 312
0.687738 311
0.687738 310
0.687738 309
0.687606 309
0.687606 308
0.687606 307
0.687606 306
0.687556 305
0.687512 304
0.687512 303
0.687512 302
0.687512 301
0.687512 300
0.687362 300
0.687362 299
0.687362 298
0.687269 297
0.687269 296
0.687245 295
0.687245 294
0.687245 293
0.687245 292
0.687245 291
0.687245 290
0.687094 290
0.687094 289
0.686945 289
0.686945 288
0.686799 288
0.686799 287
0.686649 287
0.686649 286
0.686548 286
0.686438 286
0.686438 285
0.686438 284
0.686438 283
0.686438 282
0.686298 282
0.686212 282
0.686212 281
0.686212 280
0.68606 280
0.68606 279
0.685949 279
0.685783 279
0.685783 278
0.685783 277
0.685783 276
0.685773 275
0.685773 274
0.685773 273
0.685773 272
0.685773 271
0.685682 270
0.685682 269
0.685682 268
0.685682 267
0.685569 267
0.685569 266
0.685502 265
0.685502 264
0.685348 264
0.685348 263
0.685348 262
0.685348 261
0.685348 260
0.685181 260
0.685181 259
0.685181 258
0.685181 257
0.685181 256
0.685016 256
0.684935 255
0.684935 254
0.684935 253
0.684935 252
0.684806 252
0.684806 251
0.684806 250
0.684806 249
0.684806 248
0.68467 248
0.684518 248
0.684518 247
0.684432 246
0.684315 246
0.684315 245
0.684315 244
0.684315 243
0.684315 242
0.684315 241
0.684315 240
0.684154 240
0.68401 240
0.68401 239
0.68401 238
0.68401 237
0.683853 237
0.683853 236
0.683853 235
0.683853 234
0.683853 233
0.683853 232
0.683853 231
0.683853 230
0.683853 229
0.683853 228
0.683847 227
0.683847 226
0.683847 225
0.683847 224
0.683847 223
0.683847 222
0.683687 222
0.683628 221
0.683464 221
0.683464 220
0.683344 220
0.683195 220
0.683195 219
0.683195 218
0.683195 217
0.683086 217
0.683086 216
0.682924 216
0.682924 215
0.682786 215
0.682608 215
0.682472 215
0.682472 214
0.682472 213
0.682472 212
0.682339 212
0.68217 212
0.68217 211
0.68217 210
0.68217 209
0.68217 208
0.68217 207
0.68217 206
0.682033 206
0.681897 206
0.681897 205
0.681897 204
0.681897 203
0.681897 202
0.681897 201
0.681897 200
0.681897 199
0.681897 198
0.681897 197
0.681778 197
0.681778 196
0.681778 195
0.681778 194
0.68162 194
0.68162 193
0.68162 192
0.68162 191
0.681459 191
0.681459 190
0.681459 189
0.681299 189
0.681299 188
0.681206 187
0.681206 186
0.681206 185
0.681069 185
0.681069 184
0.681069 183
0.681069 182
0.681 181
0.681 180
0.681 179
0.681 178
0.680839 178
0.680839 177
0.680839 176
0.680688 176
0.680688 175
0.680536 175
0.680536 174
0.680536 173
0.680536 172
0.680536 171
0.680354 171
0.68024 171
0.68024 170
0.68024 169
0.680214 168
0.680069 168
0.679903 168
0.679903 167
0.679903 166
0.679903 165
0.679903 164
0.679747 164
0.679584 164
0.679584 163
0.679569 162
0.679569 161
0.679461 161
0.679461 160
0.679461 159
0.679461 158
0.679461 157
0.679291 157
0.679148 157
0.679148 156
0.679148 155
0.679015 155
0.679015 154
0.678866 154
0.678866 153
0.678866 152
0.678713 152
0.678713 151
0.678713 150
0.678713 149
0.678713 148
0.678713 147
0.678584 147
0.67844 147
0.67831 147
0.678185 147
0.678023 147
0.678023 146
0.678023 145
0.678023 144
0.678023 143
0.678023 142
0.677883 142
0.67773 142
0.677698 141
0.677552 141
0.677552 140
0.677404 140
0.677404 139
0.677404 138
0.677258 138
0.677258 137
0.677109 137
0.677109 136
0.677109 135
0.676994 135
0.676994 134
0.676838 134
0.676838 133
0.67668 133
0.67668 132
0.67668 131
0.676558 131
0.676397 131
0.676246 131
0.676246 130
0.676246 129
0.676087 129
0.676087 128
0.676087 127
0.676087 126
0.675947 126
0.675947 125
0.675947 124
0.675947 123
0.675791 123
0.675791 122
0.675791 121
0.675653 121
0.675653 120
0.675653 119
0.675477 119
0.675477 118
0.675477 117
0.675325 117
0.675325 116
0.675182 116
0.675019 116
0.675019 115
0.675019 114
0.675019 113
0.674913 113
0.674788 113
0.674788 112
0.674788 111
0.67463 111
0.67463 110
0.67463 109
0.67451 109
0.674342 109
0.674342 108
0.674175 108
0.674071 108
0.674068 107
0.674068 106
0.673944 106
0.673944 105
0.6738 105
0.673673 105
0.673522 105
0.673393 105
0.673393 104
0.673223 104
0.673105 104
0.673105 103
0.672954 103
0.672814 103
0.672756 102
0.672756 101
0.672756 100
0.672756 99
0.672602 99
0.672602 98
0.672475 98
0.672334 98
0.672334 97
0.672334 96
0.672213 96
0.672213 95
0.672213 94
0.672085 94
0.672085 93
0.671967 93
0.671815 93
0.671664 93
0.671547 93
0.671374 93
0.671374 92
0.671236 92
0.671082 92
0.671082 91
0.670848 91
0.670848 90
0.670848 89
0.670691 89
0.670691 88
0.670691 87
0.670559 87
0.670402 87
0.670402 86
0.670229 86
0.670097 86
0.670097 85
0.669986 85
0.669834 85
0.669834 84
0.669834 83
0.669834 82
0.669698 82
0.669698 81
0.669698 80
0.669698 79
0.669698 78
0.669698 77
0.669698 76
0.669521 76
0.669408 76
0.669306 76
0.669151 76
0.669151 75
0.669052 75
0.669052 74
0.668906 74
0.668858 73
0.668685 73
0.668685 72
0.668568 72
0.668568 71
0.668463 71
0.668463 70
0.668463 69
0.668323 69
0.668202 69
0.668202 68
0.668114 67
0.667968 67
0.667819 67
0.667675 67
0.667675 66
0.667519 66
0.667455 65
0.667357 65
0.667357 64
0.667357 63
0.667187 63
0.667043 63
0.666894 63
0.666894 62
0.666756 62
0.666599 62
0.666599 61
0.666489 61
0.666341 61
0.666223 61
0.666102 61
0.666102 60
0.665948 60
0.665948 59
0.665948 58
0.665871 57
0.665694 57
0.665641 56
0.665641 55
0.665483 55
0.665483 54
0.665483 53
0.665483 52
0.665483 51
0.66532 51
0.665225 50
0.665064 50
0.664927 50
0.664786 50
0.664669 50
0.664505 50
0.664357 50
0.664258 50
0.664113 50
0.663984 50
0.663858 50
0.663703 50
0.663532 50
0.663376 50
0.663214 50
0.663068 50
0.662929 50
0.662827 50
0.662664 50
0.662664 49
0.662538 49
0.662373 49
0.662224 49
0.662058 49
0.661891 49
0.661891 48
0.661739 48
0.661621 48
0.661621 47
0.661621 46
0.661621 45
0.66149 45
0.661381 45
0.661264 45
0.661127 45
0.661006 45
0.660853 45
0.660687 45
0.660563 45
0.660387 45
0.660256 45
0.660141 45
0.660141 44
0.660018 44
0.659872 44
0.659872 43
0.659741 43
0.659741 42
0.659589 42
0.659473 42
0.659313 42
0.659161 42
0.659024 42
0.658905 42
0.658743 42
0.658584 42
0.658446 42
0.658327 42
0.658188 42
0.658017 42
0.657846 42
0.65769 42
0.657522 42
0.65742 42
0.65728 42
0.657128 42
0.656987 42
0.65684 42
0.65684 41
0.656702 41
0.656702 40
0.656534 40
0.656534 39
0.656407 39
0.656238 39
0.656068 39
0.655942 39
0.655795 39
0.65568 39
0.655523 39
0.655364 39
0.655249 39
0.655102 39
0.654936 39
0.654772 39
0.65466 39
0.654538 39
0.654408 39
0.654249 39
0.654099 39
0.653969 39
0.653813 39
0.653684 39
0.653535 39
0.653407 39
0.653233 39
0.653099 39
0.65297 39
0.652819 39
0.652819 38
0.652668 38
0.652514 38
0.652339 38
0.652183 38
0.652022 38
0.651849 38
0.651704 38
0.651558 38
0.6514 38
0.651262 38
0.651135 38
0.650989 38
0.65083 38
0.650711 38
0.650554 38
0.650426 38
0.650291 38
0.650177 38
0.650058 38
0.64988 38
0.649775 38
0.649637 38
0.649637 37
0.649637 36
0.649507 36
0.649392 36
0.649259 36
0.64911 36
0.649014 35
0.648882 35
0.648882 34
0.648782 34
0.648643 34
0.64848 34
0.648345 34
0.648212 34
0.648212 33
0.648055 33
0.647933 33
0.647815 33
0.647636 33
0.647511 33
0.647511 32
0.647351 32
0.64728 31
0.647153 31
0.647017 31
0.646859 31
0.64669 31
0.646564 31
0.646401 31
0.646235 31
0.646078 31
0.645937 31
0.645818 31
0.645674 31
0.645514 31
0.645514 30
0.645373 30
0.64523 30
0.645083 30
0.644917 30
0.6448 30
0.644663 30
0.644518 30
0.644518 29
0.644362 29
0.644247 29
0.64413 29
0.644011 29
0.643859 29
0.643694 29
0.643551 29
0.64343 29
0.643369 28
0.64319 28
0.643054 28
0.642913 28
0.642746 28
0.642573 28
0.642431 28
0.642282 28
0.642122 28
0.642122 27
0.641984 27
0.641815 27
0.641654 27
0.641497 27
0.641332 27
0.641205 27
0.641082 27
0.640926 27
0.640763 27
0.64061 27
0.6405 27
0.640335 27
0.640335 26
0.640188 26
0.64003 26
0.639886 26
0.639736 26
0.639594 26
0.639442 26
0.639311 26
0.639186 26
0.639013 26
0.638901 26
0.638747 26
0.638747 25
0.638581 25
0.638431 25
0.638305 25
0.63818 25
0.638105 24
0.638002 24
0.637848 24
0.637688 24
0.637573 24
0.637412 24
0.637257 24
0.63711 24
0.637011 24
0.636854 24
0.636688 24
0.636532 24
0.636369 24
0.636369 23
0.636233 23
0.636107 23
0.635962 23
0.635813 23
0.635678 23
0.635522 23
0.635397 23
0.635262 23
0.635106 23
0.634957 23
0.634802 23
0.634638 23
0.634638 22
0.6345 22
0.634357 22
0.634236 22
0.634082 22
0.634082 21
0.633956 21
0.633839 21
0.63368 21
0.63353 21
0.63337 21
0.633227 21
0.633068 21
0.633068 20
0.632922 20
0.632775 20
0.632641 20
0.63247 20
0.632301 20
0.632131 20
0.631994 20
0.631831 20
0.631686 20
0.631511 20
0.631326 20
0.631172 20
0.631 20
0.630847 20
0.630668 20
0.630527 20
0.630392 20
0.63023 20
0.630074 20
0.629929 20
0.629781 20
0.629632 20
0.629476 20
0.629476 19
0.629301 19
0.62919 19
0.629023 19
0.628848 19
0.628694 19
0.628512 19
0.628351 19
0.628232 19
0.628092 19
0.62797 19
0.627812 19
0.62765 19
0.627553 19
0.627406 19
0.627267 19
0.627098 19
0.626955 19
0.626781 19
0.626665 19
0.626531 19
0.626399 19
0.62625 19
0.626092 19
0.625948 19
0.625829 19
0.625679 19
0.62552 19
0.625372 19
0.625219 19
0.62509 19
0.62494 19
0.624794 19
0.624666 19
0.624498 19
0.624332 19
0.624168 19
0.624021 19
0.623883 19
0.623743 19
0.623587 19
0.62342 19
0.623272 19
0.623121 19
0.622974 19
0.622821 19
0.622676 19
0.622544 19
0.622394 19
0.622259 19
0.622092 19
0.621957 19
0.6218 19
0.621655 19
0.62151 19
0.621351 19
0.621204 19
0.621041 19
0.620885 19
0.620782 19
0.620627 19
0.620525 19
0.620366 19
0.620291 18
0.620291 17
0.620154 17
0.62001 17
0.619864 17
0.619719 17
0.619588 17
0.619588 16
0.619415 16
0.619415 15
0.619268 15
0.619101 15
0.618942 15
0.618787 15
0.618642 15
0.618475 15
0.618294 15
0.618153 15
0.618024 15
0.617865 15
0.617716 15
0.617578 15
0.617414 15
0.61727 15
0.61727 14
0.617163 14
0.617033 14
0.616886 14
0.61673 14
0.616569 14
0.616391 14
0.616251 14
0.616105 14
0.615933 14
0.615785 14
0.615635 14
0.615471 14
0.615347 14
0.615183 14
0.615062 14
0.614893 14
0.614722 14
0.614549 14
0.614242 14
0.614111 14
0.613939 14
0.613798 14
0.613626 14
0.613475 14
0.613311 14
0.613173 14
0.613009 14
0.612855 14
0.612704 14
0.612565 14
0.61241 14
0.612258 14
0.612095 14
0.611933 14
0.611761 14
0.611588 14
0.611434 14
0.61127 14
0.611091 14
0.61095 14
0.610785 14
0.610635 14
0.610474 14
0.610474 13
0.610367 13
0.610214 13
0.610065 13
0.609911 13
0.609763 13
0.609595 13
0.609453 13
0.609339 13
0.609179 13
0.609022 13
0.608906 13
0.608761 13
0.608589 13
0.608589 12
0.608422 12
0.608254 12
0.608095 12
0.607963 12
0.607807 12
0.607646 12
0.607507 12
0.607364 12
0.60719 12
0.607051 12
0.606899 12
0.606762 12
0.606589 12
0.60641 12
0.60641 11
0.606227 11
0.606053 11
0.605889 11
0.605747 11
0.605586 11
0.605403 11
0.605244 11
0.605079 11
0.604954 11
0.604795 11
0.604627 11
0.604473 11
0.604334 11
0.604164 11
0.604008 11
0.603869 11
0.603719 11
0.603591 11
0.603434 11
0.603301 11
0.603151 11
0.602995 11
0.602825 11
0.602672 11
0.602542 11
0.602367 11
0.60221 11
0.602061 11
0.601921 11
0.601771 11
0.601464 11
0.601282 11
0.601135 11
0.600999 11
0.600849 11
0.6007 11
0.600544 11
0.600366 11
0.600225 11
0.600069 11
0.599903 11
0.59976 11
0.599619 11
0.599488 11
0.59933 11
0.599189 11
0.599034 11
0.598885 11
0.598756 11
0.598604 11
0.598423 11
0.598291 11
0.598164 11
0.598016 11
0.59787 11
0.59772 11
0.597552 11
0.5974 11
0.597247 11
0.597073 11
0.596906 11
0.59675 11
0.596592 11
0.596443 11
0.596289 11
0.596106 11
0.59594 11
0.595805 11
0.59566 11
0.595508 11
0.595329 11
0.595181 11
0.595027 11
0.59487 11
0.594705 11
0.594551 11
0.594396 11
0.594221 11
0.594081 11
0.593912 11
0.593764 11
0.593608 11
0.593455 11
0.593295 11
0.593143 11
0.593028 11
0.592854 11
0.592688 11
0.592518 11
0.592369 11
0.592224 11
0.592072 11
0.591918 11
0.591754 11
0.591602 11
0.591435 11
0.591314 11
0.591163 11
0.590995 11
0.590857 11
0.590728 11
0.590569 11
0.590429 11
0.590263 11
0.590116 11
0.589983 11
0.589838 11
0.589677 11
0.589544 11
0.589369 11
0.589365 10
0.58921 10
0.589072 10
0.588911 10
0.58877 10
0.5886 10
0.58846 10
0.588292 10
0.588112 10
0.587985 10
0.587819 10
0.587686 10
0.587522 10
0.587347 10
0.58718 10
0.587019 10
0.586899 10
0.586765 10
0.586589 10
0.586425 10
0.586289 10
0.586151 10
0.585993 10
0.585829 10
0.585677 10
0.585563 10
0.585432 10
0.585272 10
0.585117 10
0.584939 10
0.584782 10
0.584628 10
0.584488 10
0.584324 10
0.584189 10
0.584018 10
0.584018 9
0.583852 9
0.583703 9
0.583534 9
0.583375 9
0.583204 9
0.583037 9
0.582897 9
0.582731 9
0.582573 9
0.582404 9
0.582272 9
0.582122 9
0.581958 9
0.581803 9
0.581658 9
0.581522 9
0.581383 9
0.58122 9
0.58105 9
0.58089 9
0.580743 9
0.580605 9
0.580457 9
0.580313 9
0.580151 9
0.580009 9
0.579853 9
0.579703 9
0.579532 9
0.579391 9
0.57924 9
0.579078 9
0.578919 9
0.578782 9
0.578625 9
0.57847 9
0.578327 9
0.578198 9
0.578054 9
0.577887 9
0.577722 9
0.577561 9
0.577427 9
0.577091 9
0.576918 9
0.57677 9
0.576621 9
0.576474 9
0.576316 9
0.576168 9
0.576014 9
0.575881 9
0.57571 9
0.575597 9
0.575443 9
0.575289 9
0.575165 9
0.575005 9
0.574903 9
0.574743 9
0.574583 9
0.574458 9
0.574333 9
0.574157 9
0.574007 9
0.573846 9
0.573704 9
0.573527 9
0.57336 9
0.573208 9
0.57304 9
0.572887 9
0.572723 9
0.572578 9
0.572443 9
0.572277 9
0.572182 8
0.572033 8
0.571918 8
0.571826 7
0.571663 7
0.571493 7
0.571319 7
0.571153 7
0.570991 7
0.570835 7
0.570676 7
0.570501 7
0.570339 7
0.570184 7
0.570029 7
0.569929 7
0.569782 7
0.569633 7
0.569492 7
0.569328 7
0.569193 7
0.56905 7
0.568919 7
0.568775 7
0.568618 7
0.568472 7
0.568349 7
0.568218 7
0.568094 7
0.567937 7
0.567776 7
0.567625 7
0.567465 7
0.5673 7
0.567143 7
0.566974 7
0.566816 7
0.566661 7
0.566514 7
0.566351 7
0.566206 7
0.566054 7
0.565905 7
0.56576 7
0.56562 7
0.565451 7
0.56528 7
0.56528 6
0.565122 6
0.564966 6
0.564842 6
0.564686 6
0.564543 6
0.564372 6
0.564219 6
0.564068 6
0.563908 6
0.563746 6
0.563565 6
0.563408 6
0.563256 6
0.563103 6
0.562942 6
0.562802 6
0.562641 6
0.562471 6
0.562319 6
0.562168 6
0.562049 6
0.561884 6
0.561722 6
0.561559 6
0.561423 6
0.561289 6
0.56112 6
0.56112 5
0.560957 5
0.560796 5
0.560606 5
0.56045 5
0.560277 5
0.560149 5
0.559996 5
0.559849 5
0.559683 5
0.559528 5
0.559349 5
0.559191 5
0.559033 5
0.558867 5
0.558707 5
0.55854 5
0.55838 5
0.558219 5
0.558047 5
0.557881 5
0.557719 5
0.557574 5
0.557404 5
0.557268 5
0.557103 5
0.556936 5
0.556775 5
0.556612 5
0.556477 5
0.556324 5
0.556192 5
0.556021 5
0.556021 4
0.555905 4
0.555773 4
0.555612 4
0.555481 4
0.555325 4
0.555173 4
0.555051 4
0.554886 4
0.554738 4
0.554572 4
0.55444 4
0.554295 4
0.554146 4
0.553981 4
0.553843 4
0.553692 4
0.553534 4
0.553198 4
0.553047 4
0.552894 4
0.552731 4
0.55257 4
0.552417 4
0.552267 4
0.5521 4
0.551932 4
0.551774 4
0.551615 4
0.551476 4
0.55133 4
0.551166 4
0.55103 4
0.550874 4
0.55073 4
0.55058 4
0.550427 4
0.550288 4
0.550148 4
0.54999 4
0.549834 4
0.549678 4
0.549504 4
0.54938 4
0.549226 4
0.54908 4
0.548913 4
0.548767 4
0.548626 4
0.548478 4
0.548316 4
0.548153 4
0.547991 4
0.547826 4
0.547665 4
0.547535 4
0.547382 4
0.54725 4
0.547089 4
0.546952 4
0.546794 4
0.546639 4
0.546464 4
0.546304 4
0.546145 4
0.545985 4
0.54582 4
0.545647 4
0.545489 4
0.545344 4
0.545194 4
0.545026 4
0.544852 4
0.54473 4
0.544579 4
0.544417 4
0.544243 4
0.544075 4
0.543909 4
0.543746 4
0.543572 4
0.543402 4
0.543236 4
0.543084 4
0.542926 4
0.542767 4
0.542617 4
0.542468 4
0.54231 4
0.542151 4
0.542006 4
0.541859 4
0.541723 4
0.54155 4
0.541392 4
0.541236 4
0.541098 4
0.540946 4
0.540781 4
0.540625 4
0.540461 4
0.540304 4
0.540125 4
0.539797 4
0.539675 4
0.539528 4
0.539375 4
0.539243 4
0.539089 4
0.53893 4
0.538811 4
0.538634 4
0.538457 4
0.538312 4
0.538154 4
0.537998 4
0.53784 4
0.53771 4
0.537558 4
0.537416 4
0.537279 4
0.537131 4
0.536986 4
0.536844 4
0.536696 4
0.536563 4
0.536432 4
0.536254 4
0.536088 4
0.535949 4
0.535817 4
0.535672 4
0.535545 4
0.535372 4
0.535228 4
0.535082 4
0.534933 4
0.53481 4
0.534675 4
0.534547 4
0.534397 4
0.534252 4
0.534097 4
0.533951 4
0.533805 4
0.533647 4
0.53348 4
0.533319 4
0.533157 4
0.532996 4
0.532825 4
0.532675 4
0.532515 4
0.532368 4
0.532247 4
0.532077 4
0.531937 4
0.531764 4
0.531625 4
0.531458 4
0.531296 4
0.531127 4
0.530965 4
0.530789 4
0.530641 4
0.530489 4
0.530361 4
0.530199 4
0.530024 4
0.529874 4
0.529693 4
0.529541 4
0.529394 4
0.529221 4
0.529106 4
0.528943 4
0.528789 4
0.528647 4
0.52849 4
0.528339 4
0.528207 4
0.528048 4
0.527888 4
0.527751 4
0.527594 4
0.527453 4
0.527284 4
0.527116 4
0.526939 4
0.526815 4
0.526652 4
0.526494 4
0.526344 4
0.526191 4
0.526036 4
0.525886 4
0.525736 4
0.525566 4
0.525396 4
0.525238 4
0.525112 4
0.524965 4
0.524809 4
0.524659 4
0.52453 4
0.524362 4
0.524222 4
0.524078 4
0.52391 4
0.523772 4
0.523617 4
0.523461 4
0.523313 4
0.523145 4
0.522967 4
0.522806 4
0.522657 4
0.5225 4
0.522324 4
0.522159 4
0.522001 4
0.521851 4
0.521688 4
0.521526 4
0.521384 4
0.521223 4
0.521078 4
0.520939 4
0.520628 4
0.520459 4
0.520304 4
0.520142 4
0.519983 4
0.51984 4
0.519674 4
0.519504 4
0.519363 4
0.51924 4
0.519079 4
0.518933 4
0.51876 4
0.518612 4
0.518447 4
0.518291 4
0.518141 4
0.517993 4
0.517833 4
0.51768 4
0.517518 4
0.517365 4
0.517202 4
0.51707 4
0.51707 3
0.516942 3
0.516819 3
0.516642 3
0.516478 3
0.516326 3
0.516158 3
0.516036 3
0.515877 3
0.515746 3
0.515574 3
0.5154 3
0.51528 3
0.51511 3
0.514944 3
0.514767 3
0.514606 3
0.514446 3
0.514304 3
0.514147 3
0.513997 3
0.513834 3
0.513681 3
0.513527 3
0.513375 3
0.513234 3
0.513069 3
0.512919 3
0.512742 3
0.512591 3
0.512425 3
0.512268 3
0.512125 3
0.511961 3
0.511825 3
0.511655 3
0.511513 3
0.511358 3
0.511223 3
0.51106 3
0.510909 3
0.510744 3
0.51058 3
0.510423 3
0.510262 3
0.510103 3
0.509936 3
0.509788 3
0.509646 3
0.50949 3
0.50933 3
0.509185 3
0.509023 3
0.508865 3
0.508708 3
0.508536 3
0.508389 3
0.508224 3
0.508075 3
0.507921 3
0.507758 3
0.507597 3
0.507442 3
0.507289 3
0.507122 3
0.50696 3
0.506835 3
0.506683 3
0.506508 3
0.506356 3
0.50621 3
0.506059 3
0.505885 3
0.505735 3
0.505558 3
0.505402 3
0.50525 3
0.505098 3
0.504924 3
0.504777 3
0.504637 3
0.504456 3
0.504304 3
0.504153 3
0.504014 3
0.503847 3
0.50372 3
0.503581 3
0.503581 2
0.503409 2
0.503236 2
0.503059 2
0.502897 2
0.502756 2
0.50259 2
0.502428 2
0.502266 2
0.502104 2
0.501966 2
0.501846 2
0.501695 2
0.50155 2
0.501401 2
0.501256 2
0.501099 2
0.500953 2
0.500791 2
0.500645 2
0.500492 2
0.500346 2
0.500186 2
0.500045 2
0.499909 2
0.499738 2
0.499559 2
0.4994 2
0.499252 2
0.499128 2
0.498987 2
0.498807 2
0.49867 2
0.498505 2
0.498348 2
0.498206 2
0.498045 2
0.497868 2
0.497703 2
0.497543 2
0.497383 2
0.497213 2
0.497042 2
0.496904 2
0.496742 2
0.496594 2
0.496425 2
0.496266 2
0.496098 2
0.49594 2
0.495788 2
0.495624 2
0.495479 2
0.495326 2
0.495155 2
0.495006 2
0.494865 2
0.494744 2
0.494585 2
0.494431 2
0.494254 2
0.494105 2
0.494 2
0.49385 2
0.493697 2
0.493533 2
0.493378 2
0.493214 2
0.493072 2
0.492898 2
0.49273 2
0.492597 2
0.49242 2
0.492283 2
0.492113 2
0.491975 2
0.491828 2
0.491682 2
0.491548 2
0.491416 2
0.49126 2
0.491099 2
0.490949 2
0.49079 2
0.490631 2
0.4905 2
0.490355 2
0.4902 2
0.489867 2
0.489729 2
0.489572 2
0.489417 2
0.489237 2
0.489074 2
0.488912 2
0.488762 2
0.488603 2
0.488466 2
0.488297 2
0.488144 2
0.487967 2
0.48781 2
0.487631 2
0.48747 2
0.487323 2
0.487164 2
0.487 2
0.486839 2
0.486671 2
0.486498 2
0.486353 2
0.486198 2
0.486039 2
0.485878 2
0.48571 2
0.485587 2
0.485422 2
0.485254 2
0.485125 2
0.48496 2
0.484787 2
0.484635 2
0.484473 2
0.484314 2
0.484167 2
0.484004 2
0.483848 2
0.483691 2
0.483556 2
0.483394 2
0.483233 2
0.48307 2
0.482918 2
0.482772 2
0.482623 2
0.482483 2
0.482332 2
0.482177 2
0.482043 2
0.481767 2
0.481625 2
0.481476 2
0.481307 2
0.480966 2
0.480813 2
0.480678 2
0.480516 2
0.480337 2
0.48017 2
0.480015 2
0.479846 2
0.479678 2
0.479511 2
0.479365 2
0.479214 2
0.47908 2
0.478929 2
0.478929 1
0.478775 1
0.478616 1
0.47849 1
0.478329 1
0.478161 1
0.478021 1
0.477863 1
0.477696 1
0.477523 1
0.477352 1
0.47718 1
0.477028 1
0.476888 1
0.476709 1
0.476565 1
0.476397 1
0.476238 1
0.476063 1
0.475898 1
0.47574 1
0.475576 1
0.475415 1
0.475263 1
0.475092 1
0.474937 1
0.474808 1
0.474649 1
0.474491 1
0.474337 1
0.474183 1
0.474028 1
0.47386 1
0.473742 1
0.473596 1
0.473434 1
0.473284 1
0.473133 1
0.472976 1
0.472842 1
0.472685 1
0.472517 1
0.472383 1
0.472217 1
0.472044 1
0.471882 1
0.471712 1
0.47157 1
0.471416 1
0.471248 1
0.471091 1
0.470953 1
0.470807 1
0.470657 1
0.470508 1
0.470362 1
0.470253 1
0.470105 1
0.469943 1
0.469784 1
0.469644 1
0.469487 1
0.469327 1
0.469152 1
0.468999 1
0.468865 1
0.468726 1
0.468562 1
0.468389 1
0.468243 1
0.468073 1
0.467903 1
0.467757 1
0.467605 1
0.467455 1
0.46731 1
0.467144 1
0.466974 1
0.466802 1
0.46664 1
0.466488 1
0.46632 1
0.466155 1
0.465993 1
0.465822 1
0.465685 1
0.465562 1
0.465398 1
0.465248 1
0.465088 1
0.464944 1
0.464815 1
0.464637 1
0.46446 1
0.464295 1
0.464139 1
0.464003 1
0.463862 1
0.463691 1
0.463561 1
0.46341 1
0.463256 1
0.4631 1
0.462956 1
0.462779 1
0.46249 1
0.462323 1
0.462163 1
0.461995 1
0.461857 1
0.461707 1
0.461532 1
0.461391 1
0.46124 1
0.461066 1
0.460897 1
0.460748 1
0.460579 1
0.460439 1
0.460286 1
0.46013 1
0.459953 1
0.459806 1
0.459655 1
0.459502 1
0.459363 1
0.459212 1
0.459069 1
0.458947 1
0.458793 1
0.458622 1
0.458456 1
0.458323 1
0.45818 1
0.458018 1
0.457843 1
0.457689 1
0.457536 1
0.457372 1
0.457228 1
0.45705 1
0.45689 1
0.45674 1
0.456575 1
0.456421 1
0.456232 1
0.456065 1
0.455907 1
0.455754 1
0.455592 1
0.455426 1
0.455284 1
0.455149 1
0.455009 1
0.454855 1
0.454692 1
0.454519 1
0.454367 1
0.454227 1
0.454086 1
0.453919 1
0.453761 1
0.453608 1
0.453441 1
0.453305 1
0.453148 1
0.452983 1
0.45281 1
0.452661 1
0.452512 1
0.452339 1
0.452168 1
0.451993 1
0.451824 1
0.451655 1
0.451496 1
0.451339 1
0.451204 1
0.45102 1
0.450901 1
0.450746 1
0.450598 1
0.450427 1
0.450261 1
0.450122 1
0.449962 1
0.449803 1
0.449653 1
0.44948 1
0.449353 1
0.449196 1
0.449037 1
0.448887 1
0.448725 1
0.448569 1
0.448393 1
0.448251 1
0.448095 1
0.447766 1
0.447624 1
0.447472 1
0.447341 1
0.447182 1
0.447048 1
0.446896 1
0.446727 1
0.446583 1
0.446436 1
0.446304 1
0.44617 1
0.446004 1
0.445836 1
0.445681 1
0.445528 1
0.445365 1
0.445217 1
0.44505 1
0.444904 1
0.444735 1
0.444563 1
0.4444 1
0.444253 1
0.444115 1
0.443941 1
0.443806 1
0.443656 1
0.443504 1
0.443347 1
0.443211 1
0.443053 1
0.442891 1
0.442726 1
0.442546 1
0.442414 1
0.442297 1
0.442163 1
0.442001 1
0.441853 1
0.441701 1
0.441561 1
0.441398 1
0.441239 1
0.441066 1
0.440923 1
0.440787 1
0.440634 1
0.440486 1
0.440316 1
0.44017 1
0.440025 1
0.439879 1
0.439739 1
0.439575 1
0.439404 1
0.439245 1
0.439085 1
0.438923 1
0.438773 1
0.438602 1
0.438434 1
0.438268 1
0.438102 1
0.437931 1
0.437787 1
0.437631 1
0.437505 1
0.437354 1
0.437196 1
0.437026 1
0.436854 1
0.436709 1
0.436545 1
0.436403 1
0.436219 1
0.436063 1
0.435931 1
0.435775 1
0.435614 1
0.435453 1
0.435289 1
0.435126 1
0.434956 1
0.434797 1
0.434661 1
0.434506 1
0.434349 1
0.43419 1
0.434042 1
0.433872 1
0.433726 1
0.433588 1
0.433248 1
0.433091 1
0.432923 1
0.432751 1
0.432596 1
0.432425 1
0.432267 1
0.432104 1
0.431944 1
0.431792 1
0.431631 1
0.431491 1
0.431332 1
0.431169 1
0.431009 1
0.43085 1
0.430708 1
0.430554 1
0.430388 1
0.430254 1
0.43012 1
0.429956 1
0.429804 1
0.429689 1
0.429546 1
0.429387 1
0.429218 1
0.429066 1
0.428932 1
0.428776 1
0.428603 1
0.428445 1
0.428277 1
0.428122 1
0.427987 1
0.427842 1
0.427688 1
0.427509 1
0.427333 1
0.427177 1
0.427025 1
0.42687 1
0.426721 1
0.426579 1
0.426435 1
0.426282 1
0.426102 1
0.42596 1
0.42583 1
0.42567 1
0.425512 1
0.425351 1
0.425234 1
0.425089 1
0.424955 1
0.42479 1
0.424626 1
0.424464 1
0.424324 1
0.424159 1
0.423987 1
0.423822 1
0.423672 1
0.423531 1
0.423367 1
0.423208 1
0.423055 1
0.422894 1
0.422719 1
0.422564 1
0.422394 1
0.422218 1
0.422063 1
0.421898 1
0.421737 1
0.421622 1
0.421446 1
0.421274 1
0.421112 1
0.42095 1
0.420817 1
0.42066 1
0.420545 1
0.420393 1
0.420247 1
0.420082 1
0.419909 1
0.419757 1
0.41961 1
0.419439 1
0.419293 1
0.419158 1
0.419014 1
0.418853 1
0.418697 1
0.418537 1
0.418391 1
0.418227 1
0.418071 1
0.417917 1
0.417754 1
0.417612 1
0.417482 1
0.417325 1
0.417167 1
0.416988 1
0.416818 1
0.416648 1
0.416504 1
0.416356 1
0.416211 1
0.416033 1
0.415874 1
0.415725 1
0.415577 1
0.415442 1
0.415271 1
0.415086 1
0.41495 1
0.414801 1
0.414631 1
0.414469 1
0.414303 1
0.41415 1
0.413968 1
0.413787 1
0.413612 1
0.413487 1
0.413313 1
0.41317 1
0.41302 1
0.412876 1
0.412741 1
0.4126 1
0.412454 1
0.412283 1
0.412133 1
0.411972 1
0.411836 1
0.411687 1
0.41152 1
0.411354 1
0.411184 1
0.411049 1
0.41088 1
0.410718 1
0.41056 1
0.410407 1
0.41024 1
0.410073 1
0.409927 1
0.409788 1
0.409644 1
0.409492 1
0.409325 1
0.409176 1
0.409021 1
0.408864 1
0.408701 1
0.408543 1
0.408366 1
0.408203 1
0.408067 1
0.407914 1
0.407747 1
0.407591 1
0.407423 1
0.407279 1
0.407102 1
0.406924 1
0.406787 1
0.406642 1
0.406502 1
0.406346 1
0.406186 1
0.406031 1
0.405856 1
0.405703 1
0.405562 1
0.405404 1
0.405272 1
0.405104 1
0.404938 1
0.404787 1
0.40464 1
0.404472 1
0.404313 1
0.404128 1
0.403952 1
0.403764 1
0.403601 1
0.403435 1
0.403263 1
0.403091 1
0.40295 1
0.402792 1
0.402631 1
0.402449 1
0.402296 1
0.402127 1
0.40197 1
0.401835 1
0.401693 1
0.401564 1
0.401411 1
0.401267 1
0.401109 1
0.400958 1
0.400805 1
0.400687 1
0.400532 1
0.400367 1
0.40018 1
0.40001 1
0.399854 1
0.399693 1
0.399523 1
0.399376 1
0.399219 1
0.399073 1
0.398921 1
0.398755 1
0.398607 1
0.398465 1
0.3983 1
0.398142 1
0.397998 1
0.397841 1
0.397702 1
0.397538 1
0.397379 1
0.397207 1
0.397063 1
0.396893 1
0.396715 1
0.396564 1
0.396392 1
0.396244 1
0.396093 1
0.395949 1
0.395813 1
0.395649 1
0.395473 1
0.39533 1
0.395192 1
0.394915 1
0.39477 1
0.394604 1
0.394445 1
0.394283 1
0.394134 1
0.393961 1
0.393796 1
0.393629 1
0.393486 1
0.393345 1
0.393183 1
0.393009 1
0.392863 1
0.392701 1
0.392544 1
0.3924 1
0.392258 1
0.392107 1
0.391965 1
0.391798 1
0.391624 1
0.391471 1
0.391293 1
0.391122 1
0.390989 1
0.390833 1
0.390677 1
0.390554 1
0.390411 1
0.390253 1
0.390091 1
0.389952 1
0.389798 1
0.389639 1
0.389493 1
0.38934 1
0.389193 1
0.388881 1
0.388729 1
0.388455 1
0.388286 1
0.388146 1
0.388009 1
0.387845 1
0.387702 1
0.387542 1
0.38738 1
0.387207 1
0.387058 1
0.3869 1
0.38673 1
0.386562 1
0.386403 1
0.386237 1
0.386067 1
0.385926 1
0.385767 1
0.385617 1
0.385454 1
0.385288 1
0.385164 1
0.385021 1
0.384856 1
0.384698 1
0.384544 1
0.384392 1
0.384247 1
0.384078 1
0.383931 1
0.383775 1
0.383621 1
0.383483 1
0.383311 1
0.383147 1
0.382993 1
0.382827 1
0.382659 1
0.382494 1
0.382378 1
0.382221 1
0.382101 1
0.381962 1
0.381793 1
0.381657 1
0.381484 1
0.38133 1
0.381162 1
0.381002 1
0.380849 1
0.380695 1
0.380558 1
0.380395 1
0.380251 1
0.380113 1
0.379965 1
0.379808 1
0.379653 1
0.379487 1
0.379347 1
0.37919 1
0.379027 1
0.378881 1
0.378729 1
0.378565 1
0.378404 1
0.378245 1
0.378101 1
0.377942 1
0.377768 1
0.377592 1
0.377454 1
0.37729 1
0.377142 1
0.377012 1
0.376861 1
0.376704 1
0.376549 1
0.376381 1
0.376215 1
0.376072 1
0.375921 1
0.375761 1
0.375621 1
0.375477 1
0.375338 1
0.375178 1
0.375016 1
0.374855 1
0.374708 1
0.374544 1
0.374368 1
0.374205 1
0.374072 1
0.373899 1
0.373723 1
0.373553 1
0.373397 1
0.373229 1
0.373065 1
0.372904 1
0.372748 1
0.37259 1
0.372416 1
0.37227 1
0.372113 1
0.371969 1
0.371818 1
0.371657 1
0.371474 1
0.371317 1
0.371164 1
0.371015 1
0.370873 1
0.370701 1
0.370532 1
0.370364 1
0.370212 1
0.370064 1
0.369885 1
0.369735 1
0.369574 1
0.36942 1
0.369279 1
0.369105 1
0.368971 1
0.368801 1
0.368656 1
0.368503 1
0.368353 1
0.368046 1
0.367892 1
0.367746 1
0.36759 1
0.367429 1
0.367289 1
0.367137 1
0.366829 1
0.366672 1
0.366505 1
0.366341 1
0.366173 1
0.366012 1
0.365855 1
0.36569 1
0.36554 1
0.36538 1
0.36522 1
0.365048 1
0.364901 1
0.364763 1
0.364624 1
0.364476 1
0.364322 1
0.364159 1
0.364 1
0.363857 1
0.363703 1
0.363541 1
0.363371 1
0.36322 1
0.363058 1
0.362894 1
0.36276 1
0.362597 1
0.36245 1
0.362298 1
0.362138 1
0.361986 1
0.361824 1
0.361661 1
0.361514 1
0.361358 1
0.361204 1
0.361051 1
0.360887 1
0.360712 1
0.360541 1
0.360415 1
0.360257 1
0.360105 1
0.359949 1
0.359785 1
0.359639 1
0.35947 1
0.359316 1
0.359135 1
0.358962 1
0.358822 1
0.358657 1
0.3585 1
0.358341 1
0.358183 1
0.358021 1
0.357851 1
0.357694 1
0.357522 1
0.357359 1
0.35704 1
0.356893 1
0.356723 1
0.356567 1
0.356422 1
0.356263 1
0.356103 1
0.355945 1
0.355784 1
0.355629 1
0.355479 1
0.355314 1
0.355173 1
0.355031 1
0.354904 1
0.354731 1
0.354556 1
0.354408 1
0.354231 1
0.354104 1
0.353925 1
0.353796 1
0.353648 1
0.353481 1
0.353328 1
0.353202 1
0.353034 1
0.352887 1
0.352732 1
0.352602 1
0.352457 1
0.352296 1
0.352126 1
0.351982 1
0.351846 1
0.351695 1
0.351515 1
0.351202 1
0.351059 1
0.350902 1
0.350751 1
0.350589 1
0.350439 1
0.350291 1
0.350145 1
0.349994 1
0.349845 1
0.349714 1
0.349581 1
0.34943 1
0.349264 1
0.349098 1
0.348947 1
0.348796 1
0.348641 1
0.348476 1
0.348302 1
0.348148 1
0.348022 1
0.34786 1
0.347694 1
0.34753 1
0.347371 1
0.347189 1
0.347017 1
0.346856 1
0.346694 1
0.346529 1
0.346369 1
0.346196 1
0.34603 1
0.345863 1
0.345716 1
0.345564 1
0.345411 1
0.34526 1
0.345101 1
0.344942 1
0.344815 1
0.34464 1
0.344472 1
0.344329 1
0.34417 1
0.344005 1
0.343854 1
0.343691 1
0.343535 1
0.343359 1
0.343201 1
0.343067 1
0.342903 1
0.342741 1
0.342623 1
0.342475 1
0.342329 1
0.342173 1
0.342017 1
0.341844 1
0.341679 1
0.341512 1
0.341339 1
0.341185 1
0.341023 1
0.340857 1
0.340722 1
0.340551 1
0.340423 1
0.340274 1
0.340095 1
0.339928 1
0.33978 1
0.339625 1
0.339455 1
0.339158 1
0.338989 1
0.338808 1
0.338666 1
0.338506 1
0.338364 1
0.33822 1
0.33807 1
0.337894 1
0.337738 1
0.337579 1
0.337418 1
0.337269 1
0.337108 1
0.336961 1
0.336795 1
0.336646 1
0.336489 1
0.33636 1
0.336188 1
0.336033 1
0.335863 1
0.335702 1
0.335546 1
0.335392 1
0.335256 1
0.335086 1
0.33492 1
0.334761 1
0.334588 1
0.334417 1
0.334254 1
0.334107 1
0.333958 1
0.333801 1
0.333655 1
0.333493 1
0.333344 1
0.333178 1
0.333033 1
0.33287 1
0.33269 1
0.33253 1
0.332374 1
0.332213 1
0.332072 1
0.33192 1
0.331753 1
0.331595 1
0.331439 1
0.331315 1
0.331171 1
0.331007 1
0.330845 1
0.330682 1
0.330547 1
0.330384 1
0.33022 1
0.330069 1
0.329916 1
0.329761 1
0.329601 1
0.329441 1
0.329281 1
0.32912 1
0.328963 1
0.328805 1
0.328652 1
0.328476 1
0.328322 1
0.328163 1
0.328006 1
0.327834 1
0.327673 1
0.327499 1
0.327331 1
0.327168 1
0.326995 1
0.326832 1
0.326524 1
0.326359 1
0.326218 1
0.326068 1
0.325906 1
0.325749 1
0.325598 1
0.325436 1
0.325284 1
0.325161 1
0.325028 1
0.324872 1
0.324713 1
0.324533 1
0.324379 1
0.324211 1
0.324091 1
0.323927 1
0.323766 1
0.32359 1
0.323449 1
0.323299 1
0.323159 1
0.322997 1
0.322831 1
0.322669 1
0.322527 1
0.322367 1
0.322223 1
0.322059 1
0.321895 1
0.321751 1
0.3216 1
0.321467 1
0.321303 1
0.321148 1
0.320984 1
0.320817 1
0.320668 1
0.3205 1
0.320344 1
0.320173 1
0.32003 1
0.319858 1
0.319688 1
0.319535 1
0.319384 1
0.319244 1
0.319076 1
0.318943 1
0.318781 1
0.318621 1
0.318468 1
0.318314 1
0.318137 1
0.317994 1
0.317829 1
0.317649 1
0.317478 1
0.317304 1
0.31716 1
0.316985 1
0.316807 1
0.316642 1
0.316504 1
0.316325 1
0.31619 1
0.316045 1
0.315905 1
0.315754 1
0.315612 1
0.315464 1
0.315297 1
0.314995 1
0.314829 1
0.314689 1
0.314551 1
0.314393 1
0.314235 1
0.314059 1
0.313905 1
0.313774 1
0.313609 1
0.313475 1
0.313303 1
0.313142 1
0.312974 1
0.312825 1
0.312667 1
0.312517 1
0.312359 1
0.312213 1
0.312039 1
0.311875 1
0.311709 1
0.311549 1
0.311422 1
0.311278 1
0.31112 1
0.310974 1
0.310817 1
0.31066 1
0.310492 1
0.310353 1
0.310195 1
0.310035 1
0.309864 1
0.309705 1
0.309551 1
0.309375 1
0.309227 1
0.309079 1
0.308903 1
0.308745 1
0.308566 1
0.308415 1
0.308257 1
0.308093 1
0.30794 1
0.307771 1
0.30762 1
0.307486 1
0.307341 1
0.307176 1
0.30704 1
0.306884 1
0.30673 1
0.306564 1
0.306402 1
0.306253 1
0.306093 1
0.305935 1
0.305785 1
0.305618 1
0.305468 1
0.305318 1
0.305148 1
0.304997 1
0.304873 1
0.304699 1
0.304571 1
0.304407 1
0.304231 1
0.304083 1
0.303934 1
0.303757 1
0.303604 1
0.303289 1
0.303137 1
0.302991 1
0.30284 1
0.302669 1
0.302512 1
0.302351 1
0.302174 1
0.302024 1
0.301883 1
0.301728 1
0.301581 1
0.301421 1
0.301264 1
0.301108 1
0.300943 1
0.300779 1
0.30063 1
0.300489 1
0.300322 1
0.300174 1
0.300033 1
0.299896 1
0.299754 1
0.299589 1
0.29943 1
0.299262 1
0.299131 1
0.298955 1
0.298798 1
0.298629 1
0.298463 1
0.298287 1
0.298118 1
0.297957 1
0.2978 1
0.297636 1
0.297464 1
0.297298 1
0.297136 1
0.296973 1
0.296836 1
0.296667 1
0.296508 1
0.296358 1
0.296212 1
0.29606 1
0.2959 1
0.295735 1
0.295579 1
0.29541 1
0.295253 1
0.295097 1
0.294937 1
0.294769 1
0.29462 1
0.294466 1
0.294291 1
0.29414 1
0.29397 1
0.293824 1
0.293669 1
0.293522 1
0.293356 1
0.293221 1
0.293053 1
0.29289 1
0.292743 1
0.292596 1
0.292433 1
0.292262 1
0.292081 1
0.291926 1
0.291752 1
0.291605 1
0.291448 1
0.291296 1
0.291127 1
0.290951 1
0.290794 1
0.290625 1
0.290483 1
0.290326 1
0.290173 1
0.290007 1
0.289854 1
0.289707 1
0.289558 1
0.289411 1
0.289264 1
0.289132 1
0.28898 1
0.288817 1
0.288674 1
0.288517 1
0.288343 1
0.288188 1
0.28804 1
0.287877 1
0.287701 1
0.28755 1
0.287389 1
0.287221 1
0.28706 1
0.28706 0
0.286883 0
0.286726 0
0.286566 0
0.286415 0
0.286246 0
0.286075 0
0.2859 0
0.285754 0
0.285595 0
0.285418 0
0.285256 0
0.284934 0
0.284765 0
0.284628 0
0.284482 0
0.284335 0
0.284167 0
0.284022 0
0.283881 0
0.283734 0
0.283583 0
0.283428 0
0.283266 0
0.283125 0
0.28296 0
0.282814 0
0.282672 0
0.28252 0
0.282367 0
0.28223 0
0.282063 0
0.281905 0
0.281769 0
0.281624 0
0.281459 0
0.2813 0
0.281161 0
0.281003 0
0.280856 0
0.280683 0
0.280538 0
0.280377 0
0.280197 0
0.280051 0
0.279889 0
0.279751 0
0.279592 0
0.279442 0
0.279306 0
0.279143 0
0.278976 0
0.278811 0
0.278633 0
0.278472 0
0.278305 0
0.278179 0
0.278026 0
0.277887 0
0.277752 0
0.27758 0
0.277411 0
0.277251 0
0.27708 0
0.276917 0
0.276752 0
0.276598 0
0.276427 0
0.276274 0
0.276111 0
0.275938 0
0.275808 0
0.275673 0
0.275515 0
0.275351 0
0.275214 0
0.275059 0
0.2749 0
0.274757 0
0.27458 0
0.274435 0
0.274264 0
0.274118 0
0.273955 0
0.273819 0
0.273659 0
0.273516 0
0.273349 0
0.273208 0
0.273044 0
0.272883 0
0.272748 0
0.272594 0
0.272422 0
0.272251 0
0.272079 0
0.271917 0
0.271755 0
0.271593 0
0.271433 0
0.271266 0
0.271108 0
0.270949 0
0.270783 0
0.270641 0
0.270486 0
0.270335 0
0.270182 0
0.270012 0
0.269846 0
0.269684 0
0.269527 0
0.269356 0
0.269199 0
0.269034 0
0.268869 0
0.268706 0
0.26858 0
0.268428 0
0.26827 0
0.268092 0
0.267915 0
0.267777 0
0.267642 0
0.267486 0
0.267321 0
0.267189 0
0.267018 0
0.26684 0
0.266683 0
0.266539 0
0.266391 0
0.266252 0
0.26609 0
0.265929 0
0.265788 0
0.265616 0
0.265444 0
0.265284 0
0.265141 0
0.26499 0
0.264827 0
0.264689 0
0.264556 0
0.264403 0
0.26425 0
0.264098 0
0.26392 0
0.263765 0
0.263593 0
0.263442 0
0.263282 0
0.263128 0
0.262975 0
0.262828 0
0.262677 0
0.262534 0
0.262391 0
0.262209 0
0.262047 0
0.261901 0
0.261755 0
0.261605 0
0.261447 0
0.261279 0
0.26112 0
0.260946 0
0.260793 0
0.260635 0
0.260493 0
0.260357 0
0.260211 0
0.260085 0
0.259941 0
0.259772 0
0.25962 0
0.259444 0
0.259294 0
0.259129 0
0.258953 0
0.258796 0
0.258631 0
0.25847 0
0.258306 0
0.258158 0
0.257987 0
0.257818 0
0.257661 0
0.257505 0
0.257354 0
0.25721 0
0.257081 0
0.256948 0
0.256784 0
0.256652 0
0.256473 0
0.256325 0
0.256172 0
0.256026 0
0.255888 0
0.255732 0
0.255578 0
0.255414 0
0.255268 0
0.255118 0
0.25497 0
0.254824 0
0.254666 0
0.254507 0
0.254359 0
0.254193 0
0.254032 0
0.253851 0
0.253682 0
0.253515 0
0.253349 0
0.253189 0
0.25302 0
0.252854 0
0.252684 0
0.252527 0
0.252368 0
0.252202 0
0.252026 0
0.251854 0
0.251679 0
0.251511 0
0.251371 0
0.251224 0
0.251075 0
0.250922 0
0.250761 0
0.250602 0
0.25047 0
0.250317 0
0.250163 0
0.250006 0
0.249858 0
0.249703 0
0.249536 0
0.249364 0
0.249225 0
0.249071 0
0.248919 0
0.248753 0
0.248578 0
0.248434 0
0.24827 0
0.248118 0
0.247983 0
0.247841 0
0.24769 0
0.247545 0
0.247372 0
0.247224 0
0.247072 0
0.24678 0
0.246621 0
0.246472 0
0.246294 0
0.246149 0
0.245999 0
0.245826 0
0.245652 0
0.245488 0
0.245338 0
0.245157 0
0.244994 0
0.244827 0
0.244675 0
0.244522 0
0.244345 0
0.244203 0
0.244041 0
0.243902 0
0.243743 0
0.2436 0
0.243443 0
0.243286 0
0.243131 0
0.24296 0
0.242802 0
0.242652 0
0.242486 0
0.242323 0
0.242178 0
0.242014 0
0.241865 0
0.241707 0
0.241563 0
0.241386 0
0.24126 0
0.241102 0
0.240926 0
0.240784 0
0.24062 0
0.240481 0
0.240325 0
0.240177 0
0.240028 0
0.239844 0
0.239667 0
0.239505 0
0.239356 0
0.239189 0
0.239017 0
0.238843 0
0.238682 0
0.238545 0
0.238385 0
0.238242 0
0.238073 0
0.237928 0
0.237766 0
0.237611 0
0.23747 0
0.237317 0
0.23715 0
0.236987 0
0.236821 0
0.236672 0
0.236504 0
0.236347 0
0.236205 0
0.236059 0
0.23592 0
0.235761 0
0.235607 0
0.235446 0
0.235306 0
0.235134 0
0.234969 0
0.234796 0
0.234638 0
0.234473 0
0.234304 0
0.234133 0
0.233972 0
0.23383 0
0.23366 0
0.233523 0
0.23336 0
0.233186 0
0.233024 0
0.232848 0
0.232675 0
0.232519 0
0.232377 0
0.232214 0
0.23206 0
0.231888 0
0.231742 0
0.231615 0
0.231449 0
0.231293 0
0.231121 0
0.230967 0
0.230812 0
0.230638 0
0.230464 0
0.230318 0
0.230152 0
0.229974 0
0.229829 0
0.229676 0
0.22951 0
0.229391 0
0.229225 0
0.229069 0
0.228907 0
0.228754 0
0.228581 0
0.228417 0
0.228282 0
0.228116 0
0.22797 0
0.2278 0
0.227665 0
0.227526 0
0.22721 0
0.227056 0
0.226894 0
0.226729 0
0.226566 0
0.226424 0
0.226291 0
0.226136 0
0.226006 0
0.225868 0
0.225715 0
0.225539 0
0.225402 0
0.225241 0
0.225091 0
0.224916 0
0.224757 0
0.2246 0
0.224443 0
0.224278 0
0.22412 0
0.223968 0
0.223802 0
0.223645 0
0.223487 0
0.223328 0
0.223164 0
0.223006 0
0.222834 0
0.222668 0
0.222502 0
0.222357 0
0.222186 0
0.222014 0
0.22186 0
0.221699 0
0.22152 0
0.221389 0
0.221246 0
0.221077 0
0.220932 0
0.220783 0
0.22062 0
0.220455 0
0.220292 0
0.220123 0
0.219961 0
0.219783 0
0.21964 0
0.219492 0
0.219353 0
0.21919 0
0.219026 0
0.218865 0
0.218706 0
0.218539 0
0.218377 0
0.218216 0
0.218054 0
0.217912 0
0.2176 0
0.217436 0
0.217267 0
0.217099 0
0.216929 0
0.216771 0
0.216617 0
0.216472 0
0.216317 0
0.216174 0
0.216034 0
0.215899 0
0.21573 0
0.215566 0
0.215392 0
0.215253 0
0.215117 0
0.214969 0
0.214823 0
0.214664 0
0.214521 0
0.214362 0
0.214201 0
0.214053 0
0.213893 0
0.213719 0
0.213557 0
0.213446 0
0.213284 0
0.21314 0
0.212971 0
0.212799 0
0.212629 0
0.212486 0
0.212161 0
0.211991 0
0.211834 0
0.211678 0
0.211512 0
0.211349 0
0.211196 0
0.211024 0
0.210874 0
0.210688 0
0.210537 0
0.210379 0
0.210198 0
0.210067 0
0.209894 0
0.209732 0
0.209564 0
0.209406 0
0.209115 0
0.208954 0
0.208795 0
0.208643 0
0.208477 0
0.208311 0
0.208168 0
0.208036 0
0.20787 0
0.20772 0
0.207556 0
0.20739 0
0.20723 0
0.207088 0
0.206923 0
0.206753 0
0.20659 0
0.206408 0
0.206255 0
0.206075 0
0.2059 0
0.205753 0
0.205597 0
0.205437 0
0.205276 0
0.205115 0
0.204974 0
0.204824 0
0.204652 0
0.204478 0
0.204314 0
0.204176 0
0.20404 0
0.203861 0
0.203715 0
0.203561 0
0.203411 0
0.203257 0
0.202914 0
0.202742 0
0.202412 0
0.202286 0
0.202121 0
0.201979 0
0.201828 0
0.201653 0
0.201488 0
0.201339 0
0.2012 0
0.201059 0
0.200892 0
0.200729 0
0.20058 0
0.200413 0
0.200254 0
0.200099 0
0.199949 0
0.199779 0
0.199625 0
0.199475 0
0.199328 0
0.199148 0
0.198983 0
0.198835 0
0.198685 0
0.198525 0
0.198357 0
0.198195 0
0.198062 0
0.197888 0
0.197728 0
0.197589 0
0.197416 0
0.19725 0
0.197081 0
0.196923 0
0.196802 0
0.196637 0
0.196463 0
0.196317 0
0.196152 0
0.195982 0
0.195823 0
0.19568 0
0.195542 0
0.195365 0
0.195221 0
0.19505 0
0.194884 0
0.194715 0
0.194546 0
0.194404 0
0.194237 0
0.19408 0
0.193919 0
0.193619 0
0.193452 0
0.193289 0
0.193135 0
0.192974 0
0.192817 0
0.192659 0
0.1925 0
0.19234 0
0.192175 0
0.19201 0
0.191853 0
0.191698 0
0.191547 0
0.191386 0
0.191223 0
0.191065 0
0.190727 0
0.190572 0
0.190434 0
0.1903 0
0.190152 0
0.18985 0
0.18969 0
0.189537 0
0.189394 0
0.189249 0
0.18909 0
0.188937 0
0.188766 0
0.188589 0
0.188436 0
0.188269 0
0.188127 0
0.18798 0
0.187822 0
0.187657 0
0.187519 0
0.187344 0
0.187211 0
0.187062 0
0.186921 0
0.186752 0
0.186575 0
0.186411 0
0.186248 0
0.186081 0
0.18592 0
0.185753 0
0.185597 0
0.185263 0
0.18511 0
0.184963 0
0.184832 0
0.184662 0
0.184489 0
0.184317 0
0.184137 0
0.183964 0
0.183815 0
0.183647 0
0.183473 0
0.183328 0
0.183165 0
0.18302 0
0.182857 0
0.182693 0
0.182544 0
0.18236 0
0.182193 0
0.182025 0
0.181855 0
0.181697 0
0.181546 0
0.181391 0
0.181241 0
0.18108 0
0.180914 0
0.180742 0
0.180613 0
0.180483 0
0.180321 0
0.180153 0
0.180014 0
0.179869 0
0.179707 0
0.179546 0
0.179401 0
0.17923 0
0.179068 0
0.178925 0
0.178756 0
0.178601 0
0.178445 0
0.178294 0
0.178131 0
0.177962 0
0.177805 0
0.177653 0
0.17752 0
0.177341 0
0.177191 0
0.17703 0
0.176887 0
0.176718 0
0.176576 0
0.176401 0
0.176234 0
0.17607 0
0.175911 0
0.175747 0
0.175581 0
0.175412 0
0.175244 0
0.175076 0
0.174931 0
0.174789 0
0.174467 0
0.17429 0
0.174123 0
0.173955 0
0.173809 0
0.173658 0
0.173501 0
0.173345 0
0.17318 0
0.173035 0
0.172873 0
0.172719 0
0.172543 0
0.172378 0
0.172224 0
0.172078 0
0.171915 0
0.171735 0
0.171594 0
0.171437 0
0.171269 0
0.171111 0
0.170973 0
0.170814 0
0.170676 0
0.170529 0
0.170374 0
0.170214 0
0.170047 0
0.169887 0
0.169743 0
0.169568 0
0.169419 0
0.169254 0
0.169108 0
0.168938 0
0.168783 0
0.168618 0
0.168465 0
0.168297 0
0.168153 0
0.167986 0
0.167838 0
0.167676 0
0.167508 0
0.167345 0
0.167183 0
0.167031 0
0.166872 0
0.166733 0
0.166579 0
0.166418 0
0.166254 0
0.166104 0
0.165948 0
0.165794 0
0.165612 0
0.165484 0
0.165316 0
0.165144 0
0.164982 0
0.164835 0
0.164657 0
0.1645 0
0.164332 0
0.164159 0
0.163996 0
0.163841 0
0.163687 0
0.163549 0
0.163395 0
0.163226 0
0.163064 0
0.162924 0
0.162771 0
0.162603 0
0.162473 0
0.162308 0
0.162163 0
0.162014 0
0.161871 0
0.161707 0
0.161549 0
0.161389 0
0.161239 0
0.161088 0
0.160936 0
0.16079 0
0.160618 0
0.16045 0
0.160304 0
0.160147 0
0.159979 0
0.159829 0
0.159666 0
0.15951 0
0.159347 0
0.159189 0
0.15904 0
0.158887 0
0.158738 0
0.158574 0
0.158412 0
0.158264 0
0.158093 0
0.157929 0
0.15776 0
0.157593 0
0.157427 0
0.157255 0
0.157106 0
0.156932 0
0.156769 0
0.156628 0
0.156467 0
0.156296 0
0.156148 0
0.155985 0
0.155829 0
0.155656 0
0.155503 0
0.155356 0
0.155198 0
0.155045 0
0.154877 0
0.15473 0
0.154563 0
0.154401 0
0.154256 0
0.154102 0
0.15393 0
0.153773 0
0.153623 0
0.153464 0
0.153302 0
0.153163 0
0.152999 0
0.152834 0
0.15267 0
0.15251 0
0.152356 0
0.152193 0
0.152029 0
0.151866 0
0.151705 0
0.151524 0
0.151358 0
0.151227 0
0.151058 0
0.150921 0
0.150769 0
0.150623 0
0.15045 0
0.150283 0
0.150134 0
0.149984 0
0.149843 0
0.149673 0
0.149526 0
0.149376 0
0.149206 0
0.149036 0
0.148891 0
0.148742 0
0.148592 0
0.148415 0
0.148263 0
0.148108 0
0.147932 0
0.147769 0
0.147621 0
0.147456 0
0.147315 0
0.147156 0
0.146996 0
0.146837 0
0.146692 0
0.146549 0
0.146379 0
0.146225 0
0.146077 0
0.145917 0
0.145744 0
0.145584 0
0.145415 0
0.145274 0
0.145102 0
0.144933 0
0.144763 0
0.144608 0
0.144439 0
0.144283 0
0.144129 0
0.143957 0
0.143803 0
0.143642 0
0.143479 0
0.143323 0
0.143151 0
0.142988 0
0.142806 0
0.142664 0
0.142516 0
0.142375 0
0.142207 0
0.142041 0
0.141882 0
0.141741 0
0.141569 0
0.141241 0
0.141082 0
0.140907 0
0.140742 0
0.140571 0
0.140429 0
0.140259 0
0.140119 0
0.139957 0
0.139804 0
0.139649 0
0.139496 0
0.139351 0
0.139196 0
0.139012 0
0.138857 0
0.138703 0
0.138549 0
0.138391 0
0.138241 0
0.138097 0
0.137946 0
0.137791 0
0.137629 0
0.137494 0
0.13732 0
0.137152 0
0.136981 0
0.136834 0
0.136701 0
0.136558 0
0.136401 0
0.136228 0
0.13608 0
0.13592 0
0.135751 0
0.135575 0
0.135413 0
0.135266 0
0.13509 0
0.134927 0
0.134765 0
0.134624 0
0.134481 0
0.134316 0
0.134171 0
0.134004 0
0.133858 0
0.133717 0
0.133573 0
0.133411 0
0.133249 0
0.133091 0
0.132927 0
0.132746 0
0.132575 0
0.132417 0
0.132254 0
0.132075 0
0.131912 0
0.131755 0
0.131589 0
0.131434 0
0.131269 0
0.131108 0
0.130955 0
0.1308 0
0.130633 0
0.130461 0
0.130302 0
0.13015 0
0.129991 0
0.129824 0
0.129678 0
0.129519 0
0.129383 0
0.129227 0
0.12905 0
0.128888 0
0.128708 0
0.128559 0
0.128395 0
0.128229 0
0.128077 0
0.127942 0
0.127805 0
0.127653 0
0.127474 0
0.127305 0
0.127176 0
0.127019 0
0.126876 0
0.126731 0
0.126561 0
0.126388 0
0.126232 0
0.126075 0
0.125917 0
0.125778 0
0.125614 0
0.125453 0
0.125297 0
0.125149 0
0.124988 0
0.124843 0
0.124689 0
0.124541 0
0.124378 0
0.124197 0
0.124018 0
0.12387 0
0.123722 0
0.12358 0
0.123418 0
0.123245 0
0.123107 0
0.122931 0
0.122784 0
0.122637 0
0.122495 0
0.122322 0
0.122152 0
0.121973 0
0.121811 0
0.121659 0
0.121498 0
0.121337 0
0.121179 0
0.121012 0
0.120838 0
0.120687 0
0.120536 0
0.120383 0
0.120223 0
0.12008 0
0.119942 0
0.119787 0
0.119648 0
0.119482 0
0.119323 0
0.119144 0
0.118973 0
0.118819 0
0.118649 0
0.118481 0
0.118318 0
0.118199 0
0.118044 0
0.117904 0
0.11774 0
0.117591 0
0.117425 0
0.117275 0
0.117145 0
0.116972 0
0.116803 0
0.116652 0
0.116487 0
0.116319 0
0.116164 0
0.116032 0
0.115891 0
0.115723 0
0.115566 0
0.115403 0
0.115235 0
0.115092 0
0.114933 0
0.114788 0
0.114635 0
0.114467 0
0.114298 0
0.114127 0
0.113986 0
0.113818 0
0.113686 0
0.113518 0
0.113341 0
0.11318 0
0.113039 0
0.112885 0
0.112725 0
0.112564 0
0.11223 0
0.112065 0
0.111924 0
0.111759 0
0.11161 0
0.111441 0
0.111296 0
0.111124 0
0.110993 0
0.11084 0
0.110687 0
0.110539 0
0.110373 0
0.110239 0
0.11007 0
0.109897 0
0.109734 0
0.109572 0
0.109407 0
0.109256 0
0.10908 0
0.108927 0
0.108759 0
0.108593 0
0.108428 0
0.108291 0
0.108134 0
0.107973 0
0.107798 0
0.107635 0
0.107461 0
0.107321 0
0.107174 0
0.107013 0
0.106858 0
0.106689 0
0.106548 0
0.106379 0
0.106228 0
0.106059 0
0.105877 0
0.105716 0
0.105547 0
0.105381 0
0.105215 0
0.105061 0
0.104891 0
0.104729 0
0.104562 0
0.104402 0
0.104235 0
0.104083 0
0.103948 0
0.103788 0
0.10363 0
0.103455 0
0.103301 0
0.10313 0
0.102978 0
0.102823 0
0.102694 0
0.102526 0
0.102353 0
0.102192 0
0.102031 0
0.101867 0
0.101715 0
0.10155 0
0.10137 0
0.101218 0
0.101046 0
0.1009 0
0.100726 0
0.100568 0
0.100407 0
0.100278 0
0.100112 0
0.0999364 0
0.0997922 0
0.0996248 0
0.0994651 0
0.0993175 0
0.0991701 0
0.0990177 0
0.0988617 0
0.098692 0
0.0985134 0
0.0983596 0
0.0982222 0
0.0980769 0
0.0979098 0
0.0977269 0
0.0975683 0
0.0974037 0
0.0972606 0
0.0970907 0
0.0969351 0
0.0967745 0
0.0966252 0
0.0964628 0
0.0963333 0
0.0961753 0
0.0959971 0
0.0958342 0
0.0956951 0
0.0955345 0
0.0953682 0
0.0951974 0
0.0950248 0
0.0948525 0
0.0947101 0
0.0945306 0
0.0943779 0
0.0942343 0
0.0940593 0
0.0938961 0
0.0937191 0
0.0935551 0
0.093384 0
0.0932172 0
0.0930427 0
0.0928958 0
0.0927172 0
0.0925438 0
0.0923823 0
0.0922271 0
0.0920544 0
0.091898 0
0.0917409 0
0.0915806 0
0.0914144 0
0.0912691 0
0.0911044 0
0.0909508 0
0.0908032 0
0.0906345 0
0.0904725 0
0.0903094 0
0.090171 0
0.0899977 0
0.0898601 0
0.0896876 0
0.0895239 0
0.0893525 0
0.0891957 0
0.0890437 0
0.0888851 0
0.0887351 0
0.0885623 0
0.0884075 0
0.088237 0
0.0880888 0
0.0879461 0
0.0877796 0
0.0876111 0
0.0874477 0
0.0872739 0
0.0871027 0
0.0869369 0
0.0867783 0
0.0866321 0
0.0864629 0
0.086291 0
0.0861315 0
0.0859595 0
0.0857975 0
0.0856321 0
0.0854614 0
0.0853184 0
0.0851565 0
0.0850104 0
0.0848511 0
0.0846691 0
0.0844982 0
0.0843558 0
0.0841952 0
0.0840229 0
0.0838627 0
0.0837008 0
0.0835405 0
0.0833835 0
0.0832157 0
0.0830538 0
0.082899 0
0.0827473 0
0.0825633 0
0.0824293 0
0.0822659 0
0.0821014 0
0.0819278 0
0.0817698 0
0.081624 0
0.081466 0
0.0813007 0
0.0811343 0
0.0809746 0
0.0808009 0
0.0806366 0
0.0804714 0
0.0803025 0
0.080139 0
0.0799678 0
0.0797945 0
0.0796308 0
0.0794891 0
0.0793219 0
0.079167 0
0.0790078 0
0.0788307 0
0.0786671 0
0.0784921 0
0.0783233 0
0.0781773 0
0.0780205 0
0.0778411 0
0.0776826 0
0.0775462 0
0.0773996 0
0.0772417 0
0.0770862 0
0.0769245 0
0.0767667 0
0.0765925 0
0.0764389 0
0.0762974 0
0.0761345 0
0.0759802 0
0.0758302 0
0.0756662 0
0.0755265 0
0.0753833 0
0.0752392 0
0.075072 0
0.0749215 0
0.0747789 0
0.0746172 0
0.0744503 0
0.0742793 0
0.0741138 0
0.0739674 0
0.0738176 0
0.07365 0
0.0734831 0
0.073317 0
0.0731511 0
0.0729856 0
0.0728279 0
0.0726644 0
0.0725064 0
0.0723476 0
0.0722003 0
0.0720644 0
0.0718991 0
0.0717349 0
0.0715731 0
0.0714229 0
0.0712593 0
0.0710942 0
0.0709481 0
0.0707955 0
0.070628 0
0.0704841 0
0.0703222 0
0.0701478 0
0.069986 0
0.0698149 0
0.0696403 0
0.0694776 0
0.0693083 0
0.0691709 0
0.0690135 0
0.0688436 0
0.0686756 0
0.0685197 0
0.0683731 0
0.0681967 0
0.0680481 0
0.067882 0
0.0677036 0
0.0675484 0
0.0673954 0
0.0672272 0
0.0670714 0
0.0669265 0
0.066767 0
0.0666084 0
0.0664606 0
0.0662966 0
0.0661495 0
0.0659809 0
0.0658052 0
0.0656312 0
0.0654611 0
0.0653017 0
0.0651438 0
0.0649888 0
0.0648249 0
0.0646528 0
0.0644925 0
0.0643181 0
0.0641645 0
0.0640028 0
0.063848 0
0.063691 0
0.0635271 0
0.0633993 0
0.0632507 0
0.0630974 0
0.0629353 0
0.0627691 0
0.0625925 0
0.0624135 0
0.0622655 0
0.0620997 0
0.0619474 0
0.0618024 0
0.0616396 0
0.0614623 0
0.0613083 0
0.0611458 0
0.061 0
0.0608205 0
0.0606535 0
0.0604802 0
0.0603174 0
0.0601549 0
0.0599785 0
0.059808 0
0.0596316 0
0.0594688 0
0.0593161 0
0.0591389 0
0.0589715 0
0.0588259 0
0.0586526 0
0.0584875 0
0.0583208 0
0.0581566 0
0.0579991 0
0.0578335 0
0.0576677 0
0.0575074 0
0.0573331 0
0.0571602 0
0.0569887 0
0.0568229 0
0.0566733 0
0.0565189 0
0.0563639 0
0.0561997 0
0.0560575 0
0.0559033 0
0.0557339 0
0.0555593 0
0.0553949 0
0.055228 0
0.0550579 0
0.0548925 0
0.0547222 0
0.0545525 0
0.0543787 0
0.0542145 0
0.0540382 0
0.0538793 0
0.0537427 0
0.0535964 0
0.0534292 0
0.0532777 0
0.0531126 0
0.0529452 0
0.0527769 0
0.0526079 0
0.0524479 0
0.0523084 0
0.0521657 0
0.0519892 0
0.0518093 0
0.0516412 0
0.0514655 0
0.0512932 0
0.0511304 0
0.0509791 0
0.0508045 0
0.0506344 0
0.0504745 0
0.0503166 0
0.0501573 0
0.0500028 0
0.0498557 0
0.0497052 0
0.0495312 0
0.0493656 0
0.049196 0
0.0490243 0
0.0488518 0
0.0486832 0
0.0485318 0
0.0483706 0
0.0482166 0
0.0480469 0
0.0478738 0
0.0476957 0
0.0475229 0
0.04735 0
0.0471919 0
0.0470317 0
0.0468825 0
0.0467191 0
0.0465572 0
0.0464114 0
0.0462442 0
0.0460724 0
0.0459209 0
0.0457609 0
0.0455895 0
0.045419 0
0.0452553 0
0.0450909 0
0.044917 0
0.0447471 0
0.0446014 0
0.044436 0
0.0442748 0
0.0441365 0
0.0439864 0
0.0438155 0
0.0436615 0
0.0435277 0
0.0433822 0
0.043223 0
0.0430532 0
0.0429012 0
0.0427275 0
0.0426004 0
0.0424514 0
0.0422933 0
0.0421256 0
0.0419715 0
0.0418247 0
0.0416621 0
0.0415086 0
0.0413627 0
0.0411951 0
0.0410475 0
0.0408924 0
0.0407276 0
0.040585 0
0.0404144 0
0.0402426 0
0.0400889 0
0.0399264 0
0.0397573 0
0.0395874 0
0.0394245 0
0.0392513 0
0.0391057 0
0.0389356 0
0.0387799 0
0.038612 0
0.0384672 0
0.0382915 0
0.038136 0
0.0379861 0
0.0378269 0
0.0376496 0
0.037505 0
0.0373329 0
0.03717 0
0.037004 0
0.0368431 0
0.0366851 0
0.0365241 0
0.0363714 0
0.0362045 0
0.0360646 0
0.0359145 0
0.0357477 0
0.035573 0
0.0354173 0
0.0352524 0
0.0351008 0
0.0349461 0
0.0347834 0
0.0346327 0
0.0344564 0
0.0342922 0
0.034132 0
0.0339812 0
0.0338275 0
0.0336798 0
0.0335236 0
0.0333709 0
0.0332072 0
0.033033 0
0.0328714 0
0.032697 0
0.0325446 0
0.0323601 0
0.0321893 0
0.032024 0
0.0318485 0
0.0316969 0
0.031537 0
0.0313671 0
0.0312115 0
0.0310414 0
0.0308749 0
0.0307401 0
0.0305935 0
0.0304464 0
0.0303145 0
0.0301546 0
0.0300081 0
0.0298425 0
0.0296912 0
0.0295515 0
0.0293857 0
0.0292271 0
0.0290824 0
0.0289204 0
0.0287463 0
0.0285736 0
0.0284003 0
0.0282514 0
0.0281065 0
0.0279452 0
0.0277812 0
0.0276114 0
0.0274449 0
0.0272868 0
0.0271173 0
0.0269537 0
0.026784 0
0.0266154 0
0.0264938 0
0.0263362 0
0.0261946 0
0.0260426 0
0.0258892 0
0.0257426 0
0.025572 0
0.0254094 0
0.0252419 0
0.0250894 0
0.0249436 0
0.0247776 0
0.024618 0
0.024474 0
0.0243125 0
0.0241443 0
0.0239663 0
0.0238282 0
0.0236696 0
0.0235048 0
0.0233415 0
0.0232076 0
0.0230463 0
0.0229187 0
0.0227572 0
0.0226076 0
0.0224437 0
0.0222726 0
0.0221034 0
0.0219466 0
0.0217783 0
0.0216105 0
0.0214397 0
0.0212628 0
0.0211088 0
0.0209517 0
0.0207984 0
0.0206267 0
0.0204567 0
0.0203058 0
0.0201498 0
0.0199793 0
0.0198094 0
0.0196505 0
0.0194819 0
0.019334 0
0.0191762 0
0.0190295 0
0.0188794 0
0.0187372 0
0.0185859 0
0.018412 0
0.0182713 0
0.0181122 0
0.0179436 0
0.0177841 0
0.0176239 0
0.0174679 0
0.0172989 0
0.0171489 0
0.0169904 0
0.0168344 0
0.0166605 0
0.0164854 0
0.0163271 0
0.0161649 0
0.0160034 0
0.0158494 0
0.0156809 0
0.0155176 0
0.0153591 0
0.0151983 0
0.01503 0
0.0148632 0
0.0147007 0
0.0145419 0
0.0143789 0
0.0142093 0
0.0140542 0
0.0138809 0
0.013713 0
0.0135661 0
0.0134005 0
0.0132337 0
0.0130671 0
0.0128917 0
0.0127269 0
0.0125599 0
0.0123931 0
0.012239 0
0.0120732 0
0.0119007 0
0.011753 0
0.0115861 0
0.0114306 0
0.0112658 0
0.0111046 0
0.0109311 0
0.0107594 0
0.010588 0
0.0104351 0
0.0102657 0
0.0101052 0
0.0099444 0
0.00977961 0
0.00962048 0
0.00945341 0
0.00928819 0
0.009135 0
0.00896892 0
0.0088107 0
0.0086561 0
0.0085128 0
0.00833784 0
0.00817933 0
0.0080063 0
0.00784372 0
0.00766479 0
0.00751438 0
0.00735477 0
0.00718114 0
0.00702029 0
0.00685797 0
0.0066942 0
0.00652382 0
0.0063487 0
0.0061717 0
0.00581315 0
0.00565022 0
0.00546782 0
0.0053122 0
0.00513787 0
0.00496395 0
0.00479015 0
0.00462601 0
0.00446435 0
0.00429571 0
0.00412829 0
0.00396143 0
0.00381147 0
0.00365408 0
0.00348465 0
0.0033246 0
0.00314806 0
0.00298673 0
0.00282954 0
0.00266019 0
0.00250106 0
0.00233507 0
0.00216769 0
0.00200059 0
0.00183937 0
0.0016722 0
0.00150973 0
0.0013354 0
0.00117272 0
0.00100052 0
0.00083226 0
0.00066487 0
0.00050265 0
0.00032618 0
0.000156205 0
0 0
