0.598055 2299
0.598055 2298
0.598055 2297
0.598055 2296
0.598055 2295
0.598055 2294
0.598055 2293
0.598055 2292
0.598055 2291
0.598055 2290
0.598042 2289
0.598042 2288
0.598042 2287
0.598042 2286
0.598042 2285
0.598042 2284
0.598042 2283
0.598042 2282
0.598042 2281
0.598042 2280
0.598042 2279
0.598042 2278
0.598042 2277
0.598042 2276
0.598042 2275
0.598042 2274
0.598042 2273
0.598042 2272
0.598042 2271
0.598042 2270
0.598042 2269
0.598042 2268
0.598042 2267
0.598042 2266
0.598042 2265
0.598042 2264
0.598042 2263
0.598042 2262
0.598042 2261
0.598042 2260
0.598042 2259
0.598042 2258
0.598042 2257
0.598042 2256
0.598042 2255
0.598042 2254
0.598042 2253
0.598042 2252
0.598042 2251
0.598042 2250
0.598042 2249
0.598042 2248
0.598042 2247
0.598042 2246
0.598042 2245
0.598042 2244
0.598042 2243
0.598042 2242
0.598042 2241
0.598042 2240
0.598042 2239
0.598042 2238
0.598042 2237
0.598042 2236
0.598042 2235
0.598042 2234
0.598042 2233
0.598042 2232
0.598042 2231
0.598042 2230
0.598042 2229
0.598042 2228
0.598042 2227
0.598042 2226
0.598042 2225
0.598042 2224
0.598042 2223
0.598042 2222
0.598042 2221
0.598042 2220
0.598042 2219
0.597974 2218
0.597974 2217
0.597974 2216
0.597974 2215
0.597974 2214
0.597974 2213
0.597974 2212
0.597974 2211
0.597974 2210
0.597974 2209
0.597974 2208
0.597974 2207
0.597974 2206
0.597974 2205
0.597974 2204
0.597974 2203
0.597974 2202
0.59797 2201
0.59797 2200
0.59797 2199
0.59797 2198
0.59797 2197
0.59797 2196
0.59797 2195
0.59797 2194
0.59797 2193
0.59797 2192
0.59797 2191
0.597963 2190
0.597963 2189
0.597963 2188
0.597963 2187
0.597963 2186
0.597963 2185
0.597963 2184
0.597963 2183
0.597963 2182
0.597963 2181
0.597963 2180
0.597963 2179
0.597963 2178
0.597963 2177
0.597963 2176
0.597963 2175
0.597963 2174
0.597963 2173
0.597963 2172
0.597963 2171
0.597963 2170
0.597963 2169
0.597963 2168
0.597963 2167
0.597963 2166
0.597963 2165
0.597963 2164
0.597963 2163
0.597963 2162
0.597963 2161
0.597963 2160
0.597963 2159
0.597963 2158
0.597963 2157
0.597836 2157
0.597836 2156
0.597836 2155
0.597836 2154
0.59766 2154
0.59766 2153
0.59766 2152
0.59766 2151
0.59766 2150
0.59766 2149
0.59766 2148
0.59766 2147
0.59766 2146
0.59766 2145
0.59766 2144
0.59766 2143
0.59766 2142
0.59766 2141
0.59766 2140
0.59766 2139
0.59766 2138
0.59766 2137
0.59766 2136
0.59766 2135
0.59766 2134
0.59766 2133
0.59766 2132
0.59766 2131
0.59766 2130
0.59766 2129
0.59766 2128
0.59766 2127
0.59766 2126
0.59766 2125
0.59766 2124
0.59766 2123
0.59766 2122
0.59766 2121
0.597581 2121
0.597543 2120
0.597543 2119
0.597543 2118
0.597543 2117
0.597543 2116
0.597543 2115
0.597494 2114
0.597494 2113
0.597494 2112
0.597494 2111
0.597494 2110
0.597494 2109
0.597494 2108
0.597494 2107
0.597494 2106
0.597494 2105
0.597494 2104
0.597494 2103
0.597494 2102
0.597494 2101
0.597494 2100
0.597494 2099
0.597494 2098
0.597494 2097
0.597494 2096
0.597494 2095
0.597363 2095
0.597363 2094
0.597363 2093
0.597363 2092
0.597363 2091
0.597363 2090
0.597334 2089
0.597334 2088
0.597334 2087
0.597334 2086
0.597334 2085
0.597334 2084
0.597334 2083
0.597334 2082
0.597334 2081
0.597334 2080
0.597214 2080
0.597214 2079
0.597214 2078
0.597214 2077
0.597214 2076
0.597214 2075
0.597214 2074
0.597214 2073
0.597214 2072
0.597214 2071
0.597214 2070
0.597214 2069
0.597214 2068
0.597214 2067
0.597061 2067
0.597049 2066
0.597049 2065
0.597049 2064
0.597049 2063
0.597049 2062
0.597049 2061
0.597049 2060
0.597049 2059
0.597049 2058
0.597049 2057
0.597049 2056
0.597049 2055
0.597049 2054
0.597049 2053
0.597049 2052
0.597049 2051
0.597049 2050
0.597049 2049
0.597049 2048
0.597049 2047
0.597049 2046
0.597049 2045
0.597049 2044
0.597049 2043
0.597049 2042
0.597049 2041
0.597049 2040
0.597049 2039
0.597049 2038
0.597049 2037
0.597049 2036
0.597049 2035
0.597049 2034
0.597049 2033
0.596956 2032
0.596956 2031
0.596956 2030
0.596956 2029
0.596956 2028
0.596956 2027
0.596956 2026
0.596956 2025
0.596956 2024
0.596946 2023
0.596925 2022
0.596925 2021
0.596925 2020
0.596925 2019
0.596925 2018
0.596925 2017
0.596925 2016
0.596925 2015
0.596925 2014
0.596925 2013
0.596925 2012
0.596925 2011
0.596855 2010
0.596855 2009
0.596855 2008
0.596855 2007
0.59683 2006
0.59683 2005
0.59683 2004
0.59683 2003
0.59683 2002
0.59683 2001
0.59683 2000
0.59683 1999
0.59683 1998
0.59683 1997
0.59683 1996
0.59683 1995
0.59683 1994
0.59683 1993
0.59683 1992
0.59683 1991
0.59683 1990
0.59683 1989
0.59683 1988
0.59683 1987
0.59683 1986
0.59683 1985
0.59683 1984
0.59683 1983
0.59683 1982
0.596758 1981
0.596758 1980
0.596758 1979
0.596758 1978
0.596758 1977
0.596758 1976
0.596758 1975
0.596758 1974
0.596758 1973
0.596758 1972
0.596758 1971
0.596758 1970
0.596758 1969
0.596758 1968
0.596758 1967
0.596758 1966
0.596758 1965
0.596758 1964
0.596758 1963
0.596758 1962
0.596758 1961
0.596758 1960
0.596758 1959
0.596758 1958
0.596758 1957
0.596758 1956
0.596758 1955
0.596758 1954
0.596758 1953
0.596758 1952
0.596758 1951
0.596758 1950
0.596758 1948
0.596758 1947
0.596758 1946
0.596758 1945
0.596758 1944
0.596758 1943
0.596758 1942
0.596758 1941
0.596758 1940
0.596758 1939
0.596758 1938
0.596758 1937
0.596758 1936
0.596758 1935
0.596758 1934
0.596758 1933
0.596758 1932
0.596758 1931
0.596758 1930
0.596758 1929
0.596758 1928
0.596758 1927
0.596758 1926
0.596758 1925
0.596758 1924
0.596758 1923
0.596758 1922
0.596758 1921
0.596758 1920
0.596758 1919
0.596632 1919
0.596632 1918
0.596632 1917
0.596632 1916
0.596632 1915
0.596632 1914
0.596632 1913
0.596632 1912
0.596632 1911
0.596632 1910
0.596632 1909
0.596573 1908
0.596573 1907
0.596573 1906
0.596573 1905
0.596573 1904
0.596573 1903
0.596556 1902
0.596556 1901
0.596556 1900
0.596556 1899
0.596556 1898
0.596556 1897
0.596556 1896
0.596556 1895
0.596556 1894
0.596556 1893
0.596556 1892
0.596556 1891
0.596556 1890
0.596556 1889
0.596556 1888
0.596556 1887
0.596556 1886
0.596556 1885
0.596556 1884
0.596556 1883
0.596556 1882
0.596556 1881
0.596556 1880
0.596556 1879
0.596556 1878
0.596556 1877
0.596556 1876
0.596556 1875
0.596556 1874
0.596556 1873
0.596556 1872
0.596556 1871
0.596556 1870
0.596556 1869
0.596556 1868
0.596556 1867
0.596556 1866
0.596556 1865
0.596556 1864
0.596556 1863
0.596556 1862
0.596556 1861
0.596556 1860
0.596556 1859
0.596556 1858
0.596556 1857
0.596556 1856
0.596556 1855
0.596556 1854
0.596556 1853
0.596556 1852
0.596556 1851
0.596556 1850
0.596556 1849
0.596556 1848
0.596556 1847
0.596556 1846
0.596556 1845
0.596556 1844
0.596556 1843
0.596556 1842
0.596556 1841
0.596556 1840
0.596556 1839
0.596556 1838
0.596556 1837
0.596556 1836
0.596556 1835
0.596556 1834
0.596556 1833
0.596556 1832
0.596556 1831
0.596556 1830
0.596556 1829
0.596556 1828
0.596556 1827
0.596556 1826
0.596556 1825
0.596556 1824
0.596556 1823
0.596441 1823
0.596441 1822
0.596441 1821
0.596441 1820
0.596416 1819
0.596416 1818
0.596416 1817
0.596416 1816
0.596416 1815
0.596416 1814
0.596416 1813
0.596321 1812
0.596321 1811
0.596321 1810
0.596321 1809
0.596321 1808
0.596321 1807
0.596321 1806
0.596321 1805
0.596321 1804
0.596321 1803
0.596321 1802
0.596321 1801
0.596321 1800
0.596321 1799
0.596321 1798
0.596321 1797
0.596321 1796
0.596321 1795
0.596321 1794
0.596275 1793
0.596275 1792
0.596275 1791
0.596275 1790
0.596275 1789
0.596275 1788
0.596275 1787
0.596275 1786
0.596275 1785
0.596275 1784
0.596275 1783
0.596275 1782
0.596275 1781
0.596275 1780
0.596275 1779
0.596275 1778
0.596275 1777
0.596275 1776
0.596275 1775
0.596275 1774
0.596275 1773
0.596275 1772
0.596275 1771
0.596275 1770
0.596275 1769
0.596275 1768
0.596275 1767
0.596275 1766
0.596275 1765
0.596275 1764
0.596275 1763
0.596275 1762
0.596275 1761
0.596275 1760
0.596275 1759
0.596275 1758
0.596275 1757
0.596168 1757
0.596168 1756
0.596168 1755
0.596168 1754
0.596168 1753
0.596168 1752
0.596168 1751
0.596168 1750
0.596168 1749
0.596168 1748
0.596168 1747
0.596168 1746
0.596168 1745
0.596168 1744
0.596168 1743
0.596168 1742
0.596168 1741
0.596168 1740
0.596168 1739
0.596168 1738
0.596168 1737
0.596168 1736
0.596168 1735
0.596168 1734
0.596168 1733
0.596168 1732
0.596168 1731
0.596168 1730
0.596168 1729
0.596168 1728
0.596168 1727
0.596168 1726
0.596168 1725
0.596168 1724
0.596168 1723
0.596168 1722
0.596168 1721
0.596168 1720
0.596168 1719
0.596168 1718
0.596168 1717
0.596168 1716
0.596168 1715
0.596168 1714
0.596168 1713
0.596168 1712
0.596168 1711
0.596168 1710
0.596168 1709
0.596168 1708
0.596168 1707
0.596168 1706
0.596168 1705
0.596168 1704
0.596168 1703
0.596168 1702
0.596168 1701
0.596168 1700
0.596168 1699
0.596168 1698
0.596168 1697
0.596168 1696
0.596168 1695
0.596168 1694
0.596168 1693
0.596168 1692
0.596168 1691
0.596168 1690
0.596168 1689
0.596168 1688
0.596168 1687
0.596168 1686
0.596168 1685
0.596168 1684
0.596168 1683
0.596168 1682
0.596168 1681
0.596168 1680
0.596168 1679
0.596168 1678
0.596168 1677
0.596168 1676
0.596168 1675
0.596168 1674
0.596168 1673
0.596168 1672
0.596168 1671
0.596168 1670
0.596168 1669
0.596168 1668
0.596168 1667
0.596168 1666
0.596168 1665
0.596168 1664
0.596168 1663
0.596168 1662
0.596168 1661
0.596168 1660
0.5961 1659
0.596081 1658
0.596081 1657
0.596081 1656
0.596081 1655
0.596081 1654
0.596081 1653
0.596081 1652
0.596081 1651
0.596081 1650
0.596081 1649
0.596081 1648
0.596081 1647
0.596081 1646
0.596081 1645
0.596081 1644
0.596081 1643
0.596081 1642
0.595944 1642
0.595944 1641
0.595944 1640
0.595944 1639
0.595944 1638
0.595944 1637
0.595944 1636
0.595944 1635
0.595944 1634
0.595944 1633
0.595847 1633
0.595847 1632
0.595847 1631
0.595847 1630
0.595847 1629
0.595748 1629
0.595748 1628
0.595748 1627
0.595748 1626
0.595748 1625
0.595748 1624
0.595748 1623
0.595748 1622
0.595748 1621
0.595748 1620
0.595748 1619
0.595748 1618
0.595748 1617
0.595748 1616
0.595748 1615
0.595748 1614
0.595748 1613
0.595748 1612
0.595748 1611
0.595748 1610
0.595748 1609
0.595748 1608
0.595748 1607
0.595748 1606
0.595748 1605
0.595748 1604
0.595748 1603
0.595653 1602
0.595653 1601
0.595653 1600
0.595653 1599
0.595653 1598
0.595653 1597
0.595653 1596
0.595653 1594
0.595653 1593
0.595653 1592
0.595653 1591
0.595653 1590
0.595653 1589
0.595594 1588
0.595512 1587
0.595512 1586
0.595512 1585
0.595512 1584
0.59541 1584
0.59541 1583
0.59541 1582
0.59541 1581
0.59541 1580
0.59541 1579
0.59541 1578
0.59541 1577
0.59541 1576
0.59541 1575
0.59541 1574
0.59541 1573
0.59541 1572
0.59541 1571
0.595307 1571
0.595307 1570
0.595307 1569
0.595307 1568
0.595307 1567
0.595305 1566
0.595305 1565
0.595305 1564
0.595222 1563
0.595222 1562
0.595222 1561
0.595222 1560
0.595222 1559
0.595222 1558
0.595222 1557
0.595222 1556
0.595222 1555
0.595222 1554
0.595222 1553
0.595222 1552
0.595222 1551
0.595222 1550
0.595222 1549
0.595222 1548
0.595222 1547
0.595222 1546
0.595222 1545
0.595222 1544
0.595222 1543
0.595222 1542
0.595222 1541
0.595222 1540
0.595222 1539
0.595222 1538
0.595222 1537
0.595222 1536
0.595222 1535
0.595222 1534
0.595222 1533
0.595145 1532
0.595145 1531
0.595145 1530
0.595145 1529
0.595145 1528
0.595145 1527
0.595145 1526
0.595145 1525
0.595145 1524
0.595145 1523
0.595145 1522
0.595145 1521
0.595145 1520
0.595145 1519
0.595145 1518
0.595041 1518
0.595041 1517
0.595041 1516
0.595041 1515
0.59494 1515
0.59494 1514
0.59494 1513
0.59494 1512
0.59494 1511
0.59494 1510
0.59494 1509
0.59494 1508
0.59494 1507
0.59494 1506
0.59494 1505
0.59494 1504
0.59494 1503
0.59494 1502
0.59494 1501
0.59494 1500
0.59494 1499
0.59494 1498
0.59494 1497
0.59494 1496
0.59494 1495
0.59494 1494
0.59494 1493
0.59494 1492
0.59494 1491
0.59494 1490
0.59494 1489
0.59494 1488
0.59494 1487
0.59494 1486
0.59494 1485
0.59494 1484
0.59494 1483
0.594784 1483
0.594784 1482
0.594784 1481
0.594784 1480
0.594784 1479
0.594784 1478
0.594784 1477
0.594784 1476
0.594784 1475
0.594784 1474
0.594784 1473
0.594784 1472
0.594784 1471
0.594784 1470
0.59476 1469
0.59476 1468
0.59476 1467
0.59476 1466
0.59476 1465
0.59476 1464
0.59476 1463
0.59476 1462
0.59476 1461
0.59476 1460
0.59476 1459
0.59476 1458
0.59476 1457
0.59476 1456
0.59476 1455
0.59476 1454
0.59476 1453
0.59476 1452
0.594757 1451
0.594757 1450
0.594757 1449
0.594757 1448
0.594757 1447
0.594757 1446
0.594757 1445
0.594757 1444
0.594757 1443
0.594757 1442
0.594694 1441
0.594694 1440
0.594694 1439
0.594694 1438
0.594694 1437
0.594694 1436
0.594694 1435
0.594694 1434
0.594694 1433
0.594694 1432
0.594694 1431
0.594694 1430
0.594694 1429
0.594694 1428
0.594694 1427
0.594694 1426
0.594694 1425
0.594694 1424
0.594551 1424
0.594551 1423
0.594551 1422
0.594517 1421
0.594517 1420
0.594517 1419
0.594517 1418
0.594507 1417
0.594498 1416
0.594498 1415
0.594498 1414
0.594498 1413
0.594498 1412
0.594498 1411
0.594498 1410
0.594498 1409
0.594498 1408
0.594498 1407
0.594498 1406
0.594498 1405
0.594479 1404
0.594479 1403
0.594479 1402
0.594479 1401
0.594479 1400
0.594479 1399
0.594479 1398
0.594479 1397
0.594479 1396
0.594479 1395
0.594479 1394
0.594479 1393
0.594479 1392
0.594479 1391
0.594479 1390
0.594479 1389
0.594479 1388
0.594479 1387
0.594479 1386
0.594479 1385
0.594479 1384
0.594479 1383
0.594479 1382
0.594479 1381
0.594478 1380
0.594478 1379
0.594478 1378
0.594478 1377
0.594478 1376
0.594478 1375
0.594478 1374
0.594478 1373
0.594478 1372
0.594478 1371
0.594478 1370
0.594478 1369
0.594478 1368
0.594478 1367
0.594478 1366
0.594478 1365
0.594478 1364
0.594478 1363
0.594478 1362
0.594478 1361
0.594478 1360
0.594478 1359
0.594478 1358
0.594478 1357
0.594478 1356
0.594478 1355
0.594478 1354
0.594478 1353
0.594478 1352
0.594478 1351
0.594478 1350
0.594478 1349
0.594478 1348
0.594478 1347
0.594478 1346
0.594478 1345
0.594478 1344
0.594478 1343
0.594478 1342
0.594478 1341
0.594478 1340
0.594478 1339
0.594478 1338
0.594478 1337
0.594478 1336
0.594478 1335
0.594478 1334
0.594478 1333
0.594478 1332
0.594478 1331
0.594478 1330
0.594478 1329
0.594478 1328
0.594478 1327
0.594478 1326
0.594478 1325
0.594478 1324
0.594478 1323
0.594478 1322
0.594478 1321
0.594478 1320
0.594478 1319
0.594478 1318
0.594478 1317
0.594478 1316
0.594478 1315
0.594478 1314
0.594478 1313
0.594478 1312
0.594478 1311
0.594478 1310
0.594478 1309
0.594478 1308
0.594478 1307
0.594478 1306
0.594478 1305
0.594478 1304
0.594379 1304
0.594379 1303
0.594379 1302
0.594379 1301
0.594379 1300
0.594379 1299
0.594379 1298
0.594379 1297
0.594379 1296
0.594379 1295
0.594379 1294
0.594379 1293
0.594379 1292
0.594379 1291
0.594379 1290
0.594379 1289
0.594379 1288
0.594379 1287
0.594379 1286
0.594379 1285
0.594379 1284
0.594379 1283
0.594379 1282
0.594379 1281
0.594379 1280
0.594379 1279
0.594379 1278
0.594379 1277
0.594346 1276
0.594346 1275
0.594346 1274
0.594346 1273
0.594243 1273
0.594243 1272
0.594243 1271
0.594243 1270
0.594243 1269
0.594243 1268
0.594243 1267
0.594243 1266
0.594243 1265
0.594243 1264
0.594243 1263
0.594243 1262
0.594243 1261
0.594243 1260
0.594243 1259
0.594243 1258
0.594243 1257
0.594243 1256
0.594243 1255
0.594243 1254
0.594182 1253
0.594182 1252
0.594182 1251
0.594182 1250
0.594182 1249
0.594014 1249
0.594014 1248
0.593891 1248
0.593891 1247
0.593891 1246
0.593891 1245
0.593891 1244
0.593891 1243
0.593891 1242
0.593891 1241
0.59379 1241
0.59379 1240
0.59379 1239
0.59379 1238
0.59379 1237
0.59379 1236
0.59379 1235
0.59379 1234
0.59379 1233
0.59379 1232
0.59379 1231
0.59379 1230
0.59379 1229
0.59379 1228
0.59379 1227
0.59379 1226
0.593702 1225
0.593702 1224
0.593702 1223
0.593702 1222
0.593702 1221
0.593702 1220
0.593702 1219
0.593702 1218
0.593702 1217
0.593702 1216
0.593702 1215
0.593702 1214
0.593702 1213
0.593702 1212
0.593702 1211
0.593671 1210
0.593671 1209
0.593671 1208
0.593525 1208
0.593525 1207
0.593525 1206
0.593487 1205
0.593346 1205
0.593346 1204
0.593346 1203
0.593346 1202
0.593346 1201
0.593346 1200
0.593346 1199
0.593346 1198
0.593346 1197
0.593346 1196
0.593346 1195
0.593346 1194
0.593346 1193
0.593346 1192
0.593346 1191
0.593346 1190
0.59332 1189
0.59332 1188
0.59332 1187
0.593284 1186
0.593284 1185
0.593284 1184
0.593284 1183
0.593284 1182
0.593284 1181
0.593284 1180
0.593284 1179
0.593284 1178
0.593284 1177
0.593252 1176
0.593252 1175
0.593252 1174
0.593252 1173
0.593252 1172
0.593252 1171
0.593252 1170
0.593252 1169
0.593252 1168
0.593252 1167
0.593252 1166
0.593252 1165
0.593252 1164
0.593128 1164
0.593128 1163
0.593128 1162
0.593128 1161
0.593128 1160
0.593128 1159
0.593128 1158
0.593013 1158
0.593013 1157
0.593013 1156
0.593013 1155
0.593013 1154
0.593013 1153
0.5929 1153
0.5929 1152
0.592745 1152
0.592745 1151
0.592745 1150
0.592621 1150
0.592621 1149
0.592568 1148
0.592568 1147
0.592423 1147
0.592423 1146
0.592423 1145
0.592423 1144
0.592423 1143
0.592423 1142
0.592423 1141
0.592286 1141
0.592286 1140
0.592286 1139
0.592286 1138
0.592286 1137
0.592286 1136
0.592286 1135
0.592286 1134
0.592286 1133
0.592286 1132
0.592286 1131
0.592286 1130
0.592286 1129
0.592286 1128
0.592286 1127
0.592286 1126
0.592286 1125
0.592286 1124
0.592286 1123
0.592286 1122
0.592286 1121
0.592286 1120
0.592286 1119
0.592286 1118
0.592286 1117
0.592286 1116
0.592286 1115
0.592286 1114
0.592286 1113
0.592286 1112
0.592286 1111
0.592286 1110
0.592182 1110
0.592182 1109
0.592182 1108
0.592182 1107
0.592182 1106
0.592182 1105
0.592182 1104
0.592182 1103
0.592182 1102
0.592182 1101
0.592182 1100
0.592182 1099
0.592182 1098
0.592182 1097
0.592182 1096
0.592182 1095
0.592182 1094
0.592182 1093
0.592182 1092
0.592182 1091
0.592182 1090
0.592182 1089
0.592182 1088
0.592182 1087
0.592182 1086
0.592182 1085
0.592182 1084
0.592182 1083
0.592182 1082
0.592182 1081
0.592182 1080
0.592106 1079
0.592106 1078
0.592106 1077
0.592106 1076
0.592106 1075
0.592106 1074
0.592106 1073
0.592106 1072
0.592106 1071
0.592106 1070
0.592106 1069
0.592106 1068
0.592106 1067
0.592039 1066
0.592039 1065
0.592039 1064
0.592039 1063
0.592039 1062
0.592039 1061
0.592039 1060
0.592039 1059
0.592039 1058
0.592039 1057
0.592039 1056
0.592039 1055
0.592039 1054
0.592039 1053
0.592039 1052
0.591891 1052
0.591891 1051
0.591891 1050
0.591891 1049
0.591812 1048
0.591801 1047
0.591801 1046
0.591801 1045
0.591801 1044
0.591801 1043
0.591801 1042
0.591801 1041
0.591801 1040
0.591801 1039
0.591801 1038
0.591801 1037
0.591801 1036
0.591801 1035
0.591687 1035
0.591687 1034
0.591687 1033
0.591687 1032
0.591687 1031
0.591577 1031
0.591577 1030
0.591577 1029
0.591577 1028
0.59142 1028
0.59142 1027
0.59142 1026
0.59142 1025
0.59142 1024
0.59142 1023
0.59142 1022
0.59142 1021
0.59142 1020
0.59142 1019
0.59142 1018
0.59142 1017
0.59142 1016
0.591311 1016
0.591311 1015
0.591311 1014
0.591311 1013
0.591311 1012
0.591311 1011
0.591195 1011
0.591195 1010
0.591104 1009
0.591104 1008
0.591104 1007
0.591104 1006
0.591104 1005
0.59109 1004
0.59109 1003
0.59109 1002
0.59109 1001
0.59109 1000
0.59109 999
0.59109 998
0.59109 997
0.59109 996
0.591012 995
0.591012 994
0.591012 993
0.591012 992
0.591012 991
0.591012 990
0.591012 989
0.591012 988
0.591012 987
0.591012 986
0.591012 985
0.591012 984
0.591012 983
0.591012 982
0.591012 981
0.591012 980
0.591012 979
0.591012 978
0.591012 977
0.591012 976
0.591012 975
0.591012 974
0.591012 973
0.591012 972
0.591012 971
0.591012 970
0.591012 969
0.591012 968
0.591012 967
0.591012 966
0.591012 965
0.591012 964
0.591012 963
0.591012 962
0.591012 961
0.591012 960
0.591012 959
0.591012 958
0.591012 957
0.591012 956
0.591012 955
0.591012 954
0.591012 953
0.591012 952
0.591012 951
0.591012 950
0.591012 949
0.591012 948
0.590876 948
0.590717 948
0.590717 947
0.590717 946
0.590714 945
0.590714 944
0.590714 943
0.590714 942
0.590714 941
0.590714 940
0.590714 939
0.590714 938
0.590714 937
0.590714 936
0.590714 935
0.590714 934
0.590575 934
0.590575 933
0.590575 931
0.590575 930
0.590575 929
0.590575 928
0.590575 927
0.590575 926
0.590575 925
0.590575 924
0.590575 923
0.590575 922
0.590575 921
0.590575 920
0.590575 919
0.590575 918
0.590575 917
0.590575 916
0.590575 915
0.590575 914
0.590575 913
0.590575 912
0.590575 911
0.590575 910
0.590575 909
0.590575 908
0.590515 907
0.590515 906
0.590501 905
0.590501 904
0.590501 903
0.590501 902
0.590501 901
0.590501 900
0.590501 899
0.590501 898
0.590501 897
0.590501 896
0.590501 895
0.590501 894
0.590501 893
0.590501 892
0.590501 891
0.590501 890
0.590501 889
0.590501 888
0.590501 887
0.590501 886
0.590383 886
0.590383 885
0.590383 884
0.590383 883
0.590383 882
0.590383 881
0.590383 880
0.590383 879
0.590383 878
0.590383 877
0.590383 876
0.590383 875
0.590383 874
0.590383 873
0.590383 872
0.59024 872
0.59024 871
0.59022 870
0.59022 869
0.59022 868
0.59022 867
0.59022 866
0.590182 865
0.590182 864
0.590182 863
0.590182 862
0.590182 861
0.590182 860
0.590182 859
0.590036 859
0.590036 858
0.590036 857
0.590036 856
0.590036 855
0.590036 854
0.590036 853
0.590036 852
0.590036 851
0.590036 850
0.590036 849
0.590036 848
0.590036 847
0.590036 846
0.590036 845
0.590036 844
0.590036 843
0.590036 842
0.590036 841
0.589928 841
0.589928 840
0.589928 839
0.589928 838
0.589928 837
0.589928 836
0.589928 835
0.589928 834
0.589928 833
0.589928 832
0.589928 831
0.589928 830
0.589928 829
0.589928 828
0.589928 827
0.589928 826
0.589928 825
0.589928 824
0.589928 823
0.589857 822
0.589857 821
0.589857 820
0.589857 819
0.589857 818
0.589745 818
0.589745 817
0.589745 816
0.589745 815
0.589745 814
0.589745 813
0.589745 812
0.589745 811
0.589745 810
0.589625 810
0.589625 809
0.589625 808
0.589625 807
0.58949 807
0.589345 807
0.589345 806
0.589345 805
0.589232 805
0.589232 804
0.589232 803
0.589232 802
0.589232 801
0.589232 800
0.589232 799
0.589232 798
0.589232 797
0.589232 796
0.589232 795
0.589232 794
0.589099 794
0.589099 793
0.589099 792
0.589099 791
0.589099 790
0.589099 789
0.589099 788
0.589099 787
0.588993 787
0.588993 786
0.588993 785
0.588993 784
0.588993 783
0.588878 783
0.588878 782
0.588878 781
0.588878 780
0.588878 779
0.588878 778
0.588878 777
0.588832 776
0.588832 775
0.588832 774
0.588832 773
0.588832 772
0.588832 771
0.588832 770
0.588832 769
0.588832 768
0.588745 767
0.588745 766
0.588745 765
0.588745 764
0.588745 763
0.588745 762
0.588617 762
0.588617 761
0.588532 760
0.588532 759
0.588532 758
0.588532 757
0.588532 756
0.588532 755
0.588532 754
0.588532 753
0.588532 752
0.588532 751
0.588532 750
0.588532 749
0.588532 748
0.588532 747
0.588532 746
0.588532 745
0.588532 744
0.588532 743
0.588393 743
0.588283 743
0.588283 742
0.588212 741
0.588212 740
0.588212 739
0.588212 738
0.588212 737
0.588212 736
0.58809 736
0.58809 735
0.58809 734
0.58809 733
0.587947 733
0.587947 732
0.587947 731
0.587947 730
0.587947 729
0.587947 728
0.587947 727
0.587947 726
0.587947 725
0.587897 724
0.587897 723
0.587897 722
0.587897 721
0.587897 720
0.587853 719
0.587853 718
0.587853 717
0.587853 716
0.587853 715
0.587746 715
0.587746 714
0.587746 713
0.587746 712
0.587746 711
0.587746 710
0.587746 709
0.587746 708
0.587746 707
0.587746 706
0.587746 705
0.587746 704
0.587746 703
0.587746 702
0.587746 701
0.587746 700
0.587584 700
0.587584 699
0.587584 698
0.587584 697
0.587584 696
0.587584 695
0.587584 694
0.587584 693
0.587584 692
0.587584 691
0.587584 690
0.587584 689
0.587516 688
0.587516 687
0.587516 686
0.587432 685
0.587432 684
0.587432 683
0.587401 682
0.587401 681
0.587401 680
0.587401 679
0.587401 678
0.587401 677
0.587401 676
0.587401 675
0.587401 674
0.587401 673
0.587389 672
0.587389 671
0.587389 670
0.587389 669
0.587287 669
0.587169 669
0.587169 668
0.587169 667
0.587082 666
0.587082 665
0.587082 664
0.587082 663
0.587082 662
0.587082 661
0.587082 660
0.587082 659
0.587082 658
0.586958 658
0.586958 657
0.586958 656
0.586958 655
0.586958 654
0.586958 653
0.586958 652
0.586925 651
0.586925 650
0.586925 649
0.586925 648
0.586925 647
0.586925 646
0.586925 645
0.586775 645
0.586775 644
0.586694 643
0.586694 642
0.586694 641
0.586694 640
0.586694 639
0.586626 638
0.586626 637
0.586556 636
0.586556 635
0.586556 634
0.586428 634
0.586428 633
0.586428 632
0.586428 631
0.586396 630
0.586236 630
0.586236 629
0.586236 628
0.586236 627
0.586236 626
0.586236 625
0.586236 624
0.586229 623
0.586229 622
0.586229 621
0.586229 620
0.586229 619
0.586229 618
0.586229 617
0.586229 616
0.586229 615
0.586229 614
0.586229 613
0.586229 612
0.586229 611
0.586229 610
0.586229 609
0.586229 608
0.586229 607
0.586229 606
0.586201 605
0.586201 604
0.586201 603
0.586201 602
0.586201 601
0.586201 600
0.586132 599
0.586132 598
0.586132 597
0.586113 596
0.586006 596
0.586006 595
0.586006 594
0.585846 594
0.585846 593
0.585846 592
0.585846 591
0.585846 590
0.585846 589
0.585846 588
0.585809 587
0.585809 586
0.585809 585
0.585809 584
0.585809 583
0.585809 582
0.585809 581
0.585809 580
0.585809 579
0.585809 578
0.585809 577
0.585809 576
0.585667 576
0.58552 576
0.58552 575
0.58552 574
0.585467 573
0.585467 572
0.585467 571
0.585467 570
0.585467 569
0.585467 568
0.585358 568
0.585358 567
0.585209 567
0.585209 566
0.585209 565
0.585209 564
0.585209 563
0.585209 562
0.585209 561
0.585209 560
0.585209 559
0.585209 558
0.585209 557
0.5851 557
0.5851 556
0.584978 556
0.584978 555
0.584978 554
0.584978 553
0.584978 552
0.584978 551
0.584904 551
0.584904 550
0.584766 550
0.584766 549
0.584766 548
0.584766 547
0.584766 546
0.584766 545
0.584766 544
0.584766 543
0.584766 542
0.584766 541
0.584766 540
0.584685 539
0.584685 538
0.584685 537
0.584685 536
0.584576 536
0.584576 535
0.584576 534
0.584576 533
0.584576 532
0.584458 532
0.584458 531
0.584458 530
0.584458 529
0.584458 528
0.584458 527
0.58433 527
0.58433 526
0.584239 525
0.584239 524
0.584087 524
0.584087 523
0.584087 522
0.584087 521
0.584087 520
0.584018 519
0.584018 518
0.584018 517
0.583943 516
0.583943 515
0.583818 515
0.583818 514
0.583818 513
0.583818 512
0.583781 511
0.583781 510
0.583781 509
0.583781 508
0.583781 507
0.583781 506
0.583781 505
0.583781 504
0.583672 504
0.583672 503
0.583672 502
0.583672 501
0.583672 500
0.583672 499
0.583672 498
0.583544 498
0.583544 497
0.583544 496
0.583544 495
0.583544 494
0.583544 493
0.583544 492
0.583538 491
0.583538 490
0.583538 489
0.583538 488
0.583538 487
0.583538 486
0.583498 485
0.583388 485
0.583388 484
0.583388 483
0.583388 482
0.583388 481
0.583388 480
0.583388 479
0.583388 478
0.583388 477
0.583388 476
0.583388 475
0.583388 474
0.583388 473
0.583323 472
0.583323 471
0.583323 470
0.583323 469
0.583323 468
0.583185 468
0.583185 467
0.583185 466
0.583116 465
0.583116 464
0.583003 464
0.583003 463
0.583003 462
0.582922 461
0.582922 460
0.582796 460
0.582796 459
0.582796 458
0.582796 457
0.582796 456
0.582796 455
0.582796 454
0.582796 453
0.582796 452
0.582796 451
0.582711 450
0.582711 449
0.582711 448
0.582711 447
0.582711 446
0.582677 445
0.582677 444
0.582677 443
0.582566 443
0.582521 442
0.582521 441
0.582394 441
0.582394 440
0.582394 439
0.582394 438
0.582317 437
0.582317 436
0.582317 435
0.582317 434
0.582317 433
0.582194 433
0.582194 432
0.582194 431
0.582194 430
0.582123 429
0.582123 428
0.581982 428
0.581982 427
0.581982 426
0.581982 425
0.581982 424
0.581982 423
0.581842 423
0.581842 422
0.581842 421
0.581842 420
0.581842 419
0.581842 418
0.581842 417
0.581842 416
0.581766 415
0.581766 414
0.581766 413
0.581646 413
0.581646 412
0.581646 411
0.581646 410
0.581646 409
0.581646 408
0.581646 407
0.581646 406
0.581646 405
0.581646 404
0.581642 403
0.581561 402
0.581561 401
0.581561 400
0.581561 399
0.581561 398
0.581474 397
0.581474 395
0.581474 394
0.581474 393
0.581474 392
0.581474 391
0.581474 390
0.581474 389
0.581364 389
0.581364 388
0.581364 387
0.581364 386
0.581364 385
0.581364 384
0.581364 383
0.581364 382
0.581364 381
0.581364 380
0.581364 379
0.581364 378
0.581233 378
0.581233 377
0.581233 376
0.581233 375
0.581233 374
0.581233 373
0.581233 372
0.581233 371
0.581233 370
0.581094 370
0.581001 369
0.581001 368
0.581001 367
0.581001 366
0.581001 365
0.581001 364
0.581001 363
0.580867 363
0.580867 362
0.580716 362
0.580584 362
0.580584 361
0.580584 360
0.580584 359
0.580584 358
0.580445 358
0.580445 357
0.580445 356
0.580303 356
0.580303 355
0.580141 355
0.580141 354
0.58011 353
0.58007 352
0.58007 351
0.58007 350
0.58007 349
0.579946 349
0.579946 348
0.579946 347
0.579946 346
0.579815 346
0.579687 346
0.579572 346
0.579572 345
0.579572 344
0.579572 343
0.579427 343
0.579427 342
0.579321 342
0.579321 341
0.579204 341
0.579204 340
0.579204 339
0.579074 339
0.579074 338
0.578917 338
0.578824 337
0.578824 336
0.578729 335
0.5786 335
0.5786 334
0.578497 334
0.578497 333
0.578398 333
0.578272 333
0.578177 332
0.578071 332
0.578071 331
0.578071 330
0.578055 329
0.578055 328
0.578055 327
0.577941 327
0.577941 326
0.577821 326
0.577686 326
0.577686 325
0.577686 324
0.57755 324
0.57755 323
0.57755 322
0.577482 321
0.577482 320
0.577482 319
0.577482 318
0.577339 318
0.577339 317
0.577339 316
0.577339 315
0.577339 314
0.577201 314
0.577201 313
0.577054 313
0.577054 312
0.576985 311
0.576985 310
0.576895 309
0.576895 308
0.57679 308
0.57679 307
0.576661 307
0.576661 306
0.576661 305
0.576661 304
0.576529 304
0.576443 303
0.576323 303
0.576323 302
0.576323 301
0.576323 300
0.576216 300
0.576125 299
0.575995 299
0.575995 298
0.575995 297
0.575995 296
0.575892 296
0.575892 295
0.575892 294
0.575885 293
0.57575 293
0.57575 292
0.57575 291
0.57563 291
0.575487 291
0.575386 291
0.575386 290
0.575217 290
0.575217 289
0.575114 289
0.575001 289
0.575001 288
0.575001 287
0.575001 286
0.575001 285
0.575001 284
0.574932 283
0.574932 282
0.574932 281
0.574831 281
0.574716 281
0.574716 280
0.574716 279
0.574627 278
0.574627 277
0.574627 276
0.574627 275
0.574627 274
0.574498 274
0.574365 274
0.57424 274
0.57413 274
0.574043 273
0.574043 272
0.573991 271
0.573991 270
0.573991 269
0.573991 268
0.573991 267
0.573919 266
0.573783 266
0.573676 266
0.57357 266
0.57357 265
0.573451 265
0.573308 265
0.573308 264
0.573308 263
0.573308 262
0.573308 261
0.573138 261
0.573138 260
0.573025 260
0.573025 259
0.573025 258
0.572975 257
0.572818 257
0.572818 256
0.57269 256
0.57269 255
0.57269 254
0.57269 253
0.572571 253
0.572446 253
0.572362 252
0.572362 251
0.572362 250
0.572362 249
0.572278 248
0.572148 248
0.572033 248
0.572033 247
0.572033 246
0.572033 245
0.571919 245
0.571782 245
0.571684 245
0.571592 244
0.571483 244
0.571359 244
0.571232 244
0.571119 244
0.571119 243
0.571119 242
0.571119 241
0.571 241
0.570848 241
0.570848 240
0.570848 239
0.570848 238
0.570848 237
0.570848 236
0.570848 235
0.570848 234
0.570848 233
0.57071 233
0.570596 233
0.570596 232
0.570453 232
0.570453 231
0.570336 231
0.570336 230
0.570243 229
0.570152 228
0.570035 228
0.570035 227
0.56995 226
0.569796 226
0.569711 225
0.569711 224
0.569711 223
0.569711 222
0.569598 222
0.569462 222
0.569462 221
0.569462 220
0.569355 220
0.569217 220
0.569217 219
0.569217 218
0.569117 218
0.569117 217
0.569117 216
0.569117 215
0.569007 215
0.569007 214
0.569007 213
0.569007 212
0.569007 211
0.569007 210
0.568851 210
0.568851 209
0.568728 209
0.568575 209
0.568456 209
0.568456 208
0.568309 208
0.568309 207
0.568203 207
0.568069 207
0.568069 206
0.567967 206
0.567894 205
0.567776 205
0.567776 204
0.567672 204
0.56753 204
0.567402 204
0.567274 204
0.567274 203
0.567161 203
0.567076 202
0.566952 202
0.566952 201
0.566834 201
0.566702 201
0.566702 200
0.566702 199
0.566702 198
0.566702 197
0.566702 196
0.566702 195
0.566702 194
0.566551 194
0.566551 193
0.566428 193
0.566338 192
0.566223 192
0.566099 192
0.565983 192
0.56593 191
0.565815 191
0.565673 191
0.565673 190
0.565537 190
0.565392 190
0.565254 190
0.565164 189
0.565164 188
0.565164 187
0.565066 187
0.564926 187
0.564793 187
0.564709 186
0.564584 186
0.564584 185
0.564453 185
0.564358 184
0.564244 184
0.564095 184
0.563981 184
0.563981 183
0.563981 182
0.563816 182
0.563816 181
0.56369 181
0.563583 181
0.56345 181
0.563294 181
0.563159 181
0.563054 181
0.562914 181
0.562836 180
0.56274 179
0.562625 179
0.562475 179
0.562475 178
0.562373 178
0.562373 177
0.562159 177
0.562055 177
0.562055 176
0.561949 176
0.561835 176
0.561835 175
0.561835 174
0.561724 174
0.561612 174
0.561612 173
0.561612 172
0.561505 172
0.561505 171
0.561373 171
0.561225 171
0.561097 171
0.561097 170
0.560926 170
0.560815 170
0.560695 170
0.560569 170
0.560569 169
0.560456 169
0.560456 168
0.560324 168
0.560324 167
0.560324 166
0.560207 166
0.560119 165
0.560119 164
0.560044 163
0.560044 162
0.560044 161
0.559911 161
0.559911 160
0.559756 160
0.559625 160
0.559516 160
0.55939 160
0.559255 160
0.559255 159
0.559157 159
0.559063 158
0.558936 158
0.55877 158
0.558621 158
0.55845 158
0.558297 158
0.55815 158
0.558078 157
0.557984 156
0.557819 156
0.557745 155
0.557625 155
0.557502 155
0.557368 155
0.557368 154
0.557236 154
0.557236 153
0.557166 152
0.557166 151
0.557081 150
0.556962 150
0.556962 149
0.556962 148
0.556837 148
0.556724 148
0.556724 147
0.556611 147
0.556476 147
0.556395 146
0.556278 146
0.556142 146
0.556038 146
0.55593 146
0.555805 146
0.555699 146
0.555699 145
0.555699 144
0.555699 143
0.555592 143
0.555592 142
0.555452 142
0.55534 142
0.555231 142
0.55509 142
0.554988 142
0.554891 142
0.554891 141
0.554787 141
0.554645 141
0.554645 140
0.554512 140
0.554415 140
0.554287 140
0.554188 140
0.554033 140
0.553925 140
0.553925 139
0.553863 138
0.553729 138
0.553583 138
0.553467 138
0.553369 138
0.553256 138
0.553143 138
0.553048 137
0.552988 136
0.552898 135
0.552898 134
0.552769 134
0.552769 133
0.55265 133
0.55252 133
0.552368 133
0.552368 132
0.552216 132
0.55211 132
0.551978 132
0.551862 132
0.551766 131
0.551674 130
0.551541 130
0.551541 129
0.55145 128
0.55132 128
0.55132 127
0.551212 127
0.55107 127
0.55095 127
0.550841 127
0.550695 127
0.550628 126
0.550492 126
0.550377 126
0.550268 126
0.550137 126
0.550034 126
0.550034 125
0.54989 125
0.54978 125
0.549655 125
0.549559 124
0.549418 124
0.549311 124
0.549149 124
0.549043 124
0.548914 124
0.548798 124
0.548654 124
0.548519 124
0.548375 124
0.548375 123
0.548278 122
0.548138 122
0.54798 122
0.547855 122
0.547697 122
0.547591 122
0.547453 122
0.547321 122
0.547184 122
0.547086 122
0.546958 122
0.546823 122
0.546689 122
0.546558 122
0.54643 122
0.546312 122
0.546189 122
0.546071 122
0.545911 122
0.545808 122
0.545672 122
0.545577 121
0.545425 121
0.545305 121
0.545191 121
0.545023 121
0.544886 121
0.544796 120
0.544558 119
0.544448 119
0.544325 119
0.544325 118
0.544204 118
0.544081 118
0.544081 117
0.543969 117
0.543818 117
0.54368 117
0.54368 116
0.543582 116
0.543458 116
0.543333 116
0.543206 116
0.543081 116
0.542933 116
0.542785 116
0.542654 116
0.54254 116
0.542413 116
0.542283 116
0.54218 116
0.54208 116
0.541989 115
0.541837 115
0.541707 115
0.54159 115
0.541476 115
0.541472 114
0.541311 114
0.541311 113
0.541178 113
0.541076 113
0.540958 113
0.540871 112
0.540712 112
0.540601 112
0.540465 112
0.540382 111
0.540256 111
0.540145 111
0.54003 111
0.539873 111
0.539716 111
0.539603 111
0.539467 111
0.539367 111
0.539233 111
0.53907 111
0.53895 111
0.53886 110
0.538723 110
0.538584 110
0.538453 110
0.53833 110
0.538182 110
0.538065 110
0.537916 110
0.537795 110
0.537717 109
0.537562 109
0.537562 108
0.537439 108
0.537334 108
0.537181 108
0.537062 108
0.536948 108
0.536831 108
0.536702 108
0.536569 108
0.536468 108
0.53635 108
0.53635 107
0.536205 107
0.536069 107
0.535937 107
0.535837 107
0.535713 107
0.535585 107
0.535462 107
0.535309 107
0.535191 107
0.535048 107
0.534931 107
0.534861 106
0.534732 106
0.534585 106
0.534439 106
0.534439 105
0.534351 104
0.534253 104
0.534134 104
0.534014 104
0.534014 103
0.53391 103
0.533748 103
0.533609 103
0.533491 103
0.533407 102
0.533294 102
0.533155 102
0.533002 102
0.532899 102
0.532776 102
0.532647 102
0.532557 101
0.532444 101
0.532347 101
0.532207 101
0.532075 101
0.53194 101
0.53181 101
0.53169 101
0.531542 101
0.531452 100
0.531346 100
0.531212 100
0.531064 100
0.530963 100
0.530811 100
0.530729 99
0.530592 99
0.530517 98
0.530374 98
0.530374 97
0.530232 97
0.530102 97
0.529999 97
0.529871 97
0.529759 97
0.529641 97
0.529547 96
0.529419 96
0.52934 95
0.529203 95
0.529099 95
0.52898 95
0.528839 95
0.528716 95
0.528595 95
0.528476 95
0.528356 95
0.528241 95
0.528097 95
0.527979 95
0.527839 95
0.527715 95
0.527715 94
0.52762 93
0.527495 93
0.527385 93
0.527271 93
0.527174 93
0.527051 93
0.527051 92
0.526931 92
0.526791 92
0.526656 92
0.526501 92
0.526342 92
0.526215 92
0.526096 92
0.525955 92
0.525851 92
0.525851 91
0.525748 91
0.525602 91
0.525519 90
0.525401 90
0.525258 90
0.525122 90
0.525013 90
0.524899 90
0.524776 90
0.52467 90
0.524546 90
0.524406 90
0.524292 90
0.524199 89
0.524087 89
0.523967 89
0.523812 89
0.523673 89
0.52354 89
0.523425 89
0.52329 89
0.523174 89
0.523032 89
0.522924 89
0.52277 89
0.522658 89
0.522546 89
0.522425 89
0.522315 89
0.522195 89
0.52206 89
0.521946 89
0.521856 88
0.521712 88
0.521602 88
0.521498 88
0.521391 88
0.521293 88
0.521193 88
0.521057 88
0.520908 88
0.520776 88
0.520675 88
0.520558 88
0.520448 88
0.520347 88
0.520225 88
0.520093 88
0.519998 87
0.519998 86
0.519875 86
0.519751 86
0.519628 86
0.519495 86
0.519367 86
0.519247 86
0.519104 86
0.518949 86
0.51886 85
0.518764 84
0.518602 84
0.518487 84
0.518362 84
0.518223 84
0.518119 84
0.517974 84
0.517842 84
0.51773 84
0.517607 84
0.517607 83
0.51748 83
0.517373 83
0.517259 83
0.51711 83
0.516987 83
0.516859 83
0.516717 83
0.516571 83
0.516497 82
0.516345 82
0.516345 81
0.516203 81
0.51605 81
0.515911 81
0.515786 81
0.515683 81
0.515563 81
0.515408 81
0.515319 80
0.515205 80
0.515109 79
0.514963 79
0.514812 79
0.514666 79
0.514583 78
0.514583 77
0.514444 77
0.51432 77
0.514178 77
0.514105 76
0.513975 76
0.513835 76
0.513725 76
0.513631 75
0.513497 75
0.513343 75
0.513231 75
0.513139 74
0.512989 74
0.512831 74
0.512715 74
0.512593 74
0.512461 74
0.512309 74
0.512179 74
0.512032 74
0.511955 73
0.511821 73
0.511682 73
0.511546 73
0.511414 73
0.511265 73
0.511131 73
0.511036 72
0.51089 72
0.510797 71
0.510667 71
0.510578 70
0.510469 70
0.51036 70
0.51036 69
0.510239 69
0.510125 69
0.510022 69
0.509883 69
0.50977 69
0.509621 69
0.509486 69
0.509356 69
0.509257 69
0.509147 69
0.509041 69
0.509041 68
0.508925 68
0.508772 68
0.508669 68
0.508526 68
0.508418 68
0.508297 68
0.50818 68
0.508064 68
0.507963 68
0.507807 68
0.507645 68
0.507498 68
0.507361 68
0.507237 68
0.507085 68
0.506975 68
0.506817 68
0.506712 68
0.506571 68
0.506457 68
0.506303 68
0.506172 68
0.506087 67
0.506087 66
0.505961 66
0.505822 66
0.505674 66
0.505549 66
0.505449 66
0.505307 66
0.505184 66
0.505051 66
0.504917 66
0.504804 66
0.504665 66
0.50452 66
0.504393 66
0.504272 66
0.504153 66
0.50401 66
0.503883 66
0.503734 66
0.503593 66
0.503467 66
0.503329 66
0.503168 66
0.503057 66
0.502958 66
0.502817 66
0.502698 66
0.502592 66
0.502476 66
0.502361 66
0.502233 66
0.502112 66
0.501974 66
0.501874 66
0.501749 66
0.501638 66
0.501538 66
0.501538 65
0.50141 65
0.501294 65
0.501169 65
0.501069 65
0.500974 64
0.500901 63
0.500807 62
0.500756 61
0.50064 61
0.500535 61
0.500448 60
0.500366 59
0.500227 59
0.500102 59
0.499968 59
0.499847 59
0.4997 59
0.499599 59
0.499487 59
0.499364 59
0.499254 59
0.499122 59
0.498986 59
0.498861 59
0.498861 58
0.498743 58
0.498619 58
0.498497 58
0.498327 58
0.49819 58
0.498062 58
0.497957 58
0.497847 58
0.497717 58
0.497615 58
0.497506 58
0.497364 58
0.497228 58
0.497015 58
0.4969 58
0.496762 58
0.496628 58
0.496485 58
0.496363 58
0.49621 58
0.496088 58
0.495945 58
0.495858 57
0.495716 57
0.495634 56
0.495511 56
0.49537 56
0.495207 56
0.49511 55
0.494991 55
0.494871 55
0.494763 55
0.494669 54
0.494571 54
0.49444 54
0.494313 54
0.494183 54
0.494054 54
0.493933 54
0.493823 54
0.493679 54
0.493569 54
0.493458 54
0.493354 54
0.493219 54
0.493219 53
0.493114 53
0.493012 53
0.492881 53
0.492736 53
0.492577 53
0.492432 53
0.492304 53
0.492159 53
0.492033 53
0.491932 53
0.491843 52
0.491698 52
0.49159 52
0.491492 52
0.491359 52
0.491229 52
0.491116 52
0.491022 51
0.4909 51
0.49075 51
0.490611 51
0.490493 51
0.490391 51
0.490304 50
0.490167 50
0.490033 50
0.489912 50
0.489791 50
0.489622 50
0.489476 50
0.489329 50
0.489062 50
0.48894 50
0.488817 50
0.488681 50
0.488525 50
0.488379 50
0.488237 50
0.488101 50
0.487954 50
0.48781 50
0.487696 50
0.487564 50
0.48742 50
0.487286 50
0.487149 50
0.487012 50
0.486875 50
0.486757 50
0.486615 50
0.486488 50
0.486362 50
0.486245 50
0.486129 50
0.48599 50
0.48599 49
0.485869 49
0.485725 49
0.485596 49
0.485449 49
0.48534 49
0.485054 49
0.484932 49
0.484779 49
0.484604 49
0.484452 49
0.484308 49
0.484196 49
0.484044 49
0.483947 48
0.483793 48
0.483637 48
0.483486 48
0.483357 48
0.483241 48
0.48311 48
0.482955 48
0.482845 48
0.482714 48
0.482577 48
0.482423 48
0.482295 48
0.48215 48
0.482012 48
0.481869 48
0.48175 48
0.481605 48
0.481462 48
0.481301 48
0.481196 48
0.481073 48
0.480944 48
0.480837 48
0.480671 48
0.48057 48
0.480465 48
0.480334 48
0.480186 48
0.480054 48
0.479912 48
0.479912 47
0.479764 47
0.479677 46
0.479543 46
0.479293 45
0.479178 45
0.479064 45
0.478953 45
0.478829 45
0.478719 45
0.478582 45
0.478435 45
0.478351 44
0.478235 44
0.478084 44
0.477971 44
0.47784 44
0.47775 43
0.477602 43
0.477468 43
0.477336 43
0.477195 43
0.477048 43
0.476913 43
0.476815 43
0.476658 43
0.476523 43
0.476394 43
0.476268 43
0.476173 42
0.476033 42
0.475911 42
0.475806 42
0.475671 42
0.475561 42
0.475449 42
0.475338 42
0.475217 42
0.475063 42
0.474933 42
0.474796 42
0.474645 42
0.474511 42
0.474258 42
0.474132 42
0.473986 42
0.47386 42
0.473721 42
0.473561 42
0.473432 42
0.473295 42
0.473175 42
0.473039 42
0.472916 42
0.472802 42
0.472688 42
0.472573 42
0.472463 42
0.472362 42
0.472222 42
0.472115 42
0.471981 42
0.471852 42
0.471724 42
0.471573 42
0.471441 42
0.471314 42
0.471169 42
0.471034 42
0.4709 42
0.470796 42
0.470668 42
0.470528 42
0.470444 41
0.470298 41
0.470164 41
0.47003 41
0.46991 41
0.469792 41
0.469692 41
0.469542 41
0.469404 41
0.469236 41
0.469093 41
0.468971 41
0.468833 41
0.468706 41
0.468563 41
0.468425 41
0.468285 41
0.468186 41
0.468053 41
0.467931 41
0.467804 41
0.467648 41
0.467544 41
0.467544 40
0.467443 40
0.467319 40
0.467195 40
0.467079 40
0.466967 40
0.46684 40
0.466696 40
0.46659 40
0.46648 40
0.466378 40
0.466248 40
0.46611 40
0.465963 40
0.465847 40
0.465716 40
0.465592 40
0.465495 40
0.465389 40
0.465266 40
0.465158 40
0.465043 40
0.464955 39
0.464819 39
0.464675 39
0.464551 39
0.464416 39
0.464293 39
0.464128 39
0.463962 39
0.463853 39
0.463735 39
0.463569 39
0.463436 39
0.463299 39
0.463158 39
0.463074 38
0.462915 38
0.462791 38
0.462663 38
0.462526 38
0.46241 38
0.46228 38
0.462151 38
0.461984 38
0.461852 38
0.461716 38
0.46159 38
0.461469 38
0.461327 38
0.461196 38
0.461086 38
0.460984 38
0.460842 38
0.460723 38
0.460573 38
0.460409 38
0.460251 38
0.460107 38
0.460004 38
0.459869 38
0.459729 38
0.459595 38
0.459488 38
0.459367 38
0.459255 38
0.459117 38
0.458985 38
0.458837 38
0.458721 38
0.458591 38
0.458452 38
0.458355 37
0.458234 37
0.458101 37
0.457976 37
0.457882 36
0.45777 36
0.457685 35
0.457555 35
0.457396 35
0.457279 35
0.457112 35
0.457003 35
0.456866 35
0.456866 34
0.456732 34
0.456586 34
0.456486 34
0.456338 34
0.456186 34
0.456053 34
0.455913 34
0.455769 34
0.455629 34
0.455477 34
0.455346 34
0.455196 34
0.455066 34
0.454964 34
0.45483 34
0.454701 34
0.454585 34
0.45444 34
0.454317 34
0.454219 34
0.4541 34
0.453933 34
0.453835 34
0.453698 34
0.453578 34
0.453439 34
0.453273 34
0.453162 34
0.453053 34
0.452941 34
0.452822 34
0.452722 34
0.452605 34
0.452476 34
0.452342 34
0.452218 34
0.452081 34
0.451953 34
0.451819 34
0.451708 34
0.451574 34
0.451475 34
0.451353 34
0.451226 34
0.4511 34
0.450958 34
0.450819 34
0.450693 34
0.450545 34
0.450448 34
0.450334 34
0.4502 34
0.450097 34
0.449965 34
0.449838 34
0.449704 34
0.449562 34
0.449435 34
0.449304 34
0.449172 34
0.449041 34
0.448929 34
0.448779 34
0.448661 34
0.448517 34
0.448384 34
0.44823 34
0.448097 34
0.447959 34
0.447803 34
0.44768 34
0.447563 34
0.447426 34
0.447284 34
0.447165 34
0.447011 34
0.446851 34
0.446727 34
0.446582 34
0.446454 34
0.446328 34
0.446225 34
0.446073 34
0.445922 34
0.445799 34
0.445668 34
0.445548 34
0.445431 34
0.445321 34
0.445199 34
0.445061 34
0.444929 34
0.444796 34
0.444696 34
0.444581 34
0.444455 34
0.444324 34
0.4442 34
0.444051 34
0.443891 34
0.443757 34
0.443634 34
0.443496 34
0.443369 34
0.443247 34
0.443114 34
0.442988 34
0.442859 34
0.442713 34
0.442587 34
0.442465 34
0.442341 34
0.442206 34
0.4421 34
0.441979 34
0.441845 34
0.4417 34
0.441568 34
0.441465 34
0.441321 34
0.441185 34
0.441038 34
0.440881 34
0.44076 34
0.440631 34
0.440517 34
0.440397 34
0.440257 34
0.440128 34
0.439988 34
0.439851 34
0.439745 34
0.439569 34
0.439458 34
0.439308 34
0.439179 34
0.439041 34
0.438858 34
0.438756 34
0.43863 34
0.438493 34
0.438366 34
0.438228 34
0.438106 34
0.437969 34
0.437863 34
0.437752 34
0.437602 34
0.437488 34
0.437366 34
0.437245 34
0.437134 34
0.436981 34
0.436844 34
0.436727 34
0.436602 34
0.436445 34
0.436275 34
0.436116 34
0.435973 34
0.435826 34
0.43568 34
0.435557 34
0.435429 34
0.435278 34
0.435156 34
0.435 34
0.434862 34
0.434738 34
0.434596 34
0.434435 34
0.434303 34
0.43418 34
0.434049 34
0.433932 34
0.433793 34
0.433672 34
0.433528 34
0.433402 34
0.433285 34
0.433184 34
0.433037 34
0.432903 34
0.43276 34
0.432628 34
0.4325 34
0.432377 34
0.432243 34
0.432122 34
0.431985 34
0.431852 34
0.431742 34
0.431605 34
0.431471 34
0.431329 34
0.43119 34
0.431075 34
0.430959 34
0.430814 34
0.430677 34
0.430533 34
0.430423 34
0.430316 34
0.430206 34
0.430079 34
0.429947 34
0.429812 34
0.429684 34
0.42953 34
0.429388 34
0.429271 34
0.429142 34
0.429004 34
0.428884 34
0.428751 34
0.428604 34
0.428498 34
0.428369 34
0.428267 34
0.428124 34
0.427971 34
0.427821 34
0.42768 34
0.427568 34
0.427431 34
0.427279 34
0.42712 34
0.426988 34
0.426873 34
0.426737 34
0.426626 34
0.426506 34
0.426357 34
0.426228 34
0.426128 34
0.425985 34
0.425857 34
0.425699 34
0.42556 34
0.42541 34
0.425273 34
0.425139 34
0.424996 34
0.424866 34
0.424759 34
0.424632 34
0.424475 34
0.424372 34
0.424256 34
0.424131 34
0.423992 34
0.42387 34
0.423726 34
0.423618 34
0.423491 34
0.423351 34
0.423217 34
0.423097 34
0.422986 34
0.422889 34
0.422765 34
0.422635 34
0.422489 34
0.422381 34
0.422252 34
0.422109 34
0.421982 34
0.421854 34
0.421738 34
0.421597 34
0.421451 34
0.421325 34
0.421208 34
0.421055 34
0.420893 34
0.420744 34
0.420621 34
0.42049 34
0.420389 34
0.420243 34
0.420106 34
0.419953 34
0.419829 34
0.419684 34
0.419556 34
0.419422 34
0.419296 34
0.419154 34
0.419064 33
0.418934 33
0.418777 33
0.418626 33
0.41849 33
0.418349 33
0.418208 33
0.418113 32
0.417972 32
0.417856 32
0.417753 32
0.417624 32
0.417483 32
0.417358 32
0.417204 32
0.417071 32
0.416947 32
0.416814 32
0.41668 32
0.416526 32
0.416386 32
0.416236 32
0.416098 32
0.41596 32
0.415803 32
0.415692 32
0.415591 32
0.415459 32
0.415336 32
0.415187 32
0.415087 32
0.414944 32
0.414808 32
0.414697 32
0.41459 32
0.414448 32
0.414312 32
0.414189 32
0.414059 32
0.413928 32
0.413809 32
0.413697 32
0.413579 32
0.413437 32
0.413299 32
0.413177 32
0.413035 32
0.412906 32
0.412752 32
0.412626 32
0.412494 32
0.412366 32
0.412202 32
0.412102 32
0.411959 32
0.411828 32
0.411692 32
0.411537 32
0.411419 32
0.411283 32
0.411178 32
0.411083 31
0.41096 31
0.410843 31
0.410697 31
0.410552 31
0.410404 31
0.410286 31
0.410164 31
0.41003 31
0.409902 31
0.409781 31
0.409639 31
0.409497 31
0.409357 31
0.409197 31
0.409039 31
0.408913 31
0.408786 31
0.408667 31
0.408526 31
0.408387 31
0.408253 31
0.408112 31
0.407944 31
0.40779 31
0.407651 31
0.407651 30
0.407518 30
0.407419 30
0.407277 30
0.407164 30
0.407045 30
0.40694 30
0.406788 30
0.406629 30
0.406469 30
0.406346 30
0.4062 30
0.406049 30
0.405925 30
0.405803 30
0.405673 30
0.405559 30
0.405435 30
0.405327 30
0.405191 30
0.405061 30
0.404901 30
0.404776 30
0.404636 30
0.404468 30
0.404323 30
0.404215 30
0.404088 30
0.403984 30
0.403858 30
0.403707 30
0.403578 30
0.403443 30
0.403321 30
0.403194 30
0.403056 30
0.402932 30
0.402797 30
0.402676 30
0.402527 30
0.402411 30
0.402294 30
0.402171 30
0.402033 30
0.401901 30
0.401789 30
0.401651 30
0.401533 30
0.401426 30
0.401285 30
0.401169 30
0.401033 30
0.400904 30
0.400782 30
0.400654 30
0.400505 30
0.40037 30
0.400213 30
0.400079 30
0.399969 30
0.399798 30
0.399666 30
0.399517 30
0.399357 30
0.39921 30
0.399081 30
0.39896 30
0.398826 30
0.398702 30
0.398547 30
0.398413 30
0.398275 30
0.398132 30
0.398037 29
0.397917 29
0.397783 29
0.397687 28
0.397542 28
0.397397 28
0.397254 28
0.397129 28
0.397025 28
0.3969 28
0.396783 28
0.396645 28
0.396518 28
0.396384 28
0.39629 27
0.396176 27
0.39603 27
0.395921 27
0.39579 27
0.395673 27
0.395521 27
0.395394 27
0.39525 27
0.395135 27
0.395016 27
0.394873 27
0.394743 27
0.394623 27
0.394478 27
0.394344 27
0.394222 27
0.394091 27
0.393992 27
0.393843 27
0.393691 27
0.393581 27
0.393476 27
0.393358 27
0.393262 27
0.393143 27
0.392995 27
0.392861 27
0.392742 27
0.392596 27
0.392451 27
0.392345 27
0.392189 27
0.392046 27
0.391909 27
0.391763 27
0.391618 27
0.391493 27
0.391332 27
0.391227 27
0.391081 27
0.390948 27
0.390812 27
0.390663 27
0.390533 27
0.390387 27
0.390241 27
0.3901 27
0.389984 27
0.389831 27
0.389714 27
0.389564 27
0.389444 27
0.389283 27
0.389183 27
0.389042 27
0.388912 27
0.388778 27
0.388678 27
0.388555 27
0.388407 27
0.388269 27
0.388146 27
0.388021 27
0.38788 27
0.387763 27
0.38763 27
0.387509 27
0.38737 27
0.387227 27
0.387088 27
0.386964 27
0.386807 27
0.386657 27
0.386541 27
0.38643 27
0.386307 27
0.386166 27
0.386037 27
0.3859 27
0.385752 27
0.385597 27
0.385457 27
0.385285 27
0.385166 27
0.38503 27
0.384907 27
0.384793 27
0.384651 27
0.384519 27
0.384397 27
0.38429 27
0.38416 27
0.384012 27
0.383906 27
0.383752 27
0.383623 27
0.383501 27
0.383364 27
0.383216 27
0.383076 27
0.382931 27
0.38278 27
0.382652 27
0.38251 27
0.382357 27
0.382215 27
0.382074 27
0.381937 27
0.38178 27
0.38164 27
0.381508 27
0.381377 27
0.381237 27
0.381103 27
0.380981 27
0.380843 27
0.380711 27
0.380593 27
0.380468 27
0.380339 27
0.380164 27
0.380034 27
0.379894 27
0.379778 27
0.379646 27
0.379539 27
0.379426 27
0.379282 27
0.37915 27
0.379007 27
0.378842 27
0.378712 27
0.378577 27
0.37846 27
0.378316 27
0.378182 27
0.378042 27
0.377886 27
0.377779 27
0.377638 27
0.3775 27
0.377344 27
0.377207 27
0.377051 27
0.376906 27
0.376782 27
0.376648 27
0.376501 27
0.376374 27
0.376257 27
0.376138 27
0.375977 27
0.375839 27
0.375718 27
0.375595 27
0.375436 27
0.375287 27
0.375155 27
0.375027 27
0.374882 27
0.374753 27
0.374624 27
0.374511 27
0.374382 27
0.374265 27
0.374128 27
0.374002 27
0.373872 27
0.37372 27
0.3736 27
0.373444 27
0.373313 27
0.37318 27
0.373029 27
0.372923 27
0.372803 27
0.372667 27
0.372547 27
0.372387 27
0.372269 27
0.372136 27
0.37201 27
0.371885 27
0.371753 27
0.371606 27
0.371466 27
0.371351 27
0.371255 26
0.371111 26
0.370984 26
0.370745 26
0.370619 26
0.37048 26
0.370355 26
0.370202 26
0.370024 26
0.369869 26
0.369751 26
0.369629 26
0.369491 26
0.369386 26
0.369256 26
0.369111 26
0.368975 26
0.368845 26
0.368709 26
0.368591 26
0.368452 26
0.368286 26
0.368129 26
0.368005 26
0.367888 26
0.367748 26
0.367627 26
0.367459 26
0.367332 26
0.36719 26
0.367083 26
0.366934 26
0.366793 26
0.366667 26
0.366539 26
0.366416 26
0.366285 26
0.366152 26
0.366036 26
0.365928 26
0.365782 26
0.365652 26
0.36553 26
0.365371 26
0.365237 26
0.365073 26
0.364948 26
0.364796 26
0.364692 26
0.364567 26
0.364454 26
0.364342 26
0.364254 25
0.364107 25
0.363967 25
0.363833 25
0.363693 25
0.363553 25
0.36344 25
0.363308 25
0.363173 25
0.363062 25
0.362926 25
0.362802 25
0.362642 25
0.362503 25
0.362356 25
0.362243 25
0.362108 25
0.361974 25
0.361829 25
0.361691 25
0.361554 25
0.361399 25
0.361257 25
0.361139 25
0.361009 25
0.360906 25
0.360745 25
0.36061 25
0.360479 25
0.360347 25
0.360215 25
0.36009 25
0.359962 25
0.359818 25
0.359685 25
0.359547 25
0.359411 25
0.359309 25
0.35917 25
0.359034 25
0.358882 25
0.358736 25
0.358625 25
0.358478 25
0.35835 25
0.358203 25
0.358043 25
0.357909 25
0.357773 25
0.357654 25
0.357521 25
0.35737 25
0.357237 25
0.357103 25
0.356983 25
0.35685 25
0.356723 25
0.356616 25
0.356472 25
0.356361 25
0.356231 25
0.356097 25
0.355977 25
0.355838 25
0.355717 25
0.35558 25
0.355429 25
0.3553 25
0.355155 25
0.355021 25
0.354895 25
0.354775 25
0.354633 25
0.354508 25
0.354382 25
0.35426 25
0.354118 25
0.353983 25
0.353855 25
0.353745 25
0.353645 25
0.35353 25
0.353407 25
0.353256 25
0.35312 25
0.353011 25
0.352862 25
0.352713 25
0.352576 25
0.352434 25
0.352313 25
0.35217 25
0.352044 25
0.3519 25
0.351768 25
0.351656 25
0.351539 25
0.351428 25
0.351307 25
0.351165 25
0.351004 25
0.350868 25
0.350726 25
0.350582 25
0.350447 25
0.35034 25
0.350215 25
0.350087 25
0.349974 25
0.349838 25
0.349732 25
0.349573 25
0.349417 25
0.349275 25
0.34915 25
0.349018 25
0.348885 25
0.348744 25
0.34862 25
0.348485 25
0.348372 25
0.348237 25
0.348109 25
0.347954 25
0.347831 25
0.347688 25
0.347553 25
0.347426 25
0.347286 25
0.347152 25
0.347037 25
0.34692 25
0.346768 25
0.346625 25
0.346495 25
0.346376 25
0.346221 25
0.346078 25
0.345954 25
0.345782 25
0.345654 25
0.345532 25
0.345405 25
0.345294 25
0.345147 25
0.345017 25
0.344893 25
0.34476 25
0.344662 25
0.344532 25
0.344405 25
0.344271 25
0.34418 24
0.344047 24
0.343918 24
0.343789 24
0.343692 23
0.343582 23
0.343448 23
0.343315 23
0.343192 23
0.343061 23
0.342908 23
0.342742 23
0.342605 23
0.342465 23
0.342326 23
0.342191 23
0.342063 23
0.34191 23
0.341768 23
0.341625 23
0.341478 23
0.341317 23
0.341189 23
0.34105 23
0.34091 23
0.340756 23
0.340629 23
0.340502 23
0.340369 23
0.340259 23
0.340128 23
0.339995 23
0.339842 23
0.339735 23
0.339591 23
0.339483 23
0.339339 23
0.339212 23
0.339112 23
0.338984 23
0.338848 23
0.338709 23
0.338585 23
0.338461 23
0.338315 23
0.338185 23
0.338055 23
0.337933 23
0.337805 23
0.337674 23
0.337557 23
0.337439 23
0.337311 23
0.3372 23
0.337105 22
0.336957 22
0.336827 22
0.336684 22
0.336573 22
0.336462 22
0.336306 22
0.336153 22
0.336043 22
0.335892 22
0.335761 22
0.335638 22
0.335522 22
0.335385 22
0.335252 22
0.335122 22
0.334987 22
0.334863 22
0.334744 22
0.334619 22
0.334538 21
0.334406 21
0.334273 21
0.334127 21
0.333999 21
0.333863 21
0.333722 21
0.333584 21
0.333441 21
0.333322 21
0.333215 21
0.333091 21
0.332933 21
0.33281 21
0.332672 21
0.33252 21
0.332387 21
0.332253 21
0.332122 21
0.33199 21
0.331851 21
0.331715 21
0.331578 21
0.331471 21
0.331349 21
0.331222 21
0.331079 21
0.330943 21
0.330812 21
0.330672 21
0.330536 21
0.330376 21
0.330215 21
0.33009 21
0.329953 21
0.32979 21
0.329655 21
0.329555 21
0.329421 21
0.329298 21
0.329169 21
0.329054 21
0.328924 21
0.328777 21
0.328632 21
0.328507 21
0.328345 21
0.328226 21
0.328072 21
0.327933 21
0.327807 21
0.327663 21
0.327512 21
0.327387 21
0.327249 21
0.327136 21
0.327021 21
0.326878 21
0.326763 21
0.326619 21
0.326491 21
0.326354 21
0.326243 21
0.326095 21
0.325994 21
0.325851 21
0.32577 20
0.325625 20
0.325495 20
0.325369 20
0.325249 20
0.325109 20
0.324965 20
0.324824 20
0.324695 20
0.324565 20
0.324479 19
0.324368 19
0.324222 19
0.324087 19
0.323965 19
0.323839 19
0.323705 19
0.323532 19
0.323414 19
0.32328 19
0.323149 19
0.323003 19
0.322878 19
0.322756 19
0.322638 19
0.322533 19
0.322388 19
0.322248 19
0.322142 19
0.322011 19
0.32188 19
0.321762 19
0.321634 19
0.321494 19
0.32138 19
0.32125 19
0.321087 19
0.320915 19
0.320782 19
0.320627 19
0.320472 19
0.320358 19
0.320229 19
0.320109 19
0.319972 19
0.319813 19
0.319664 19
0.319544 19
0.319445 19
0.319329 19
0.319176 19
0.319034 19
0.318906 19
0.318783 19
0.318634 19
0.318507 19
0.318382 19
0.318258 19
0.318142 19
0.318001 19
0.317889 19
0.317741 19
0.317596 19
0.317435 19
0.317324 19
0.317201 19
0.317042 19
0.316914 19
0.316748 19
0.316623 19
0.316494 19
0.316394 19
0.316257 19
0.316123 19
0.315981 19
0.315833 19
0.315694 19
0.315571 19
0.315434 19
0.315317 19
0.315203 19
0.31506 19
0.314912 19
0.314799 19
0.31469 19
0.314532 19
0.314412 19
0.314266 19
0.314133 19
0.314017 19
0.31387 19
0.313728 19
0.313578 19
0.31345 19
0.313355 18
0.313217 18
0.313086 18
0.312935 18
0.312805 18
0.312654 18
0.312509 18
0.312374 18
0.31224 18
0.312091 18
0.311954 18
0.311805 18
0.311697 18
0.311578 18
0.311431 18
0.311304 18
0.311157 18
0.311012 18
0.310858 18
0.310617 18
0.310474 18
0.310357 18
0.310242 18
0.310111 18
0.309999 18
0.309882 18
0.30975 18
0.309598 18
0.30945 18
0.309323 18
0.309201 18
0.309076 18
0.308936 18
0.308828 18
0.308707 18
0.308563 18
0.308441 18
0.308299 18
0.308167 18
0.308071 17
0.307932 17
0.307847 16
0.30772 16
0.307574 16
0.307463 16
0.307322 16
0.307187 16
0.307069 16
0.306905 16
0.306767 16
0.306632 16
0.3065 16
0.306362 16
0.306243 16
0.306095 16
0.305947 16
0.305822 16
0.305701 16
0.305556 16
0.305433 16
0.3053 16
0.305204 15
0.305093 15
0.304968 15
0.304818 15
0.304703 15
0.304575 15
0.304442 15
0.304295 15
0.304161 15
0.304022 15
0.303748 15
0.303619 15
0.303481 15
0.30333 15
0.303213 15
0.303084 15
0.302971 15
0.302851 15
0.302715 15
0.302597 15
0.302489 15
0.302381 15
0.30226 15
0.302119 15
0.301979 15
0.301839 15
0.301699 15
0.30158 15
0.301465 15
0.301337 15
0.301189 15
0.301074 15
0.300959 15
0.300818 15
0.300703 15
0.300585 15
0.300447 15
0.300284 15
0.300163 15
0.300013 15
0.299907 15
0.299769 15
0.29965 15
0.299521 15
0.299387 15
0.299299 14
0.299143 14
0.298993 14
0.298864 14
0.298739 14
0.298604 14
0.29847 14
0.298362 14
0.298224 14
0.29807 14
0.297957 14
0.29782 14
0.297684 14
0.297531 14
0.297407 14
0.297285 14
0.297143 14
0.29701 14
0.296845 14
0.296717 14
0.296584 14
0.296466 14
0.296338 14
0.296209 14
0.296064 14
0.295916 14
0.295768 14
0.295629 14
0.295488 14
0.295347 14
0.29521 14
0.295083 14
0.294963 14
0.294817 14
0.294696 14
0.294542 14
0.29441 14
0.29427 14
0.29415 14
0.293993 14
0.293868 14
0.293713 14
0.293595 14
0.293469 14
0.29336 14
0.293227 14
0.293079 14
0.292951 14
0.292826 14
0.292692 14
0.292563 14
0.292439 14
0.292309 14
0.292186 14
0.292065 14
0.291903 14
0.291771 14
0.291605 14
0.29147 14
0.291345 14
0.291199 14
0.291072 14
0.29094 14
0.290804 14
0.290685 14
0.29056 14
0.290435 14
0.290323 14
0.290212 14
0.290085 14
0.289955 14
0.28967 14
0.289551 14
0.289436 14
0.2893 14
0.289177 14
0.289021 14
0.288906 14
0.288751 14
0.288612 14
0.288469 14
0.288347 14
0.288205 14
0.288053 14
0.287928 14
0.287805 14
0.287673 14
0.287579 13
0.28746 13
0.287321 13
0.287162 13
0.28704 13
0.286906 13
0.28676 13
0.286637 13
0.286488 13
0.286372 13
0.286299 12
0.286185 12
0.286035 12
0.285906 12
0.285777 12
0.285649 12
0.28556 11
0.285423 11
0.285303 11
0.285177 11
0.285036 11
0.284907 11
0.284779 11
0.284653 11
0.284529 11
0.284407 11
0.28429 11
0.284155 11
0.284012 11
0.283917 10
0.283789 10
0.283662 10
0.283542 10
0.283405 10
0.283255 10
0.283119 10
0.282988 10
0.282849 10
0.282734 10
0.282631 10
0.28249 10
0.282327 10
0.282175 10
0.282038 10
0.281888 10
0.281751 10
0.281589 10
0.281446 10
0.28134 10
0.28119 10
0.281073 10
0.280946 10
0.280799 10
0.28065 10
0.280516 10
0.280403 10
0.280244 10
0.280096 10
0.280035 9
0.279913 9
0.279766 9
0.279654 9
0.279529 9
0.279379 9
0.279243 9
0.279125 9
0.278987 9
0.278856 9
0.278724 9
0.278594 9
0.278443 9
0.278304 9
0.278163 9
0.278027 9
0.27789 9
0.277739 9
0.277612 9
0.277494 9
0.277352 9
0.277202 9
0.277086 9
0.276971 9
0.27684 9
0.276718 9
0.276574 9
0.27644 9
0.27632 9
0.276185 9
0.276081 9
0.275956 9
0.275811 9
0.275692 9
0.275514 9
0.275398 9
0.275267 9
0.275123 9
0.274994 9
0.27487 9
0.274722 9
0.274592 9
0.274454 9
0.27431 9
0.274162 9
0.273922 9
0.273795 9
0.27367 9
0.27356 9
0.273402 9
0.273241 9
0.27313 9
0.272993 9
0.272865 9
0.272706 9
0.272578 9
0.272423 9
0.272314 9
0.272189 9
0.27206 9
0.271914 9
0.27179 9
0.271654 9
0.271521 9
0.271402 9
0.271276 9
0.271123 9
0.270983 9
0.270834 9
0.270728 9
0.270586 9
0.270467 9
0.270348 9
0.270206 9
0.270065 9
0.269932 9
0.269806 9
0.269668 9
0.269539 9
0.269421 9
0.269177 9
0.269022 9
0.268876 9
0.268745 9
0.268618 9
0.268492 9
0.268362 9
0.268222 9
0.268076 9
0.267958 9
0.267849 9
0.267725 9
0.267578 9
0.267468 9
0.267331 9
0.26719 9
0.26705 9
0.266913 9
0.266795 9
0.266683 9
0.26654 9
0.266409 9
0.266274 9
0.266128 9
0.266015 9
0.265849 9
0.265747 9
0.265598 9
0.265465 9
0.265346 9
0.265218 9
0.265079 9
0.264929 9
0.264812 9
0.264676 9
0.264565 9
0.264437 9
0.264338 9
0.264213 9
0.264089 9
0.263979 9
0.263867 9
0.263733 9
0.263616 9
0.263483 9
0.263343 9
0.26321 9
0.26308 9
0.262966 9
0.262838 9
0.262692 9
0.262559 9
0.262418 9
0.262307 9
0.262183 9
0.26202 9
0.261872 9
0.261584 9
0.261433 9
0.261276 9
0.261145 9
0.261011 9
0.260875 9
0.260726 9
0.260612 9
0.260461 9
0.260354 9
0.260231 9
0.260118 9
0.259994 9
0.259862 9
0.259744 9
0.259622 9
0.259462 9
0.259331 9
0.259215 9
0.259078 9
0.258963 9
0.258849 9
0.258713 9
0.258561 9
0.258404 9
0.258296 9
0.258159 9
0.258027 9
0.25789 9
0.257748 9
0.257609 9
0.257467 9
0.257314 9
0.257184 9
0.257077 9
0.256944 9
0.25683 9
0.256693 9
0.256554 9
0.256393 9
0.25626 9
0.256125 9
0.256005 9
0.255885 9
0.255743 9
0.255595 9
0.255467 9
0.255344 9
0.25523 9
0.255111 9
0.254964 9
0.254817 9
0.254665 9
0.254532 9
0.254403 9
0.254253 9
0.254093 9
0.253941 9
0.253794 9
0.25368 9
0.253519 9
0.253381 9
0.253256 9
0.253124 9
0.252992 9
0.252859 9
0.252718 9
0.252585 9
0.25246 9
0.252327 9
0.252168 9
0.252042 9
0.251931 9
0.251807 9
0.251661 9
0.251538 9
0.251387 9
0.251246 9
0.251108 9
0.250952 9
0.250818 9
0.250677 9
0.250566 9
0.250424 9
0.2503 9
0.250162 9
0.250017 9
0.249886 9
0.249608 9
0.249487 9
0.24934 9
0.249215 9
0.249123 8
0.248999 8
0.24887 8
0.248736 8
0.248598 8
0.248482 8
0.24836 8
0.248236 8
0.248126 8
0.247995 8
0.247865 8
0.247732 8
0.24761 8
0.247459 8
0.247332 8
0.247199 8
0.247073 8
0.246925 8
0.246814 8
0.246686 8
0.246541 8
0.246416 8
0.246272 8
0.246134 8
0.246 8
0.245852 8
0.245728 8
0.245583 8
0.245455 8
0.245333 8
0.245213 8
0.24512 7
0.24498 7
0.244842 7
0.244721 7
0.24459 7
0.244469 7
0.244335 7
0.24421 7
0.244095 7
0.243978 7
0.243844 7
0.243729 7
0.243604 7
0.243455 7
0.243335 7
0.243207 7
0.243085 7
0.242948 7
0.242821 7
0.2427 7
0.242567 7
0.242424 7
0.242263 7
0.242112 7
0.241966 7
0.241853 7
0.241724 7
0.241588 7
0.24147 7
0.241347 7
0.241236 7
0.241091 7
0.240956 7
0.240818 7
0.240673 7
0.240538 7
0.240394 7
0.240256 7
0.240127 7
0.24001 7
0.239875 7
0.239729 7
0.239617 7
0.239487 7
0.239351 7
0.239229 7
0.239095 7
0.238969 7
0.238841 7
0.238698 7
0.238566 7
0.238446 7
0.238318 7
0.238186 7
0.238071 7
0.237942 7
0.237787 7
0.237658 7
0.237498 7
0.23738 7
0.237234 7
0.237098 7
0.23696 7
0.236803 7
0.236669 7
0.236532 7
0.236381 7
0.236266 7
0.236139 7
0.236026 7
0.235905 7
0.235798 7
0.23565 7
0.235519 7
0.235386 7
0.235241 7
0.235096 7
0.23494 7
0.234799 7
0.234664 7
0.234532 7
0.234412 7
0.234278 7
0.234145 7
0.233997 7
0.233889 7
0.233769 7
0.233633 7
0.233481 7
0.233335 7
0.233213 7
0.233075 7
0.232956 7
0.232821 7
0.232666 7
0.232526 7
0.232389 7
0.232268 7
0.232157 7
0.232034 7
0.231909 7
0.231781 7
0.23166 7
0.23156 7
0.231441 7
0.2313 7
0.23115 7
0.231028 7
0.230888 7
0.230754 7
0.230608 7
0.230465 7
0.230332 7
0.230196 7
0.230045 7
0.229918 7
0.229786 7
0.229663 7
0.229529 7
0.229375 7
0.229253 7
0.229108 7
0.22899 7
0.22886 7
0.228703 7
0.22858 7
0.228434 7
0.228305 7
0.228159 7
0.227996 7
0.227877 7
0.227722 7
0.227595 7
0.227472 7
0.227334 7
0.227192 7
0.22709 7
0.226966 7
0.226818 7
0.226709 7
0.226567 7
0.226421 7
0.226252 7
0.226119 7
0.22598 7
0.225837 7
0.225679 7
0.225541 7
0.225399 7
0.225263 7
0.225136 7
0.224989 7
0.224856 7
0.224747 7
0.224601 7
0.224471 7
0.224333 7
0.224201 7
0.224064 7
0.223927 7
0.223792 7
0.223659 7
0.223522 7
0.223409 7
0.223281 7
0.223149 7
0.223011 7
0.222881 7
0.222751 7
0.222626 7
0.222512 7
0.222391 7
0.222282 7
0.222177 7
0.222052 7
0.221924 7
0.221772 7
0.221644 7
0.221529 7
0.221374 7
0.221267 7
0.221159 7
0.22102 7
0.220898 7
0.22076 7
0.22061 7
0.220489 7
0.220351 7
0.220214 7
0.220076 7
0.219932 7
0.219803 7
0.219657 7
0.219523 7
0.21939 7
0.219273 7
0.219181 6
0.219056 6
0.218917 6
0.218784 6
0.21864 6
0.218507 6
0.218379 6
0.218245 6
0.218135 6
0.217988 6
0.217834 6
0.217679 6
0.21753 6
0.217394 6
0.217285 6
0.217152 6
0.217027 6
0.216901 6
0.216757 6
0.216629 6
0.216497 6
0.216344 6
0.216192 6
0.21604 6
0.21591 6
0.215755 6
0.215631 6
0.21551 6
0.215406 6
0.215255 6
0.215129 6
0.214994 6
0.214866 6
0.214713 6
0.214574 6
0.214428 6
0.214304 6
0.214145 6
0.214038 6
0.213931 6
0.21379 6
0.213652 6
0.213511 6
0.21339 6
0.213258 6
0.213141 6
0.213011 6
0.212863 6
0.212731 6
0.21261 6
0.212507 6
0.212362 6
0.212219 6
0.212094 6
0.211965 6
0.211835 6
0.211722 6
0.211591 6
0.211459 6
0.211302 6
0.211147 6
0.211014 6
0.210898 6
0.210755 6
0.210631 6
0.210486 6
0.21037 6
0.210248 6
0.210109 6
0.209984 6
0.209853 6
0.209722 6
0.20961 6
0.209475 6
0.209367 6
0.209241 6
0.209127 6
0.208986 6
0.208868 6
0.208732 6
0.208611 6
0.208478 6
0.208348 6
0.208219 6
0.208093 6
0.207967 6
0.207822 6
0.207708 6
0.207641 5
0.207525 5
0.20737 5
0.207211 5
0.207081 5
0.206963 5
0.20683 5
0.206695 5
0.206554 5
0.206418 5
0.206296 5
0.206192 5
0.206074 5
0.205966 5
0.205832 5
0.205705 5
0.205563 5
0.205434 5
0.205278 5
0.205149 5
0.205018 5
0.204872 5
0.20474 5
0.204617 5
0.204476 5
0.204343 5
0.204206 5
0.204083 5
0.203951 5
0.203804 5
0.203668 5
0.203554 5
0.203438 5
0.203307 5
0.203189 5
0.203067 5
0.202945 5
0.202807 5
0.202666 5
0.202547 5
0.202432 5
0.202293 5
0.202162 5
0.202026 5
0.201891 5
0.201754 5
0.20162 5
0.201491 5
0.201346 5
0.201203 5
0.201076 5
0.200939 5
0.200785 5
0.200671 5
0.200535 5
0.200418 5
0.200279 5
0.200138 5
0.200006 5
0.199902 5
0.199768 5
0.19963 5
0.199508 5
0.19937 5
0.199236 5
0.199097 5
0.198967 5
0.198674 5
0.198533 5
0.198386 5
0.198264 5
0.198016 5
0.197876 5
0.197756 5
0.197622 5
0.197506 5
0.197363 5
0.197224 5
0.197109 5
0.196982 5
0.196849 5
0.196729 5
0.19657 5
0.196445 5
0.196314 5
0.19619 5
0.195942 5
0.195803 5
0.19569 5
0.195527 5
0.195412 5
0.195282 5
0.195169 5
0.195032 5
0.194907 5
0.19477 5
0.194643 5
0.194522 5
0.194409 5
0.194285 5
0.194153 5
0.194012 5
0.193886 5
0.193716 5
0.193584 5
0.193475 5
0.193369 5
0.19322 5
0.193079 5
0.192966 5
0.192849 5
0.192723 5
0.192579 5
0.192444 5
0.192305 5
0.192154 5
0.19202 5
0.19188 5
0.191759 5
0.191622 5
0.191507 5
0.19136 5
0.191237 5
0.191123 5
0.190962 5
0.19084 5
0.190713 5
0.190582 5
0.19046 5
0.190336 5
0.190217 5
0.190078 5
0.189943 5
0.189805 5
0.189699 5
0.189553 5
0.189425 5
0.189292 5
0.189157 5
0.189011 5
0.18887 5
0.188769 5
0.18863 5
0.188509 5
0.188371 5
0.188247 5
0.188129 5
0.188007 5
0.187875 5
0.187732 5
0.187605 5
0.187486 5
0.187347 5
0.187213 5
0.187063 5
0.186931 5
0.186799 5
0.186651 5
0.186518 5
0.186372 5
0.186238 5
0.186097 5
0.185967 5
0.185828 5
0.185694 5
0.185556 5
0.185424 5
0.18529 5
0.185159 5
0.185032 5
0.184903 5
0.184766 5
0.184657 5
0.184538 5
0.184425 5
0.184296 5
0.184177 5
0.184068 5
0.18391 5
0.183777 5
0.18364 5
0.183502 5
0.183378 5
0.183261 5
0.183086 5
0.182944 5
0.182808 5
0.182681 5
0.182561 5
0.182434 5
0.182294 5
0.182122 5
0.181987 5
0.181856 5
0.181732 5
0.181595 5
0.181466 5
0.181305 5
0.181169 5
0.181042 5
0.180925 5
0.180814 5
0.180674 5
0.180543 5
0.18039 5
0.180271 5
0.180161 5
0.18003 5
0.179901 5
0.17976 5
0.179616 5
0.179496 5
0.179355 5
0.179214 5
0.179075 5
0.178944 5
0.178798 5
0.178656 5
0.178508 5
0.178375 5
0.178224 5
0.178097 5
0.177972 5
0.177843 5
0.177713 5
0.17759 5
0.177447 5
0.177331 5
0.177184 5
0.177015 5
0.176899 5
0.176785 5
0.176648 5
0.176515 5
0.176381 5
0.176237 5
0.176089 5
0.175954 5
0.175812 5
0.175684 5
0.175536 5
0.175419 5
0.175277 5
0.175146 5
0.175009 5
0.174905 5
0.174749 5
0.174622 5
0.174472 5
0.174326 5
0.174215 5
0.17408 5
0.173942 5
0.1738 5
0.173668 5
0.173523 5
0.173395 5
0.173224 5
0.173078 5
0.172942 5
0.172792 5
0.172664 5
0.172533 5
0.172425 5
0.172297 5
0.172156 5
0.172026 5
0.171898 5
0.17163 5
0.171497 5
0.171367 5
0.171234 5
0.17112 5
0.170974 5
0.170835 5
0.170707 5
0.170557 5
0.170444 5
0.17032 5
0.170174 5
0.170045 5
0.169924 5
0.169781 5
0.169639 5
0.169507 5
0.169384 5
0.169261 5
0.169128 5
0.168999 5
0.168835 5
0.168702 5
0.168549 5
0.168407 5
0.16826 5
0.168109 5
0.167994 5
0.167892 5
0.16776 5
0.167622 5
0.167482 5
0.167336 5
0.167213 5
0.167076 5
0.166919 5
0.166782 5
0.16666 5
0.166529 5
0.166401 5
0.166255 5
0.166134 5
0.165993 5
0.165853 5
0.165706 5
0.165569 5
0.165446 5
0.165325 5
0.165188 5
0.165074 5
0.16494 5
0.164805 5
0.164656 5
0.164524 5
0.164392 5
0.164261 5
0.164131 5
0.16398 5
0.163838 5
0.163722 5
0.163587 5
0.163432 5
0.163321 5
0.163185 5
0.163075 5
0.162935 5
0.162819 5
0.162667 5
0.162536 5
0.162406 5
0.162279 5
0.16214 5
0.162022 5
0.161903 5
0.161767 5
0.16165 5
0.161519 5
0.161394 5
0.161255 5
0.161118 5
0.16101 5
0.16088 5
0.160758 5
0.16062 5
0.160487 5
0.160365 5
0.160232 5
0.160114 5
0.160007 5
0.159877 5
0.159737 5
0.15959 5
0.159451 5
0.159283 5
0.159153 5
0.159027 5
0.158882 5
0.158743 5
0.158616 5
0.158469 5
0.158315 5
0.158172 5
0.158041 5
0.157904 5
0.157786 5
0.157667 5
0.157557 5
0.157412 5
0.157279 5
0.157156 5
0.157027 5
0.156896 5
0.156777 5
0.156641 5
0.156487 5
0.156362 5
0.156226 5
0.156136 4
0.15603 4
0.155878 4
0.155753 4
0.155634 4
0.155515 4
0.155395 4
0.155271 4
0.155142 4
0.155008 4
0.154876 4
0.154757 4
0.154634 4
0.154501 4
0.154378 4
0.154222 4
0.154111 4
0.153974 4
0.153844 4
0.153707 4
0.153565 4
0.153436 4
0.153305 4
0.153189 4
0.15306 4
0.152927 4
0.152776 4
0.152663 4
0.15252 4
0.152402 4
0.152279 4
0.152152 4
0.152017 4
0.151908 4
0.151752 4
0.151629 4
0.151509 4
0.151378 4
0.151257 4
0.15112 4
0.150961 4
0.150815 4
0.15069 4
0.150563 4
0.15042 4
0.150296 4
0.150169 4
0.150044 4
0.149924 4
0.149776 4
0.149635 4
0.149505 4
0.149353 4
0.149191 4
0.149077 4
0.148961 4
0.148827 4
0.148695 4
0.148576 4
0.148455 4
0.148301 4
0.148153 4
0.148028 4
0.147899 4
0.147776 4
0.147633 4
0.147503 4
0.147383 4
0.14726 4
0.14714 4
0.147007 4
0.146867 4
0.146755 4
0.146619 4
0.146488 4
0.146357 4
0.146205 4
0.146073 4
0.145943 4
0.145834 4
0.145724 4
0.145595 4
0.145459 4
0.145334 4
0.145198 4
0.145068 4
0.14494 4
0.144782 4
0.144636 4
0.144491 4
0.144387 4
0.144241 4
0.144129 4
0.143988 4
0.143841 4
0.143722 4
0.143589 4
0.143461 4
0.143341 4
0.143207 4
0.143051 4
0.142905 4
0.142782 4
0.142629 4
0.142492 4
0.142351 4
0.142229 4
0.142112 4
0.141989 4
0.141853 4
0.1417 4
0.141558 4
0.141409 4
0.14128 4
0.141162 4
0.141028 4
0.140875 4
0.140735 4
0.140613 4
0.140494 4
0.140374 4
0.140259 4
0.140133 4
0.140007 4
0.139868 4
0.139731 4
0.139615 4
0.139475 4
0.139337 4
0.139191 4
0.139034 4
0.138892 4
0.138768 4
0.138604 4
0.138452 4
0.138338 4
0.138187 4
0.138057 4
0.137924 4
0.137788 4
0.137658 4
0.137517 4
0.137387 4
0.137242 4
0.137083 4
0.13696 4
0.136797 4
0.13668 4
0.136531 4
0.136262 4
0.13612 4
0.135973 4
0.135817 4
0.135705 4
0.135561 4
0.135422 4
0.135304 4
0.135169 4
0.135055 4
0.134916 4
0.134773 4
0.134643 4
0.134486 4
0.134367 4
0.134228 4
0.134097 4
0.133958 4
0.133807 4
0.133681 4
0.13354 4
0.133416 4
0.133261 4
0.133114 4
0.132976 4
0.13283 4
0.132715 4
0.132582 4
0.13245 4
0.132338 4
0.132224 4
0.132103 4
0.131946 4
0.131794 4
0.131665 4
0.131513 4
0.131282 4
0.131146 4
0.131009 4
0.13089 4
0.130753 4
0.130602 4
0.130478 4
0.130367 4
0.130233 4
0.13009 4
0.129991 4
0.129855 4
0.129734 4
0.129617 4
0.129488 4
0.129355 4
0.129146 3
0.129031 3
0.128902 3
0.128789 3
0.128671 3
0.128535 3
0.128413 3
0.128292 3
0.128147 3
0.128023 3
0.127878 3
0.127734 3
0.127475 3
0.127333 3
0.127216 3
0.127071 3
0.126936 3
0.126803 3
0.126673 3
0.126535 3
0.126411 3
0.126303 3
0.126134 3
0.125926 3
0.12582 3
0.125682 3
0.125523 3
0.125379 3
0.125255 3
0.125123 3
0.124981 3
0.124838 3
0.124694 3
0.124563 3
0.124441 3
0.124299 3
0.124138 3
0.124008 3
0.123874 3
0.123745 3
0.123603 3
0.123458 3
0.123319 3
0.123222 3
0.12308 3
0.122939 3
0.122789 3
0.122648 3
0.122505 3
0.122363 3
0.122235 3
0.122128 3
0.121984 3
0.121866 3
0.121722 3
0.121597 3
0.121472 3
0.121346 3
0.121205 3
0.1211 3
0.120968 3
0.120824 3
0.120686 3
0.120537 3
0.120381 3
0.120222 3
0.120084 3
0.119944 3
0.119807 3
0.119659 3
0.1195 3
0.11937 3
0.119253 3
0.119115 3
0.118989 3
0.118848 3
0.118722 3
0.118582 3
0.11846 3
0.118328 3
0.118185 3
0.11805 3
0.117906 3
0.117766 3
0.117641 3
0.117515 3
0.117395 3
0.117289 3
0.117169 3
0.117038 3
0.116763 3
0.116605 3
0.116466 3
0.116349 3
0.116179 3
0.116031 3
0.115889 3
0.115757 3
0.115615 3
0.115474 3
0.115353 3
0.115229 3
0.115092 3
0.114982 3
0.114859 3
0.114736 3
0.114613 3
0.114502 3
0.114359 3
0.114221 3
0.114082 3
0.113956 3
0.113812 3
0.113707 3
0.113566 3
0.113435 3
0.113291 3
0.113165 3
0.113018 3
0.112879 3
0.112748 3
0.11262 3
0.112478 3
0.11234 3
0.112204 3
0.112075 3
0.111939 3
0.111783 3
0.111639 3
0.11152 3
0.11136 3
0.111228 3
0.111079 3
0.110944 3
0.110796 3
0.110664 3
0.110547 3
0.110399 3
0.110272 3
0.110118 3
0.109982 3
0.109853 3
0.109719 3
0.109588 3
0.109452 3
0.109311 3
0.109189 3
0.10905 3
0.108889 3
0.108734 3
0.10864 2
0.108506 2
0.108377 2
0.108249 2
0.108115 2
0.107972 2
0.107821 2
0.107691 2
0.107562 2
0.107427 2
0.107298 2
0.107183 2
0.107077 2
0.106924 2
0.106779 2
0.106656 2
0.106529 2
0.106403 2
0.106272 2
0.106126 2
0.10598 2
0.105821 2
0.105695 2
0.105572 2
0.105449 2
0.105301 2
0.10516 2
0.105039 2
0.104909 2
0.104761 2
0.104624 2
0.104512 2
0.104396 2
0.104249 2
0.104092 2
0.103947 2
0.103807 2
0.103708 2
0.103585 2
0.103435 2
0.103295 2
0.10317 2
0.103037 2
0.102889 2
0.102776 2
0.102655 2
0.102511 2
0.10236 2
0.102225 2
0.102089 2
0.101954 2
0.101822 2
0.101683 2
0.101568 2
0.10145 2
0.10133 2
0.1012 2
0.100925 2
0.100788 2
0.100643 2
0.10052 2
0.100399 2
0.100273 2
0.100117 2
0.0999827 2
0.0998548 2
0.0997101 2
0.0995598 2
0.0994311 2
0.0992917 2
0.0991641 2
0.099037 2
0.0989042 2
0.0987625 2
0.098628 2
0.0985132 2
0.0983728 2
0.0982381 2
0.0980932 2
0.0979563 2
0.0978394 2
0.0977074 2
0.0975789 2
0.0974554 2
0.0973281 2
0.0971787 2
0.0970407 2
0.0969046 2
0.0967718 2
0.0966112 2
0.0964733 2
0.0963102 2
0.0961739 2
0.0960547 2
0.095925 2
0.0957795 2
0.0956491 2
0.0955119 2
0.0953619 2
0.0952766 1
0.0951641 1
0.0950349 1
0.0948978 1
0.094764 1
0.0946366 1
0.0944909 1
0.0943585 1
0.0942088 1
0.0940845 1
0.0939585 1
0.0938222 1
0.0936969 1
0.0935623 1
0.0934436 1
0.0932957 1
0.0931635 1
0.093044 1
0.0929072 1
0.0927962 1
0.0926571 1
0.0925256 1
0.0923915 1
0.0922634 1
0.0921139 1
0.0919861 1
0.0918629 1
0.0917304 1
0.0916079 1
0.0914806 1
0.0913442 1
0.0912116 1
0.0910844 1
0.0909548 1
0.0908314 1
0.0906957 1
0.0905591 1
0.090401 1
0.0902614 1
0.09012 1
0.0899868 1
0.0898612 1
0.089726 1
0.0895781 1
0.0894409 1
0.0893073 1
0.089161 1
0.0890166 1
0.0888854 1
0.0887631 1
0.0886662 1
0.0885323 1
0.0884172 1
0.0883071 1
0.0881731 1
0.0880508 1
0.0879078 1
0.0877781 1
0.0876414 1
0.087499 1
0.087377 1
0.0872399 1
0.0871092 1
0.0869892 1
0.0868688 1
0.0867634 1
0.0866421 1
0.0864865 1
0.0863419 1
0.0862023 1
0.086074 1
0.0859431 1
0.0857943 1
0.0856532 1
0.0855302 1
0.085383 1
0.0852461 1
0.0851065 1
0.0849657 1
0.0848039 1
0.084666 1
0.0845404 1
0.0844117 1
0.084272 1
0.0841339 1
0.0840149 1
0.0838775 1
0.0837118 1
0.0835749 1
0.0834237 1
0.083297 1
0.0831826 1
0.0830305 1
0.082894 1
0.082759 1
0.0826383 1
0.0825043 1
0.0823654 1
0.0822374 1
0.0820867 1
0.0819474 1
0.0818132 1
0.0816888 1
0.081547 1
0.0814042 1
0.0812696 1
0.0811673 1
0.0810191 1
0.0808819 1
0.0807585 1
0.0806272 1
0.0805126 1
0.0803747 1
0.0802262 1
0.0800858 1
0.0799771 1
0.0798218 1
0.0796717 1
0.079549 1
0.0793845 1
0.0792472 1
0.0791104 1
0.078955 1
0.0788315 1
0.0786723 1
0.0785329 1
0.0783903 1
0.078233 1
0.0780872 1
0.0779276 1
0.0778086 1
0.0776784 1
0.0775458 1
0.077429 1
0.0772968 1
0.0771626 1
0.0770098 1
0.0768878 1
0.076758 1
0.0766419 1
0.076507 1
0.0763484 1
0.0762268 1
0.0760926 1
0.0759382 1
0.07578 1
0.0756376 1
0.0755049 1
0.075375 1
0.0752385 1
0.0751061 1
0.0749511 1
0.0748263 1
0.0747093 1
0.0745638 1
0.0744241 1
0.0742648 1
0.0741437 1
0.0740133 1
0.073896 1
0.0737768 1
0.0736514 1
0.0735306 1
0.0733974 1
0.0732539 1
0.0731257 1
0.0729844 1
0.0728452 1
0.0727289 1
0.0725864 1
0.0724517 1
0.0723082 1
0.0721696 1
0.0720549 1
0.0719093 1
0.0717556 1
0.0716203 1
0.0714695 1
0.0713267 1
0.0711788 1
0.0710273 1
0.0708907 1
0.0707608 1
0.0706478 1
0.0705111 1
0.070372 1
0.0702477 1
0.070091 1
0.0699501 1
0.0697864 1
0.0696811 1
0.0695603 1
0.0694227 1
0.0692731 1
0.0691465 1
0.0690006 1
0.068875 1
0.0687554 1
0.0686347 1
0.0685017 1
0.068372 1
0.0682456 1
0.0681018 1
0.0679609 1
0.0678214 1
0.0676828 1
0.0675611 1
0.0674318 1
0.0673009 1
0.0671836 1
0.0670402 1
0.0668951 1
0.0667705 1
0.0666296 1
0.06648 1
0.0663317 1
0.0662014 1
0.0660676 1
0.0659069 1
0.0657683 1
0.0656402 1
0.065503 1
0.065354 1
0.0652043 1
0.0650741 1
0.0649333 1
0.0647831 1
0.064648 1
0.0645392 1
0.0644329 1
0.064273 1
0.0641484 1
0.0639946 1
0.063851 1
0.063714 1
0.0635793 1
0.0634561 1
0.0633106 1
0.063171 1
0.0630415 1
0.0628776 1
0.062749 1
0.0626042 1
0.0624433 1
0.0622993 1
0.0621561 1
0.0620321 1
0.0618945 1
0.0617677 1
0.0616407 1
0.0615084 1
0.0613698 1
0.0612304 1
0.0610966 1
0.0609498 1
0.060825 1
0.060694 1
0.0605584 1
0.0604528 1
0.0603279 1
0.0601901 1
0.0600722 1
0.0599333 1
0.0597999 1
0.0596486 1
0.0595206 1
0.0593747 1
0.0592412 1
0.0591202 1
0.0589844 1
0.0588601 1
0.0587003 1
0.0585599 1
0.0584284 1
0.0583064 1
0.0581679 1
0.0580279 1
0.0579009 1
0.0577552 1
0.0576295 1
0.0575077 1
0.057363 1
0.0572146 1
0.057082 1
0.0569564 1
0.0568445 1
0.0566923 1
0.0565562 1
0.0564189 1
0.0562888 1
0.0561526 1
0.0560218 1
0.0559071 1
0.0557944 1
0.0556511 1
0.0555236 1
0.055375 1
0.0552154 1
0.0550828 1
0.054955 1
0.0548165 1
0.05468 1
0.0545664 1
0.0544041 1
0.0542758 1
0.054141 1
0.0540038 1
0.053889 1
0.0537491 1
0.0536321 1
0.0535099 1
0.0533628 1
0.0532249 1
0.0531017 1
0.0529484 1
0.0528233 1
0.0526842 1
0.0525179 1
0.052377 1
0.0522387 1
0.0521091 1
0.0519782 1
0.0518508 1
0.0517197 1
0.0515763 1
0.0514443 1
0.0513418 1
0.0511915 1
0.0510782 1
0.0509369 1
0.0508074 1
0.0506515 1
0.0505254 1
0.0504112 1
0.0502971 1
0.0501652 1
0.0500256 1
0.0499023 1
0.0497468 1
0.0496504 0
0.049519 0
0.0493537 0
0.049211 0
0.0490844 0
0.0489397 0
0.0487989 0
0.0486591 0
0.0485403 0
0.0483989 0
0.0482802 0
0.0481388 0
0.0480079 0
0.0478751 0
0.0477416 0
0.0476104 0
0.0474738 0
0.047312 0
0.0471715 0
0.0470575 0
0.046929 0
0.04682 0
0.0466916 0
0.0465523 0
0.0464214 0
0.0462967 0
0.0461627 0
0.0460104 0
0.0458601 0
0.045742 0
0.0456056 0
0.0454819 0
0.0453701 0
0.045248 0
0.0451125 0
0.0449699 0
0.0448614 0
0.0447156 0
0.0445783 0
0.044446 0
0.0443185 0
0.0441829 0
0.044061 0
0.0439176 0
0.043785 0
0.0436667 0
0.0435206 0
0.0434022 0
0.043298 0
0.0431715 0
0.043048 0
0.0429263 0
0.0427858 0
0.0426521 0
0.0425147 0
0.0423723 0
0.0422261 0
0.0420706 0
0.0419382 0
0.0418018 0
0.0416764 0
0.0415549 0
0.0414029 0
0.0412729 0
0.041121 0
0.0409725 0
0.0408486 0
0.0407083 0
0.0405793 0
0.0404408 0
0.0403128 0
0.0401785 0
0.0400283 0
0.039915 0
0.0397773 0
0.0396333 0
0.0395028 0
0.0393656 0
0.0392237 0
0.0390887 0
0.0389331 0
0.0387987 0
0.0386553 0
0.0385253 0
0.0383885 0
0.0382733 0
0.0381423 0
0.0380214 0
0.0378699 0
0.0377483 0
0.0376117 0
0.0374476 0
0.0373315 0
0.0372069 0
0.0370563 0
0.036899 0
0.0367548 0
0.0366236 0
0.0364936 0
0.0363716 0
0.0362437 0
0.0361158 0
0.0359504 0
0.0357969 0
0.0356536 0
0.0355184 0
0.0353775 0
0.0352281 0
0.035097 0
0.0349679 0
0.0348295 0
0.0346957 0
0.0345624 0
0.0344238 0
0.0342845 0
0.0341567 0
0.0340162 0
0.0338902 0
0.0337471 0
0.0336291 0
0.0334955 0
0.0333531 0
0.033216 0
0.0331057 0
0.0329839 0
0.0328404 0
0.0327024 0
0.0325742 0
0.0324162 0
0.0323003 0
0.0321638 0
0.0320305 0
0.0318822 0
0.0317283 0
0.0315997 0
0.0314533 0
0.0313256 0
0.0311944 0
0.0310608 0
0.0309257 0
0.0308014 0
0.0306683 0
0.0305391 0
0.0303989 0
0.030258 0
0.0299769 0
0.0298385 0
0.0297174 0
0.029577 0
0.0294198 0
0.0292875 0
0.029155 0
0.0290123 0
0.0288764 0
0.0287567 0
0.0286141 0
0.0284759 0
0.0283469 0
0.0282008 0
0.028045 0
0.0279023 0
0.0277533 0
0.0276316 0
0.0274694 0
0.0273302 0
0.0271989 0
0.0270515 0
0.0269211 0
0.026791 0
0.0266637 0
0.02652 0
0.026375 0
0.0262524 0
0.0261121 0
0.0259764 0
0.025819 0
0.0256833 0
0.0255376 0
0.0254151 0
0.0252809 0
0.0251443 0
0.0250095 0
0.0248922 0
0.0247589 0
0.024617 0
0.0244792 0
0.0243611 0
0.0242263 0
0.0240824 0
0.0239334 0
0.0237891 0
0.0236758 0
0.0235273 0
0.0233917 0
0.0232629 0
0.023144 0
0.0229935 0
0.0228574 0
0.0227195 0
0.0225789 0
0.0224312 0
0.0222914 0
0.0221623 0
0.0220322 0
0.0218997 0
0.0217582 0
0.0216484 0
0.0215375 0
0.0214238 0
0.0213005 0
0.0211502 0
0.0210141 0
0.0208568 0
0.020707 0
0.0205557 0
0.0204145 0
0.0202778 0
0.0201555 0
0.0200167 0
0.0198823 0
0.019734 0
0.0196157 0
0.0194914 0
0.0193651 0
0.0192351 0
0.0191089 0
0.0189705 0
0.0188351 0
0.0187034 0
0.0185619 0
0.0184173 0
0.0182729 0
0.0181339 0
0.0179998 0
0.0178529 0
0.0177297 0
0.0175874 0
0.0174569 0
0.0173096 0
0.0171684 0
0.0170458 0
0.0169154 0
0.0167708 0
0.0166223 0
0.0164837 0
0.0163433 0
0.0162116 0
0.0160738 0
0.0159434 0
0.0158378 0
0.0156944 0
0.0155594 0
0.0154098 0
0.0152716 0
0.0151453 0
0.0149931 0
0.0148619 0
0.0147256 0
0.0145793 0
0.0144343 0
0.0143008 0
0.0141684 0
0.014037 0
0.0139057 0
0.0137611 0
0.0136221 0
0.0135099 0
0.0133689 0
0.0132164 0
0.0130831 0
0.0129702 0
0.012849 0
0.0127067 0
0.0125768 0
0.0124377 0
0.0122978 0
0.0121538 0
0.0120315 0
0.0119078 0
0.0117511 0
0.0116043 0
0.0114866 0
0.0113461 0
0.0112175 0
0.0110481 0
0.010909 0
0.0107558 0
0.0106252 0
0.0104923 0
0.0103776 0
0.0102488 0
0.0100984 0
0.00998213 0
0.0098356 0
0.00970484 0
0.00956413 0
0.00942993 0
0.00928343 0
0.00915697 0
0.00900906 0
0.00885409 0
0.00873276 0
0.00856911 0
0.00842605 0
0.00829074 0
0.00816055 0
0.00800456 0
0.00786103 0
0.00772802 0
0.00761429 0
0.00746835 0
0.00732798 0
0.00719893 0
0.00704409 0
0.00691169 0
0.00676003 0
0.00662878 0
0.00650007 0
0.00636249 0
0.00621577 0
0.00606968 0
0.00593954 0
0.00581456 0
0.00568603 0
0.00555537 0
0.0054165 0
0.00528929 0
0.00514824 0
0.00501031 0
0.00487579 0
0.0047411 0
0.00461478 0
0.00447769 0
0.00434208 0
0.00419646 0
0.00403742 0
0.0039069 0
0.00375375 0
0.00363127 0
0.00350346 0
0.00335922 0
0.00322046 0
0.00308792 0
0.00295375 0
0.00282573 0
0.00268956 0
0.00254876 0
0.00242486 0
0.00228751 0
0.00215676 0
0.00200724 0
0.00190426 0
0.00177025 0
0.00162218 0
0.00148217 0
0.0013393 0
0.00122498 0
0.00109129 0
0.000963805 0
0.000828172 0
0.000688796 0
0.000544241 0
0.000408107 0
0.000273435 0
0.000143629 0
0 0
