0.154259 0
0.157190 0
0.159245 0
0.162073 0
0.164970 0
0.167369 1
0.170354 1
0.173271 1
0.175507 1
0.177511 1
0.181055 1
0.183858 1
0.187405 1
0.190915 1
0.194316 1
0.196359 1
0.199099 1
0.201398 1
0.205016 1
0.208519 1
0.211836 1
0.214983 1
0.217354 1
0.219810 1
0.222825 1
0.224878 1
0.227515 1
0.229658 1
0.232730 1
0.236459 1
0.238785 1
0.241890 1
0.244805 1
0.248436 2
0.251190 2
0.254506 2
0.257632 2
0.260210 2
0.262967 2
0.266405 2
0.269342 2
0.273339 2
0.276802 2
0.279673 2
0.283134 2
0.285715 2
0.288644 2
0.292044 2
0.294448 2
0.297258 3
0.299074 2
0.300254 2
0.302501 2
0.304667 3
0.306915 3
0.309643 3
0.311814 3
0.314767 3
0.317806 3
0.320527 3
0.323037 3
0.324876 3
0.326727 3
0.328156 3
0.331336 4
0.334140 3
0.336078 4
0.338658 4
0.340487 4
0.342246 4
0.344626 4
0.346669 4
0.348326 4
0.351315 5
0.353520 5
0.354650 5
0.357644 6
0.359508 6
0.361970 6
0.363350 6
0.365486 6
0.366369 6
0.368521 6
0.370408 6
0.371730 6
0.373312 6
0.375346 6
0.377367 6
0.379202 6
0.380505 6
0.381866 7
0.384096 7
0.386194 7
0.388193 7
0.389799 8
0.391583 8
0.392221 8
0.394124 8
0.395614 8
0.396860 9
0.398620 9
0.400064 9
0.401868 9
0.402688 9
0.403888 10
0.404656 10
0.406470 10
0.407252 10
0.408193 10
0.409169 11
0.410322 11
0.411691 11
0.412840 11
0.413665 12
0.414344 12
0.415220 13
0.415689 13
0.417242 13
0.418482 13
0.419252 14
0.420745 14
0.422424 14
0.423605 15
0.425088 15
0.426318 16
0.427184 17
0.428100 17
0.429300 18
0.429968 18
0.431284 19
0.432431 20
0.432836 21
0.433901 21
0.434851 22
0.436250 22
0.437438 23
0.438159 23
0.439426 24
0.440331 25
0.441091 26
0.441580 27
0.442143 28
0.443418 29
0.445001 30
0.445738 31
0.446113 32
0.446721 33
0.447165 34
0.448043 36
0.449050 36
0.449689 38
0.451165 38
0.451907 40
0.452905 42
0.453810 43
0.454367 44
0.455255 45
0.456161 47
0.456871 49
0.457246 50
0.457898 53
0.458333 55
0.458584 57
0.459629 59
0.460663 61
0.461655 63
0.462250 66
0.462779 67
0.463750 69
0.464071 71
0.464386 73
0.464587 77
0.465450 80
0.466591 84
0.467322 87
0.467756 91
0.468691 95
0.469697 98
0.470062 100
0.470351 104
0.470866 106
0.471588 110
0.472517 113
0.472895 118
0.473676 122
0.474212 126
0.474637 129
0.474919 135
0.475331 139
0.475674 144
0.476657 149
0.477494 154
0.478204 158
0.478911 162
0.479384 167
0.479772 172
0.480581 177
0.481177 183
0.481658 188
0.482092 194
0.482353 199
0.482761 204
0.483425 211
0.483696 217
0.483985 222
0.484472 228
0.485267 234
0.485929 242
0.486383 249
0.486842 255
0.486902 260
0.487372 268
0.487657 277
0.487992 284
0.488365 293
0.488481 302
0.488757 311
0.489193 319
0.489691 328
0.490170 337
0.490804 347
0.491085 356
0.491482 365
0.492012 374
0.492509 386
0.492721 397
0.492885 407
0.493081 419
0.493375 432
0.493707 444
0.494188 457
0.494619 470
0.495529 484
0.496173 500
0.497020 512
0.497457 526
0.498208 541
0.498736 556
0.498961 570
0.499389 583
0.499921 599
0.499682 615
0.500142 631
0.500305 647
0.500625 666
0.501446 684
0.502166 699
0.503078 719
0.503298 737
0.503659 756
0.504045 774
0.504692 794
0.504800 812
0.505147 832
0.505518 853
0.505978 872
0.506199 894
0.506869 915
0.507216 937
0.508174 960
0.508329 982
0.508708 1005
0.508851 1026
0.509449 1051
0.509779 1072
0.510231 1097
0.510644 1122
0.511175 1147
0.512050 1172
0.512666 1199
0.513181 1226
0.513765 1254
0.514087 1282
0.514353 1309
0.514735 1341
0.514973 1371
0.515362 1399
0.516021 1428
0.516500 1460
0.516696 1493
0.517100 1524
0.517274 1554
0.517752 1583
0.517871 1611
0.518359 1643
0.518938 1675
0.519048 1708
0.518883 1744
0.519254 1782
0.519672 1816
0.519789 1850
0.520047 1885
0.519960 1920
0.520750 1955
0.521212 1992
0.521628 2025
0.522110 2064
0.522554 2106
0.522967 2144
0.522969 2183
0.523376 2219
0.523947 2258
0.523666 2301
0.524202 2343
0.524571 2379
0.524911 2421
0.525074 2459
0.525761 2503
0.525909 2549
0.525986 2593
0.526765 2638
0.527308 2679
0.527316 2723
0.527930 2769
0.528317 2810
0.528605 2857
0.528733 2907
0.529188 2952
0.528862 3004
0.529252 3055
0.529924 3102
