0.519078 25920
0.519078 25919
0.519078 25918
0.519078 25917
0.519078 25916
0.519078 25914
0.519078 25913
0.519078 25912
0.519078 25911
0.519078 25908
0.519078 25907
0.519078 25905
0.519078 25904
0.51901 25904
0.51901 25903
0.518977 25903
0.518874 25902
0.518874 25899
0.518874 25898
0.518874 25897
0.518841 25895
0.518807 25894
0.518807 25893
0.518807 25889
0.518692 25888
0.518692 25887
0.518692 25885
0.518572 25881
0.518572 25879
0.518572 25877
0.518572 25875
0.518572 25871
0.518572 25870
0.518572 25869
0.518572 25868
0.518572 25865
0.518572 25864
0.518572 25860
0.518572 25859
0.518572 25858
0.518572 25857
0.518572 25856
0.518572 25854
0.518572 25853
0.518572 25849
0.518501 25845
0.518501 25843
0.518501 25842
0.518501 25841
0.518501 25838
0.518501 25837
0.518501 25834
0.518501 25833
0.518501 25832
0.518501 25831
0.518501 25829
0.518501 25825
0.518501 25824
0.518501 25823
0.518501 25822
0.518501 25821
0.518501 25809
0.518501 25808
0.518501 25806
0.518501 25799
0.518398 25795
0.518398 25794
0.518398 25793
0.518398 25784
0.518398 25783
0.518398 25780
0.518398 25776
0.518398 25774
0.518398 25773
0.518398 25772
0.518398 25771
0.518398 25770
0.518398 25761
0.518398 25760
0.518398 25752
0.518398 25749
0.518398 25748
0.518398 25747
0.518398 25746
0.518398 25745
0.518398 25741
0.518398 25737
0.518398 25736
0.518398 25734
0.518398 25733
0.518398 25731
0.518398 25730
0.518398 25727
0.518398 25719
0.518398 25712
0.518398 25710
0.518398 25708
0.518398 25707
0.518398 25706
0.518398 25703
0.518398 25702
0.518398 25701
0.518398 25698
0.518398 25694
0.518398 25687
0.518398 25682
0.518398 25681
0.518398 25676
0.518398 25675
0.518398 25672
0.518398 25666
0.518398 25662
0.518398 25656
0.518398 25655
0.518398 25646
0.518398 25643
0.518398 25640
0.518398 25638
0.518398 25635
0.518398 25630
0.518398 25625
0.518398 25624
0.518398 25621
0.518398 25615
0.518398 25612
0.518306 25603
0.518306 25602
0.518306 25594
0.518306 25591
0.518297 25583
0.518297 25580
0.518297 25577
0.518297 25576
0.518297 25575
0.518297 25574
0.518297 25572
0.518297 25567
0.518297 25557
0.518297 25549
0.518297 25548
0.518277 25544
0.518277 25541
0.518277 25534
0.518277 25533
0.518277 25528
0.518277 25515
0.518277 25507
0.518277 25502
0.518199 25497
0.518199 25491
0.518199 25484
0.518199 25482
0.518199 25481
0.518199 25479
0.518176 25469
0.518176 25459
0.518176 25454
0.518176 25445
0.518176 25435
0.518176 25433
0.518116 25426
0.518116 25424
0.518115 25420
0.518115 25419
0.518115 25408
0.518115 25398
0.518112 25390
0.518112 25389
0.518112 25381
0.518112 25374
0.518112 25372
0.518112 25367
0.518112 25364
0.518112 25356
0.518112 25355
0.518112 25353
0.518112 25346
0.518112 25342
0.518112 25334
0.518101 25324
0.518101 25322
0.518101 25320
0.518101 25315
0.518101 25311
0.518101 25304
0.518101 25291
0.518101 25287
0.518101 25285
0.518079 25280
0.518079 25271
0.518079 25263
0.518079 25256
0.518079 25249
0.518079 25247
0.518079 25245
0.517961 25238
0.517961 25235
0.517961 25226
0.517961 25219
0.517961 25217
0.517961 25216
0.517961 25213
0.517961 25212
0.517961 25206
0.517961 25199
0.517961 25190
0.517961 25178
0.517961 25174
0.517961 25167
0.517867 25160
0.517867 25150
0.517867 25143
0.517867 25142
0.517867 25134
0.517867 25131
0.517867 25121
0.517867 25119
0.517867 25113
0.517867 25102
0.517867 25085
0.517867 25078
0.517867 25076
0.51786 25069
0.51786 25063
0.517749 25046
0.517749 25042
0.517737 25025
0.517728 25016
0.517728 24992
0.517728 24990
0.517727 24982
0.517727 24973
0.517682 24963
0.517682 24961
0.517682 24947
0.517682 24944
0.517682 24942
0.517682 24937
0.517682 24930
0.517682 24903
0.517682 24894
0.517682 24882
0.517682 24871
0.517682 24863
0.517682 24853
0.517669 24844
0.517669 24840
0.517669 24828
0.517669 24826
0.517669 24810
0.517669 24797
0.517669 24787
0.517669 24781
0.517551 24754
0.517551 24742
0.517551 24735
0.517455 24723
0.517449 24716
0.517449 24711
0.517449 24702
0.517449 24691
0.51738 24670
0.51738 24663
0.51738 24644
0.517351 24632
0.517351 24626
0.517351 24597
0.517242 24588
0.517242 24577
0.517242 24569
0.517242 24560
0.517136 24543
0.517136 24525
0.517136 24509
0.517098 24494
0.517098 24490
0.517098 24481
0.517098 24473
0.516968 24460
0.516968 24451
0.516968 24450
0.516911 24440
0.516911 24431
0.516783 24424
0.516783 24417
0.516625 24400
0.516494 24387
0.516494 24364
0.516494 24349
0.516494 24343
0.516494 24329
0.516494 24323
0.516494 24305
0.516494 24301
0.516494 24273
0.516494 24252
0.516494 24241
0.516487 24218
0.516483 24211
0.516483 24198
0.516405 24176
0.516405 24151
0.516405 24146
0.516364 24121
0.516364 24108
0.516222 24100
0.516222 24097
0.516222 24079
0.516222 24055
0.516222 24034
0.516222 24022
0.516163 24005
0.516163 23991
0.516163 23969
0.516163 23961
0.516163 23951
0.516083 23919
0.516083 23914
0.516023 23893
0.516023 23879
0.515894 23863
0.515892 23852
0.51588 23828
0.51588 23790
0.51588 23778
0.51588 23768
0.51579 23742
0.515703 23732
0.515583 23725
0.515583 23707
0.515573 23701
0.515552 23663
0.515552 23633
0.515491 23607
0.515491 23585
0.515491 23565
0.515491 23548
0.515329 23507
0.515329 23461
0.515329 23444
0.515329 23421
0.515329 23410
0.515198 23367
0.515198 23346
0.515176 23321
0.515176 23287
0.515176 23272
0.515176 23254
0.515176 23236
0.515072 23227
0.515056 23211
0.515056 23194
0.515048 23168
0.515048 23149
0.515048 23141
0.515048 23120
0.515048 23110
0.515031 23084
0.515031 23071
0.51499 23033
0.51499 23008
0.51499 22990
0.51495 22967
0.514876 22959
0.514857 22936
0.514796 22907
0.514796 22886
0.514796 22847
0.514796 22830
0.514796 22808
0.514796 22789
0.514796 22755
0.514796 22743
0.514796 22719
0.514796 22703
0.514697 22656
0.514697 22632
0.514591 22602
0.514514 22570
0.514514 22552
0.514514 22538
0.514514 22521
0.514401 22488
0.514401 22465
0.514393 22444
0.514393 22417
0.514393 22403
0.514393 22377
0.514393 22364
0.514283 22340
0.514283 22316
0.514283 22295
0.514283 22276
0.51427 22239
0.5141 22174
0.5141 22160
0.5141 22154
0.5141 22145
0.514085 22108
0.513929 22065
0.513927 22040
0.513913 22026
0.513913 22015
0.513913 21995
0.513913 21980
0.513913 21956
0.513913 21936
0.513913 21894
0.513905 21870
0.5138 21844
0.5138 21824
0.5138 21816
0.513693 21797
0.513693 21778
0.513649 21757
0.513649 21733
0.513603 21698
0.513603 21668
0.513603 21637
0.513603 21619
0.513603 21584
0.513603 21567
0.513603 21543
0.513583 21509
0.513462 21478
0.513447 21446
0.513215 21434
0.513215 21414
0.51316 21391
0.51316 21372
0.51316 21357
0.513156 21341
0.513156 21313
0.513114 21294
0.513114 21267
0.513114 21256
0.513114 21243
0.513114 21216
0.513073 21183
0.512943 21162
0.512941 21134
0.512841 21108
0.512841 21092
0.512841 21071
0.512663 21050
0.512663 21033
0.512663 20998
0.512663 20975
0.512663 20955
0.512661 20938
0.512555 20928
0.512555 20914
0.51241 20874
0.512409 20857
0.512409 20839
0.512409 20828
0.512409 20793
0.512409 20758
0.512409 20749
0.512409 20731
0.512409 20710
0.512405 20689
0.512405 20671
0.512289 20648
0.512289 20627
0.512289 20606
0.512209 20582
0.512209 20549
0.512209 20531
0.512196 20495
0.511979 20476
0.511978 20444
0.511906 20416
0.511905 20379
0.511779 20339
0.511767 20301
0.511672 20262
0.511644 20250
0.511599 20214
0.511561 20187
0.511507 20170
0.511368 20134
0.511311 20103
0.511311 20065
0.511311 20051
0.511311 20043
0.511311 20017
0.511204 19988
0.511204 19972
0.511204 19955
0.511163 19948
0.511163 19922
0.511099 19909
0.511099 19899
0.511042 19876
0.510839 19848
0.510722 19803
0.51067 19784
0.51067 19774
0.51067 19756
0.51067 19736
0.51067 19722
0.51067 19691
0.510622 19672
0.510622 19659
0.510594 19634
0.510574 19593
0.510345 19556
0.510345 19521
0.510244 19499
0.510239 19464
0.510239 19430
0.510239 19400
0.510101 19356
0.51008 19333
0.51008 19317
0.509933 19288
0.509933 19268
0.509933 19235
0.50982 19218
0.509733 19189
0.509733 19155
0.509733 19134
0.509638 19111
0.509638 19093
0.509637 19073
0.509631 19044
0.509631 19014
0.509631 18980
0.509631 18970
0.509577 18934
0.509577 18907
0.509577 18897
0.509577 18862
0.509326 18840
0.509326 18828
0.509326 18806
0.509326 18788
0.509326 18779
0.509319 18757
0.509319 18738
0.509319 18695
0.509319 18682
0.509302 18668
0.509262 18648
0.509178 18634
0.509167 18606
0.509167 18589
0.509167 18565
0.508975 18540
0.50894 18525
0.50894 18500
0.508814 18483
0.508731 18471
0.508721 18444
0.508721 18426
0.508548 18404
0.508548 18383
0.508548 18363
0.508509 18350
0.508509 18335
0.508509 18327
0.508494 18311
0.508395 18284
0.508395 18265
0.508392 18232
0.508392 18222
0.508392 18209
0.508392 18188
0.508392 18156
0.508392 18140
0.508392 18133
0.50837 18122
0.50837 18104
0.508335 18080
0.508127 18067
0.507951 18033
0.507916 18013
0.507916 17990
0.507916 17979
0.507916 17973
0.507916 17965
0.507916 17948
0.507916 17937
0.507916 17926
0.507916 17917
0.507916 17907
0.507729 17886
0.507656 17865
0.507656 17848
0.507614 17841
0.507614 17830
0.507584 17820
0.507584 17809
0.507584 17800
0.507303 17765
0.507303 17755
0.507303 17746
0.507303 17733
0.507303 17706
0.507303 17694
0.507292 17675
0.507292 17663
0.507101 17647
0.507099 17641
0.507099 17622
0.507096 17610
0.507096 17598
0.507096 17583
0.507096 17572
0.507096 17563
0.507096 17556
0.507096 17541
0.507007 17529
0.507007 17516
0.506866 17502
0.506705 17485
0.506705 17480
0.5066 17465
0.506505 17448
0.506351 17438
0.506351 17426
0.50634 17416
0.50632 17405
0.506225 17391
0.506225 17383
0.506225 17369
0.506225 17346
0.506225 17333
0.506223 17318
0.506223 17306
0.506223 17291
0.50618 17271
0.506088 17261
0.506088 17252
0.505983 17241
0.505983 17216
0.505983 17196
0.505983 17178
0.505983 17156
0.505983 17148
0.505983 17139
0.505983 17132
0.505909 17115
0.505904 17096
0.505904 17080
0.505904 17070
0.505893 17057
0.505893 17041
0.505893 17029
0.505747 17014
0.50567 16997
0.505661 16981
0.505579 16961
0.505579 16948
0.505557 16932
0.505557 16917
0.505557 16899
0.505446 16876
0.505446 16858
0.505446 16837
0.505409 16814
0.505268 16790
0.505268 16763
0.505268 16739
0.505268 16715
0.50526 16679
0.505122 16639
0.505002 16606
0.505002 16573
0.505002 16543
0.504889 16495
0.504803 16432
0.504702 16400
0.504628 16346
0.50461 16276
0.504584 16219
0.504432 16157
0.504001 16088
0.504001 16021
0.50399 15938
0.504096 15861
0.503987 15783
0.503937 15685
0.503717 15584
0.503635 15480
0.503406 15368
0.503322 15324
0.503223 15309
0.503223 15296
0.503068 15283
0.503068 15272
0.503068 15260
0.503066 15245
0.503066 15232
0.503066 15218
0.503066 15202
0.503064 15178
0.502964 15163
0.502964 15155
0.502964 15142
0.502964 15120
0.502919 15109
0.502877 15093
0.502877 15083
0.502877 15061
0.502877 15044
0.502877 15020
0.502877 15006
0.502877 14990
0.502877 14975
0.502877 14947
0.502877 14937
0.502877 14935
0.502877 14934
0.502877 14933
0.502877 14932
0.502877 14931
0.502877 14928
0.502877 14927
0.502877 14924
0.502877 14923
0.502877 14922
0.502877 14918
0.502877 14917
0.502877 14915
0.502877 14913
0.502877 14910
0.502877 14909
0.502877 14908
0.502877 14907
0.502877 14906
0.502877 14905
0.502877 14904
0.502877 14898
0.502877 14897
0.502877 14891
0.502843 14890
0.502843 14888
0.502843 14887
0.502772 14883
0.502772 14881
0.502772 14880
0.502772 14879
0.502772 14878
0.502772 14877
0.502772 14876
0.502772 14874
0.502772 14873
0.502766 14867
0.502766 14866
0.502624 14866
0.502624 14865
0.502624 14864
0.502624 14862
0.502568 14861
0.502568 14855
0.502568 14853
0.502568 14843
0.502568 14842
0.502568 14841
0.502568 14840
0.502568 14839
0.502568 14838
0.502568 14831
0.502568 14827
0.502568 14826
0.502568 14825
0.502568 14824
0.502568 14823
0.502568 14822
0.502568 14818
0.502568 14816
0.502568 14815
0.502568 14814
0.502475 14811
0.502475 14809
0.502451 14805
0.502451 14803
0.502451 14797
0.502451 14795
0.502451 14794
0.502451 14793
0.502424 14790
0.502424 14786
0.502424 14784
0.502424 14782
0.502424 14781
0.502424 14779
0.502424 14776
0.502424 14773
0.502424 14771
0.502424 14770
0.502424 14768
0.502424 14765
0.502424 14764
0.502424 14762
0.502424 14761
0.502424 14758
0.502424 14754
0.502424 14750
0.502424 14749
0.502424 14747
0.502424 14744
0.502424 14741
0.502424 14738
0.502424 14733
0.502424 14732
0.502424 14729
0.502424 14727
0.502424 14725
0.502424 14722
0.502424 14715
0.502424 14713
0.502424 14710
0.502424 14707
0.502424 14706
0.50241 14703
0.50241 14702
0.50241 14700
0.50241 14699
0.50241 14698
0.50241 14696
0.502272 14694
0.502272 14692
0.502272 14689
0.502272 14688
0.502272 14685
0.502272 14684
0.502272 14683
0.502272 14681
0.502272 14678
0.502272 14677
0.502272 14672
0.502272 14671
0.502272 14663
0.502272 14659
0.502272 14656
0.502272 14655
0.502272 14652
0.502272 14651
0.502272 14648
0.502272 14647
0.502272 14645
0.502272 14644
0.502247 14640
0.502121 14634
0.502121 14626
0.502104 14624
0.502104 14620
0.502104 14618
0.502104 14615
0.502104 14614
0.502092 14610
0.502092 14605
0.502092 14599
0.501908 14594
0.501893 14585
0.501893 14582
0.501893 14579
0.501893 14570
0.501882 14558
0.501878 14547
0.501878 14542
0.501878 14537
0.501843 14531
0.501843 14526
0.501843 14522
0.501843 14516
0.501843 14514
0.501843 14500
0.50184 14494
0.50184 14492
0.50184 14485
0.50184 14483
0.50184 14479
0.50184 14478
0.50184 14469
0.501666 14456
0.501666 14455
0.501666 14454
0.501666 14448
0.501666 14445
0.501666 14441
0.501666 14437
0.501666 14435
0.501553 14431
0.501547 14428
0.501547 14419
0.501547 14418
0.501547 14412
0.501547 14410
0.501547 14409
0.501547 14394
0.501547 14390
0.501547 14380
0.501547 14377
0.501547 14342
0.501547 14339
0.501547 14335
0.501547 14330
0.501547 14315
0.501547 14310
0.501547 14304
0.501429 14299
0.501301 14292
0.501301 14282
0.501301 14281
0.50116 14277
0.50116 14266
0.50116 14262
0.501041 14260
0.501041 14255
0.501041 14245
0.501041 14234
0.500938 14226
0.500938 14225
0.500938 14215
0.500938 14205
0.500938 14200
0.500809 14183
0.500809 14174
0.500809 14171
0.500809 14163
0.500805 14159
0.500805 14154
0.500805 14144
0.500805 14139
0.50077 14126
0.50077 14116
0.50077 14109
0.50077 14107
0.50077 14105
0.50077 14092
0.50077 14085
0.50077 14077
0.50077 14065
0.50077 14061
0.500643 14056
0.500549 14049
0.500549 14047
0.500549 14036
0.500549 14028
0.500549 14010
0.500482 14005
0.500482 14002
0.500482 13996
0.500482 13989
0.500482 13975
0.500482 13961
0.500482 13958
0.500482 13956
0.500482 13944
0.500355 13932
0.500355 13923
0.500355 13918
0.500355 13915
0.500355 13914
0.500355 13909
0.500355 13908
0.500355 13904
0.500355 13895
0.500355 13894
0.500355 13886
0.500229 13873
0.500229 13869
0.500229 13867
0.500229 13853
0.500229 13845
0.500229 13837
0.500229 13832
0.500225 13823
0.500203 13810
0.500203 13807
0.500203 13789
0.500203 13778
0.500105 13760
0.500105 13753
0.500105 13740
0.500105 13728
0.500105 13723
0.500105 13720
0.500103 13709
0.500103 13705
0.500103 13685
0.500043 13677
0.500043 13663
0.500043 13655
0.500043 13653
0.500043 13642
0.500043 13640
0.500043 13637
0.500043 13628
0.500043 13609
0.500043 13584
0.499766 13571
0.499766 13560
0.499701 13551
0.499701 13542
0.499701 13540
0.499701 13535
0.499701 13522
0.499701 13519
0.499701 13509
0.499688 13497
0.499678 13474
0.499678 13462
0.499594 13450
0.499594 13432
0.499594 13426
0.499587 13413
0.499587 13396
0.499587 13384
0.499407 13370
0.499376 13335
0.499376 13322
0.499376 13318
0.499376 13292
0.499376 13273
0.499376 13264
0.499376 13260
0.499376 13248
0.499376 13238
0.499286 13230
0.499286 13208
0.499286 13201
0.499166 13190
0.499166 13185
0.499129 13178
0.499129 13166
0.499129 13155
0.498823 13141
0.498771 13125
0.498771 13122
0.498656 13105
0.498642 13093
0.498625 13082
0.498515 13074
0.498515 13065
0.4984 13058
0.4984 13052
0.4984 13040
0.4984 13002
0.498294 12991
0.498188 12981
0.498166 12974
0.498166 12960
0.498166 12950
0.498166 12938
0.498166 12929
0.498166 12921
0.498059 12901
0.498027 12889
0.498011 12883
0.498011 12874
0.49801 12857
0.49801 12850
0.498008 12842
0.498008 12831
0.497882 12817
0.497882 12801
0.497882 12796
0.49786 12778
0.49786 12774
0.49786 12762
0.49786 12754
0.49786 12743
0.49786 12736
0.49786 12727
0.49786 12714
0.49776 12711
0.49776 12699
0.49776 12691
0.497492 12678
0.497492 12667
0.497383 12649
0.497383 12641
0.497383 12630
0.497383 12622
0.497348 12604
0.497348 12595
0.497348 12579
0.497227 12551
0.497227 12523
0.497227 12514
0.497227 12504
0.497227 12488
0.497082 12475
0.497082 12469
0.49685 12445
0.496821 12439
0.49681 12411
0.49681 12397
0.496682 12392
0.496515 12385
0.496515 12380
0.496515 12365
0.496364 12345
0.496364 12333
0.496364 12325
0.496299 12312
0.496299 12294
0.496203 12275
0.496203 12267
0.496202 12257
0.496051 12243
0.496051 12236
0.496051 12219
0.496051 12213
0.495958 12193
0.495923 12185
0.495923 12170
0.495923 12164
0.495812 12145
0.495812 12117
0.495812 12097
0.495812 12082
0.495812 12055
0.495809 12047
0.495809 12035
0.495754 12017
0.495754 11996
0.495754 11986
0.495719 11970
0.495719 11959
0.495633 11946
0.495609 11928
0.495483 11914
0.495338 11903
0.495338 11894
0.495338 11882
0.495205 11854
0.495205 11841
0.495205 11830
0.495205 11815
0.495205 11806
0.495205 11796
0.495205 11788
0.495205 11772
0.495205 11754
0.495205 11738
0.495205 11725
0.495205 11708
0.494939 11696
0.494825 11681
0.494825 11666
0.494785 11658
0.494785 11627
0.494785 11614
0.49472 11598
0.49472 11574
0.49472 11561
0.49472 11545
0.49472 11531
0.494576 11517
0.494573 11494
0.494573 11472
0.494573 11466
0.494573 11455
0.494417 11433
0.494325 11406
0.494269 11395
0.494269 11371
0.494269 11363
0.494269 11355
0.494269 11346
0.494184 11331
0.494184 11324
0.494183 11313
0.494183 11300
0.494183 11291
0.494183 11286
0.494183 11275
0.494024 11258
0.493871 11247
0.493871 11235
0.493871 11226
0.493871 11207
0.493871 11199
0.493871 11179
0.493871 11171
0.493868 11159
0.493763 11150
0.493763 11144
0.493763 11130
0.493763 11120
0.493746 11106
0.493746 11098
0.493746 11091
0.493746 11084
0.493746 11077
0.49373 11063
0.49373 11054
0.49373 11047
0.493716 11040
0.493716 11022
0.493716 11011
0.493716 10999
0.493716 10986
0.493716 10985
0.493697 10970
0.493697 10964
0.493683 10955
0.493563 10944
0.493538 10931
0.493538 10913
0.493424 10902
0.493424 10893
0.493416 10881
0.493416 10876
0.493416 10857
0.493416 10852
0.493416 10844
0.493349 10831
0.493349 10825
0.493349 10817
0.493349 10809
0.493263 10795
0.493263 10780
0.493263 10768
0.493172 10758
0.493172 10753
0.493172 10733
0.493172 10711
0.493059 10704
0.493059 10701
0.493003 10687
0.492983 10676
0.492983 10664
0.492983 10657
0.492849 10644
0.492849 10636
0.492849 10630
0.492849 10627
0.492821 10603
0.492821 10594
0.492821 10584
0.492778 10575
0.492756 10553
0.492756 10546
0.492756 10534
0.492756 10531
0.492756 10524
0.492754 10515
0.492754 10508
0.492754 10500
0.492754 10489
0.492709 10484
0.492688 10474
0.492688 10459
0.492688 10450
0.492688 10447
0.492688 10442
0.492688 10432
0.492688 10422
0.492549 10413
0.492549 10394
0.492549 10384
0.492549 10374
0.492558 10354
0.492558 10340
0.492558 10333
0.492558 10328
0.492558 10323
0.492558 10319
0.49254 10309
0.492489 10304
0.492489 10301
0.492376 10290
0.492376 10278
0.492376 10268
0.492294 10261
0.492294 10253
0.492294 10249
0.492294 10245
0.492294 10241
0.492294 10234
0.492113 10221
0.492113 10213
0.491995 10206
0.491906 10193
0.491902 10176
0.491902 10171
0.491902 10164
0.491902 10141
0.491893 10137
0.491893 10126
0.491893 10123
0.491859 10115
0.491859 10105
0.491859 10100
0.491859 10089
0.491859 10080
0.491834 10070
0.491825 10063
0.491825 10056
0.491825 10041
0.491825 10037
0.491825 10029
0.491825 10025
0.491825 10010
0.491818 10001
0.491727 9992
0.491724 9987
0.491723 9977
0.491701 9963
0.491692 9949
0.491692 9944
0.491508 9927
0.491508 9918
0.491476 9905
0.491476 9891
0.491476 9877
0.491476 9850
0.491476 9843
0.491458 9832
0.491458 9822
0.491447 9807
0.491407 9791
0.491407 9777
0.491298 9764
0.491288 9744
0.491276 9726
0.491276 9704
0.491259 9675
0.491176 9657
0.491176 9634
0.491176 9613
0.491166 9583
0.49106 9553
0.491058 9531
0.490936 9496
0.490924 9460
0.490924 9422
0.490892 9371
0.490891 9330
0.490875 9286
0.490863 9245
0.490663 9196
0.490586 9157
0.490586 9147
0.490585 9139
0.490585 9127
0.490585 9121
0.490585 9116
0.490491 9107
0.490487 9093
0.490487 9078
0.490487 9064
0.490487 9053
0.490487 9045
0.490436 9035
0.490352 9026
0.490273 9017
0.490209 9001
0.490195 8983
0.490152 8963
0.490129 8955
0.490129 8937
0.490129 8923
0.490129 8911
0.490129 8891
0.490129 8879
0.490129 8873
0.490019 8868
0.490019 8867
0.490019 8866
0.489892 8866
0.489892 8864
0.489892 8863
0.489892 8861
0.489892 8860
0.489892 8858
0.489892 8857
0.489892 8855
0.489892 8854
0.489892 8853
0.489892 8852
0.489892 8851
0.489892 8850
0.489892 8849
0.489892 8848
0.489892 8847
0.489892 8844
0.489892 8843
0.489892 8842
0.489892 8841
0.48976 8839
0.48976 8837
0.48976 8836
0.48976 8835
0.48976 8833
0.489753 8832
0.489753 8831
0.489753 8829
0.489753 8828
0.489753 8827
0.489753 8826
0.489753 8823
0.489753 8820
0.489753 8819
0.489753 8818
0.489753 8817
0.489753 8816
0.489753 8812
0.489753 8807
0.489753 8803
0.489753 8800
0.489753 8798
0.489753 8796
0.489753 8795
0.489753 8794
0.489753 8793
0.489753 8790
0.489753 8789
0.489753 8788
0.489753 8787
0.489753 8785
0.489753 8784
0.489753 8783
0.489753 8781
0.489753 8780
0.489753 8779
0.489661 8777
0.489646 8776
0.489646 8775
0.489646 8772
0.489646 8768
0.489646 8767
0.489646 8763
0.489646 8761
0.489646 8760
0.489646 8759
0.489646 8755
0.489646 8754
0.489646 8751
0.489646 8750
0.489548 8748
0.489548 8746
0.489548 8744
0.489548 8742
0.489548 8741
0.489548 8740
0.489548 8738
0.489548 8737
0.489548 8736
0.489548 8735
0.489548 8734
0.489422 8731
0.489422 8728
0.489422 8727
0.489422 8726
0.489422 8724
0.489422 8723
0.489422 8722
0.489422 8721
0.489422 8720
0.489422 8719
0.489422 8716
0.489422 8715
0.489422 8714
0.489422 8711
0.489422 8709
0.489422 8707
0.489418 8704
0.489418 8702
0.489418 8700
0.489418 8699
0.489296 8693
0.489296 8691
0.489296 8690
0.489296 8689
0.489296 8688
0.489296 8685
0.489296 8682
0.489296 8679
0.489296 8677
0.489296 8674
0.489296 8673
0.489296 8670
0.489296 8669
0.489296 8668
0.489289 8665
0.489289 8661
0.489289 8659
0.489289 8658
0.489289 8656
0.489289 8653
0.489278 8648
0.489278 8644
0.489278 8641
0.489278 8640
0.489278 8639
0.489278 8637
0.489278 8635
0.489278 8632
0.489278 8631
0.489278 8629
0.489278 8628
0.489278 8626
0.489237 8623
0.489061 8616
0.489061 8615
0.489061 8613
0.489061 8611
0.489061 8606
0.489061 8605
0.489061 8602
0.489061 8598
0.489061 8592
0.489061 8588
0.489061 8585
0.489061 8584
0.489061 8579
0.489061 8578
0.489061 8572
0.489061 8571
0.489061 8569
0.489061 8567
0.489061 8562
0.489061 8559
0.489061 8558
0.489061 8557
0.489061 8556
0.489061 8550
0.489061 8548
0.489061 8544
0.489061 8537
0.489061 8534
0.489061 8531
0.489061 8528
0.489042 8522
0.489042 8519
0.489042 8516
0.489042 8508
0.489042 8503
0.489042 8501
0.489042 8500
0.489042 8497
0.489042 8496
0.488919 8494
0.488889 8491
0.488889 8487
0.488889 8484
0.48888 8482
0.48888 8471
0.48888 8465
0.488801 8459
0.488672 8459
0.488672 8457
0.488672 8455
0.488672 8454
0.488672 8453
0.488665 8449
0.488665 8448
0.488665 8445
0.488544 8437
0.488508 8429
0.488508 8427
0.488508 8423
0.488502 8417
0.488502 8414
0.488502 8410
0.488502 8408
0.488502 8404
0.488495 8400
0.488495 8393
0.488495 8390
0.488495 8387
0.488495 8386
0.488495 8371
0.488495 8367
0.488495 8364
0.488407 8356
0.488407 8345
0.488407 8341
0.488407 8332
0.488407 8331
0.488407 8327
0.488407 8326
0.488407 8323
0.488407 8320
0.48831 8312
0.488284 8302
0.488147 8300
0.488051 8293
0.488051 8287
0.488051 8285
0.488051 8282
0.488051 8279
0.488051 8278
0.487949 8269
0.487949 8262
0.487949 8261
0.487927 8257
0.487927 8253
0.487904 8248
0.487904 8247
0.487894 8246
0.487894 8244
0.487893 8242
0.487893 8239
0.487893 8235
0.487893 8231
0.487893 8228
0.487893 8221
0.487893 8217
0.487893 8210
0.487881 8197
0.487881 8194
0.487881 8188
0.487839 8183
0.487839 8181
0.487839 8178
0.487839 8177
0.487839 8169
0.487839 8162
0.487839 8152
0.487839 8150
0.487724 8143
0.487724 8131
0.487724 8124
0.487724 8122
0.487724 8115
0.487724 8111
0.487724 8106
0.487724 8105
0.487724 8103
0.487724 8095
0.487724 8094
0.487724 8093
0.487724 8092
0.487724 8083
0.487724 8071
0.487719 8061
0.487702 8056
0.487702 8053
0.487702 8035
0.487702 8034
0.487702 8031
0.487702 8027
0.487702 8021
0.487702 8017
0.487702 8009
0.487702 8006
0.487702 8002
0.487663 7989
0.487663 7986
0.487663 7975
0.487663 7967
0.487663 7956
0.487663 7952
0.487663 7941
0.487663 7937
0.487661 7927
0.487661 7922
0.487661 7920
0.487661 7919
0.487661 7916
0.487661 7905
0.487517 7892
0.487415 7882
0.487415 7880
0.487415 7876
0.487415 7870
0.487415 7863
0.487374 7859
0.487374 7855
0.487374 7853
0.487236 7843
0.487236 7839
0.487236 7835
0.487236 7831
0.487228 7825
0.487228 7822
0.487228 7818
0.487228 7809
0.487228 7807
0.487228 7800
0.487228 7796
0.487228 7792
0.487228 7791
0.487228 7782
0.487228 7778
0.487119 7775
0.487119 7772
0.487119 7768
0.487119 7759
0.487119 7754
0.487119 7746
0.487055 7744
0.486952 7730
0.486952 7718
0.486952 7716
0.486952 7704
0.486952 7701
0.486952 7695
0.486952 7693
0.486859 7685
0.486859 7670
0.486754 7664
0.486754 7655
0.486754 7648
0.486754 7642
0.486754 7619
0.486754 7617
0.486754 7613
0.486586 7609
0.486586 7603
0.486586 7599
0.486534 7595
0.486534 7591
0.486534 7589
0.486534 7581
0.486434 7574
0.486434 7565
0.486434 7560
0.486289 7555
0.486263 7548
0.486263 7542
0.486263 7540
0.486263 7521
0.486263 7514
0.486263 7510
0.486187 7502
0.486187 7498
0.486074 7491
0.486074 7476
0.486056 7467
0.485946 7459
0.485794 7452
0.485794 7449
0.485794 7442
0.485647 7434
0.485539 7432
0.485539 7423
0.485539 7417
0.485539 7407
0.485415 7401
0.48534 7391
0.48534 7387
0.48534 7381
0.485238 7379
0.485238 7376
0.485197 7365
0.485197 7359
0.485197 7347
0.485155 7342
0.485155 7337
0.485155 7332
0.485155 7329
0.485155 7323
0.485155 7314
0.485056 7304
0.485056 7301
0.485056 7293
0.485056 7291
0.484979 7283
0.48496 7276
0.48496 7270
0.48496 7264
0.48496 7256
0.48496 7251
0.48496 7247
0.48496 7242
0.48496 7234
0.48496 7228
0.484913 7224
0.484913 7219
0.484913 7194
0.484913 7187
0.484913 7182
0.484908 7177
0.484908 7173
0.484908 7170
0.484908 7166
0.484908 7164
0.484908 7155
0.484908 7154
0.484908 7152
0.484908 7150
0.484908 7149
0.484825 7144
0.484825 7139
0.484825 7138
0.484742 7119
0.484649 7117
0.484535 7114
0.484535 7106
0.484535 7100
0.484535 7099
0.484419 7093
0.484292 7082
0.484292 7069
0.484292 7066
0.484258 7063
0.484216 7054
0.484216 7050
0.48421 7045
0.48421 7039
0.48421 7030
0.48421 7025
0.48417 7014
0.484122 7004
0.484122 7002
0.484122 6994
0.484122 6980
0.484122 6974
0.484122 6972
0.484122 6968
0.484 6961
0.484 6959
0.484 6956
0.484 6951
0.484 6943
0.484 6938
0.483872 6933
0.483714 6923
0.483714 6921
0.483617 6910
0.483617 6904
0.483604 6898
0.483604 6895
0.483597 6889
0.483597 6882
0.483555 6878
0.483491 6871
0.483491 6860
0.483491 6859
0.483491 6858
0.483491 6856
0.483409 6849
0.483409 6846
0.483409 6842
0.483409 6839
0.483409 6838
0.483409 6836
0.483409 6831
0.483409 6828
0.483409 6825
0.483409 6815
0.483383 6810
0.483383 6807
0.48338 6802
0.48338 6791
0.48338 6788
0.48338 6782
0.48338 6778
0.483332 6773
0.483332 6771
0.483332 6759
0.483194 6752
0.48319 6746
0.48319 6744
0.48319 6743
0.483142 6736
0.483142 6730
0.483142 6721
0.483142 6717
0.483142 6715
0.483142 6711
0.483142 6708
0.483142 6707
0.483142 6701
0.483137 6695
0.483114 6688
0.483114 6684
0.483114 6673
0.483061 6665
0.483061 6664
0.483061 6662
0.483061 6656
0.483061 6652
0.482974 6646
0.482974 6643
0.482974 6633
0.482835 6622
0.482835 6603
0.482835 6602
0.482835 6597
0.482835 6594
0.482835 6590
0.482823 6584
0.482823 6580
0.482596 6575
0.482509 6569
0.482426 6555
0.482426 6552
0.482426 6551
0.482426 6548
0.482426 6541
0.482426 6539
0.482426 6532
0.482426 6529
0.482426 6524
0.482426 6522
0.482426 6513
0.482425 6511
0.482425 6506
0.482425 6502
0.482425 6499
0.482425 6496
0.482425 6495
0.482425 6488
0.482425 6485
0.482323 6481
0.482265 6472
0.482265 6469
0.482265 6464
0.482265 6462
0.482265 6461
0.482265 6456
0.482128 6446
0.482128 6441
0.482128 6433
0.482108 6430
0.482108 6426
0.482108 6421
0.482108 6416
0.482108 6409
0.482108 6406
0.482108 6399
0.482108 6395
0.482108 6388
0.482089 6388
0.482089 6386
0.482089 6383
0.481847 6381
0.481847 6373
0.481847 6365
0.481847 6360
0.481847 6353
0.481847 6348
0.481817 6346
0.481817 6340
0.481817 6337
0.481817 6332
0.481817 6328
0.481817 6324
0.481817 6320
0.481817 6317
0.481817 6316
0.481817 6312
0.481817 6303
0.481817 6302
0.481817 6300
0.481817 6299
0.481817 6294
0.481817 6287
0.481817 6286
0.481817 6284
0.481817 6277
0.481707 6272
0.481702 6269
0.481702 6265
0.481702 6262
0.481702 6258
0.481611 6251
0.481611 6244
0.481611 6234
0.48161 6225
0.481519 6221
0.481519 6210
0.481481 6197
0.48148 6186
0.48148 6173
0.48148 6158
0.48148 6149
0.481474 6138
0.481462 6127
0.481462 6117
0.481458 6103
0.481429 6082
0.481429 6070
0.481333 6056
0.481262 6043
0.481196 6016
0.481196 5997
0.481129 5968
0.481016 5947
0.481016 5929
0.480999 5902
0.48092 5879
0.48092 5859
0.48092 5834
0.480805 5817
0.480805 5811
0.480805 5803
0.480792 5798
0.480792 5791
0.480792 5783
0.480792 5778
0.480664 5773
0.480617 5763
0.480617 5753
0.480606 5744
0.480606 5737
0.480606 5729
0.480606 5722
0.480606 5713
0.480603 5700
0.480553 5692
0.480553 5685
0.48044 5680
0.48044 5672
0.48044 5662
0.48044 5658
0.480311 5649
0.480311 5644
0.480311 5631
0.480311 5622
0.480294 5621
0.480294 5620
0.480294 5619
0.480294 5618
0.480294 5616
0.480294 5615
0.480294 5614
0.480294 5613
0.480294 5612
0.480294 5611
0.480239 5610
0.480239 5609
0.480237 5607
0.480237 5605
0.480237 5604
0.480237 5603
0.480237 5602
0.480237 5601
0.480237 5600
0.480237 5599
0.480237 5598
0.480237 5596
0.480132 5596
0.480132 5595
0.480132 5594
0.480132 5593
0.480132 5592
0.480132 5591
0.480132 5589
0.480132 5588
0.480132 5587
0.480132 5586
0.480132 5585
0.480132 5584
0.480132 5583
0.480132 5581
0.480132 5580
0.480132 5579
0.480132 5575
0.480132 5574
0.480132 5572
0.480132 5569
0.480132 5566
0.480132 5564
0.480022 5563
0.480022 5562
0.480022 5561
0.480022 5559
0.480022 5558
0.480022 5557
0.480022 5555
0.480022 5554
0.480022 5553
0.480022 5552
0.480022 5551
0.480022 5550
0.479993 5547
0.479993 5546
0.479993 5545
0.479993 5542
0.479993 5539
0.479993 5538
0.479987 5535
0.479987 5533
0.479987 5531
0.479987 5530
0.479987 5526
0.479987 5525
0.479987 5522
0.479987 5521
0.479987 5520
0.479987 5519
0.479987 5518
0.479987 5516
0.479987 5513
0.479987 5512
0.479987 5511
0.479987 5509
0.479987 5506
0.479987 5504
0.479853 5504
0.479853 5502
0.479853 5501
0.479853 5500
0.479853 5498
0.479853 5495
0.479853 5494
0.479853 5492
0.479853 5491
0.479853 5488
0.479853 5487
0.479853 5486
0.479853 5483
0.479853 5482
0.479853 5480
0.479853 5475
0.479853 5474
0.479853 5473
0.479853 5471
0.479853 5470
0.479853 5469
0.479774 5466
0.479774 5464
0.479774 5460
0.479774 5459
0.479774 5458
0.479774 5456
0.479774 5454
0.47975 5452
0.47975 5449
0.47975 5448
0.47975 5446
0.47975 5442
0.47975 5440
0.47975 5437
0.47975 5436
0.47975 5430
0.47975 5428
0.47975 5426
0.47975 5424
0.47975 5421
0.47975 5420
0.479644 5419
0.479517 5418
0.479517 5414
0.479517 5410
0.479517 5408
0.479517 5401
0.479515 5400
0.479515 5399
0.479515 5398
0.479515 5397
0.479515 5394
0.479515 5393
0.479472 5391
0.479472 5388
0.479472 5387
0.479472 5385
0.479472 5383
0.47938 5381
0.47938 5377
0.47938 5376
0.47938 5372
0.47938 5370
0.47938 5369
0.47938 5367
0.47938 5365
0.47938 5364
0.479276 5364
0.479276 5361
0.479276 5358
0.479276 5356
0.479276 5353
0.479276 5352
0.479276 5351
0.479276 5350
0.479276 5348
0.479276 5346
0.479276 5343
0.479276 5339
0.479276 5338
0.479276 5333
0.479051 5329
0.479051 5328
0.479051 5327
0.479051 5326
0.479051 5324
0.479051 5323
0.479051 5315
0.479051 5313
0.479051 5305
0.478955 5297
0.478955 5295
0.478955 5290
0.478955 5285
0.478955 5279
0.478955 5272
0.478955 5270
0.478955 5269
0.478955 5267
0.478863 5266
0.478863 5263
0.478728 5258
0.478728 5253
0.478606 5252
0.478606 5246
0.478606 5243
0.478483 5236
0.478483 5232
0.478393 5228
0.478393 5227
0.478393 5225
0.478393 5222
0.478393 5219
0.47838 5215
0.47838 5211
0.47838 5199
0.47838 5194
0.478268 5194
0.478268 5184
0.478265 5176
0.478265 5174
0.478183 5169
0.478183 5167
0.478183 5166
0.478183 5164
0.478074 5158
0.478073 5154
0.478073 5150
0.477958 5148
0.477958 5141
0.477958 5139
0.477958 5131
0.477958 5126
0.477958 5124
0.477958 5122
0.477958 5119
0.477958 5116
0.477958 5111
0.477958 5109
0.477815 5102
0.477815 5099
0.477708 5094
0.477708 5092
0.477708 5090
0.477708 5086
0.477594 5080
0.477594 5078
0.477594 5074
0.477472 5071
0.477388 5064
0.477388 5063
0.477388 5061
0.477388 5057
0.477388 5053
0.477388 5051
0.477388 5049
0.477388 5045
0.477388 5043
0.477388 5036
0.477353 5029
0.477228 5023
0.477111 5019
0.477111 5015
0.477111 5011
0.477111 5005
0.477111 5001
0.477108 4998
0.477108 4984
0.477108 4975
0.477108 4968
0.477108 4962
0.477108 4958
0.477108 4956
0.477108 4954
0.477108 4952
0.477108 4944
0.477108 4937
0.477108 4931
0.477107 4927
0.477107 4921
0.476887 4919
0.476774 4917
0.476774 4915
0.476774 4907
0.476774 4901
0.476774 4900
0.476774 4896
0.476774 4892
0.476774 4891
0.476774 4887
0.476774 4882
0.476628 4876
0.476628 4872
0.476628 4867
0.476512 4861
0.476512 4855
0.476396 4853
0.476396 4848
0.476396 4847
0.476396 4846
0.476396 4844
0.476396 4843
0.476396 4842
0.476396 4841
0.47634 4831
0.47634 4818
0.47634 4815
0.47634 4814
0.476204 4810
0.476204 4807
0.476204 4803
0.476204 4798
0.476204 4796
0.476204 4790
0.476204 4787
0.476132 4780
0.476025 4769
0.476025 4768
0.476025 4761
0.476025 4752
0.476025 4749
0.476025 4739
0.476025 4738
0.476023 4731
0.476023 4730
0.476023 4726
0.476023 4719
0.476023 4713
0.476023 4711
0.476012 4699
0.476012 4694
0.475896 4687
0.475896 4683
0.475896 4678
0.475896 4674
0.475896 4669
0.475789 4667
0.475789 4661
0.475789 4657
0.475789 4653
0.475653 4650
0.475653 4649
0.475646 4647
0.475572 4642
0.475572 4639
0.475572 4635
0.475448 4634
0.475448 4628
0.475448 4626
0.475448 4625
0.475332 4618
0.475332 4614
0.475331 4613
0.475331 4606
0.475331 4604
0.475331 4601
0.475331 4600
0.475327 4594
0.475327 4592
0.475327 4586
0.475327 4575
0.475327 4570
0.475215 4563
0.475215 4560
0.475215 4552
0.475185 4547
0.474955 4544
0.474955 4536
0.474955 4535
0.474955 4531
0.474955 4528
0.474944 4527
0.474944 4526
0.474944 4521
0.474944 4517
0.474854 4505
0.474832 4495
0.474832 4489
0.474832 4486
0.474832 4480
0.474832 4479
0.474832 4476
0.474735 4471
0.474727 4466
0.474727 4461
0.47462 4461
0.474549 4439
0.474549 4436
0.474549 4435
0.474549 4431
0.474549 4418
0.474549 4409
0.474495 4406
0.474495 4405
0.474495 4398
0.474495 4389
0.474495 4387
0.474495 4386
0.474379 4380
0.474365 4374
0.474296 4366
0.474296 4361
0.474296 4356
0.474233 4353
0.474233 4348
0.474185 4343
0.474185 4338
0.474185 4337
0.474185 4332
0.474185 4329
0.474086 4323
0.474086 4319
0.474086 4317
0.474086 4310
0.474086 4305
0.474076 4302
0.474076 4300
0.474076 4294
0.474076 4285
0.474076 4277
0.474076 4275
0.474076 4271
0.474076 4267
0.474076 4258
0.474076 4256
0.474076 4252
0.474076 4249
0.474076 4242
0.474076 4240
0.474076 4238
0.474076 4235
0.474076 4226
0.474076 4225
0.474076 4216
0.474076 4213
0.473958 4211
0.473958 4203
0.473958 4198
0.473958 4193
0.473958 4190
0.473958 4186
0.47393 4185
0.473929 4177
0.473924 4173
0.473924 4171
0.473924 4168
0.473808 4165
0.473709 4161
0.473707 4157
0.473707 4153
0.473707 4148
0.473491 4142
0.473376 4139
0.473376 4129
0.473372 4124
0.473372 4121
0.473242 4118
0.473229 4113
0.473229 4107
0.473229 4104
0.473161 4100
0.473161 4096
0.473161 4094
0.473161 4090
0.473028 4084
0.472928 4081
0.472928 4078
0.472813 4077
0.472813 4070
0.47279 4068
0.47279 4061
0.47279 4059
0.47279 4055
0.472695 4051
0.472455 4048
0.472343 4037
0.472326 4033
0.472316 4026
0.472316 4024
0.472223 4021
0.472223 4011
0.472223 4005
0.472223 3998
0.472223 3997
0.472223 3993
0.472223 3990
0.472223 3988
0.472223 3987
0.472223 3985
0.472223 3984
0.472222 3979
0.472222 3978
0.472222 3976
0.472222 3975
0.472164 3969
0.472043 3967
0.472043 3965
0.472043 3964
0.472043 3960
0.471915 3956
0.471915 3948
0.471706 3939
0.471706 3933
0.471574 3930
0.471574 3929
0.471572 3924
0.471572 3922
0.471572 3918
0.471572 3914
0.471572 3909
0.471572 3907
0.471572 3902
0.471572 3898
0.471572 3897
0.471572 3891
0.471523 3884
0.471519 3881
0.471408 3877
0.471408 3875
0.471408 3869
0.471306 3863
0.471306 3855
0.47119 3849
0.471157 3840
0.470924 3830
0.470825 3819
0.470825 3814
0.470825 3809
0.470825 3802
0.470806 3789
0.470804 3780
0.470664 3769
0.470551 3758
0.470551 3752
0.47045 3740
0.470335 3730
0.470325 3716
0.469967 3704
0.469967 3687
0.469967 3673
0.469892 3665
0.46988 3646
0.46988 3640
0.469756 3633
0.469756 3627
0.469756 3622
0.469756 3620
0.469756 3610
0.469747 3604
0.469747 3596
0.469661 3585
0.469661 3578
0.469661 3574
0.469661 3567
0.469661 3563
0.469505 3554
0.469505 3545
0.469505 3542
0.469505 3534
0.469505 3529
0.469471 3525
0.469337 3518
0.469337 3515
0.469337 3509
0.469337 3501
0.469236 3494
0.469236 3487
0.469124 3487
0.469124 3485
0.469124 3484
0.468995 3484
0.468972 3483
0.468972 3482
0.468972 3481
0.468972 3478
0.468972 3477
0.46891 3476
0.46891 3475
0.46891 3474
0.46891 3473
0.46891 3472
0.46891 3471
0.46891 3470
0.46891 3468
0.46891 3467
0.46891 3466
0.46891 3465
0.46891 3464
0.46891 3463
0.46891 3462
0.46891 3461
0.46891 3460
0.46891 3459
0.46891 3458
0.46891 3457
0.46891 3455
0.46891 3454
0.46891 3452
0.46891 3451
0.46891 3448
0.46891 3447
0.46891 3446
0.46891 3445
0.46891 3444
0.468906 3443
0.468906 3442
0.46877 3442
0.46877 3441
0.468652 3441
0.468652 3440
0.468652 3439
0.468652 3438
0.468652 3434
0.468637 3433
0.468527 3433
0.468527 3432
0.468527 3431
0.468527 3429
0.468527 3428
0.468527 3425
0.468527 3424
0.468527 3423
0.468527 3422
0.468527 3421
0.468527 3420
0.468527 3419
0.468527 3418
0.468527 3415
0.468527 3413
0.468527 3411
0.468527 3410
0.468527 3407
0.468527 3406
0.468527 3405
0.468527 3404
0.468477 3400
0.46842 3398
0.468416 3396
0.468294 3395
0.468294 3394
0.468294 3393
0.468294 3390
0.468294 3389
0.468294 3388
0.468294 3386
0.468294 3385
0.468294 3384
0.468294 3380
0.468294 3378
0.468294 3375
0.468294 3373
0.468294 3372
0.46818 3371
0.46818 3370
0.46818 3366
0.468089 3364
0.468089 3363
0.468089 3361
0.467976 3360
0.467976 3357
0.467976 3356
0.467976 3355
0.467976 3352
0.467861 3351
0.467763 3351
0.467763 3347
0.467763 3346
0.467763 3345
0.467763 3344
0.467763 3343
0.467763 3342
0.467763 3340
0.467763 3339
0.467763 3338
0.467763 3336
0.467757 3332
0.467757 3331
0.467757 3327
0.467681 3325
0.467643 3322
0.467643 3320
0.467541 3316
0.467541 3315
0.467541 3313
0.467541 3312
0.467386 3310
0.467386 3307
0.467386 3304
0.467386 3303
0.467319 3302
0.467319 3301
0.467319 3299
0.467319 3298
0.467319 3294
0.467319 3293
0.467319 3290
0.467319 3289
0.467319 3288
0.467319 3286
0.467319 3285
0.467319 3284
0.467319 3283
0.467319 3282
0.467319 3281
0.467319 3280
0.467319 3275
0.467319 3274
0.467319 3272
0.467319 3271
0.467319 3270
0.467319 3268
0.467319 3267
0.467319 3266
0.467319 3265
0.467319 3264
0.467319 3262
0.467319 3261
0.467319 3260
0.467319 3259
0.467319 3257
0.467319 3255
0.467319 3254
0.467319 3253
0.467303 3252
0.467303 3251
0.467303 3250
0.467303 3248
0.467303 3245
0.467303 3244
0.467303 3240
0.467303 3239
0.467303 3238
0.467303 3237
0.467303 3233
0.467303 3229
0.467303 3228
0.467303 3227
0.467293 3224
0.467293 3221
0.467293 3219
0.467293 3218
0.467293 3216
0.467293 3212
0.467293 3211
0.467293 3210
0.467293 3209
0.467293 3207
0.467293 3206
0.467154 3204
0.467154 3203
0.467154 3200
0.467154 3199
0.467154 3198
0.467154 3196
0.467154 3195
0.467075 3193
0.467075 3192
0.467075 3191
0.467075 3188
0.467075 3187
0.467075 3185
0.467075 3184
0.466841 3184
0.466826 3181
0.466826 3180
0.466826 3179
0.466809 3178
0.466809 3176
0.466671 3174
0.466671 3173
0.466671 3172
0.466671 3171
0.466671 3170
0.466671 3168
0.466671 3166
0.466671 3164
0.466671 3161
0.466671 3160
0.466671 3158
0.466671 3156
0.466671 3154
0.466671 3152
0.466671 3150
0.466671 3149
0.466671 3146
0.466671 3141
0.466671 3139
0.466671 3137
0.466671 3131
0.466574 3130
0.466574 3126
0.466574 3125
0.466574 3121
0.466535 3119
0.466535 3118
0.466535 3114
0.466535 3111
0.466535 3109
0.466535 3108
0.466535 3107
0.466535 3106
0.466513 3105
0.466513 3103
0.466505 3097
0.466505 3095
0.466505 3091
0.466505 3089
0.466505 3087
0.466505 3086
0.466505 3080
0.466505 3075
0.466505 3073
0.466505 3072
0.466492 3070
0.466492 3066
0.466437 3065
0.466437 3062
0.466296 3061
0.466296 3059
0.466296 3057
0.466296 3055
0.466296 3050
0.466296 3049
0.466296 3047
0.466296 3045
0.466288 3042
0.466288 3038
0.466288 3037
0.466288 3035
0.466288 3034
0.466288 3030
0.466288 3021
0.466288 3020
0.466288 3017
0.466288 3016
0.466288 3014
0.466288 3013
0.466218 3010
0.466218 3009
0.466218 3004
0.466116 3003
0.466116 3002
0.466116 3000
0.466116 2999
0.466116 2996
0.466116 2994
0.466116 2993
0.466116 2991
0.466116 2989
0.466033 2985
0.466033 2983
0.466033 2980
0.466013 2978
0.466013 2975
0.466013 2973
0.465955 2972
0.465955 2971
0.465955 2968
0.46589 2966
0.46589 2960
0.46589 2956
0.46589 2953
0.46589 2952
0.46589 2951
0.46589 2949
0.46589 2948
0.465875 2944
0.465787 2940
0.465787 2938
0.465787 2937
0.465787 2936
0.465787 2934
0.465787 2932
0.465787 2931
0.465787 2926
0.465647 2925
0.465555 2924
0.465555 2916
0.465555 2915
0.465555 2914
0.465555 2912
0.465555 2910
0.465555 2903
0.465555 2900
0.465555 2898
0.465452 2898
0.465452 2897
0.465452 2896
0.465452 2893
0.465452 2889
0.465452 2887
0.465452 2885
0.465452 2883
0.465452 2882
0.465452 2879
0.465452 2878
0.465452 2874
0.465325 2866
0.465325 2864
0.465303 2861
0.465303 2858
0.465303 2854
0.465303 2853
0.465303 2852
0.46523 2847
0.465228 2844
0.465228 2843
0.465228 2842
0.465228 2835
0.465228 2834
0.465228 2833
0.465142 2832
0.465142 2830
0.465142 2827
0.465142 2826
0.465142 2821
0.465142 2819
0.465142 2816
0.465083 2809
0.465083 2807
0.465083 2802
0.465083 2799
0.465083 2796
0.465076 2794
0.465076 2791
0.465076 2788
0.465076 2786
0.46506 2784
0.465055 2781
0.465055 2780
0.465055 2779
0.465055 2778
0.465055 2777
0.464936 2775
0.464923 2773
0.464923 2771
0.464923 2770
0.464923 2769
0.464923 2766
0.464922 2764
0.464922 2763
0.464922 2761
0.464922 2757
0.464922 2756
0.464922 2755
0.464922 2754
0.464922 2752
0.464922 2747
0.464922 2745
0.464922 2741
0.464922 2739
0.464922 2737
0.464922 2736
0.464922 2735
0.464822 2731
0.464719 2724
0.464719 2722
0.464719 2720
0.464719 2719
0.464719 2718
0.464719 2717
0.464699 2714
0.464699 2712
0.464699 2711
0.464699 2709
0.464699 2705
0.464699 2702
0.464699 2700
0.464699 2696
0.464699 2695
0.464699 2691
0.464699 2689
0.464699 2688
0.464699 2687
0.464699 2686
0.464685 2685
0.464685 2684
0.464678 2683
0.464678 2682
0.464678 2681
0.464678 2680
0.464678 2678
0.464678 2672
0.464678 2671
0.464545 2667
0.464545 2665
0.464545 2664
0.464545 2663
0.464545 2655
0.464545 2653
0.464545 2651
0.464545 2649
0.464545 2648
0.464419 2648
0.464419 2647
0.464419 2645
0.464419 2642
0.464419 2641
0.464419 2640
0.464419 2638
0.464419 2636
0.464419 2634
0.464419 2632
0.464419 2631
0.464227 2629
0.464227 2628
0.464227 2626
0.464227 2625
0.464132 2623
0.464132 2622
0.464132 2621
0.464001 2618
0.464001 2615
0.464001 2614
0.463867 2613
0.463867 2611
0.463867 2605
0.463816 2602
0.463816 2597
0.463816 2592
0.463816 2589
0.463808 2586
0.463808 2584
0.463707 2583
0.463702 2582
0.463702 2579
0.463702 2575
0.463702 2574
0.463702 2571
0.463702 2570
0.463702 2569
0.463702 2568
0.46368 2565
0.46368 2561
0.46368 2559
0.46368 2557
0.46368 2556
0.46368 2554
0.46368 2551
0.463598 2546
0.463591 2542
0.463591 2540
0.463591 2538
0.463591 2535
0.463472 2528
0.463472 2527
0.46335 2520
0.463243 2514
0.463038 2508
0.463008 2498
0.463008 2492
0.463008 2477
0.46299 2470
0.46299 2469
0.462954 2466
0.462954 2465
0.462954 2464
0.462824 2464
0.462748 2460
0.462748 2457
0.462748 2453
0.462748 2451
0.462748 2447
0.462748 2444
0.462742 2437
0.462716 2433
0.462607 2427
0.462607 2425
0.462607 2422
0.462607 2417
0.462607 2412
0.462607 2408
0.462572 2405
0.462572 2403
0.462439 2401
0.462439 2397
0.462439 2393
0.462439 2391
0.462438 2389
0.462438 2388
0.462438 2387
0.462438 2386
0.462438 2385
0.462438 2384
0.462438 2383
0.462438 2382
0.462438 2381
0.462366 2379
0.462366 2378
0.462366 2377
0.462366 2376
0.462366 2375
0.462366 2374
0.462366 2373
0.462366 2371
0.462366 2370
0.462366 2369
0.462366 2368
0.462366 2367
0.462366 2366
0.462366 2365
0.462366 2364
0.462366 2363
0.462366 2362
0.462286 2361
0.462286 2360
0.462286 2359
0.462286 2358
0.462286 2357
0.462286 2356
0.462156 2356
0.462156 2353
0.462063 2351
0.462063 2350
0.462063 2349
0.462063 2348
0.462033 2346
0.462033 2345
0.462033 2344
0.462033 2343
0.462033 2342
0.462033 2341
0.462033 2340
0.462033 2339
0.462033 2338
0.462033 2336
0.462033 2335
0.462033 2333
0.462033 2332
0.462033 2331
0.462033 2330
0.462033 2328
0.462033 2327
0.462033 2326
0.462033 2324
0.462033 2323
0.462033 2322
0.462033 2321
0.462033 2319
0.461972 2318
0.461972 2317
0.461972 2315
0.461972 2313
0.461972 2312
0.461972 2311
0.461972 2310
0.461972 2309
0.461972 2307
0.461972 2306
0.461972 2305
0.461972 2304
0.461972 2303
0.461901 2302
0.461901 2301
0.461901 2300
0.461901 2299
0.461901 2298
0.461901 2297
0.461901 2296
0.461901 2295
0.461764 2295
0.461764 2294
0.461764 2293
0.461764 2292
0.461764 2291
0.461764 2290
0.461764 2289
0.461764 2288
0.461764 2287
0.461764 2286
0.461764 2285
0.461764 2284
0.461764 2283
0.461764 2282
0.461764 2281
0.461764 2280
0.461764 2279
0.461764 2278
0.461701 2277
0.461701 2276
0.461581 2276
0.461581 2274
0.461581 2271
0.461581 2270
0.461581 2269
0.461581 2268
0.461581 2267
0.461581 2266
0.461581 2265
0.461581 2262
0.461581 2261
0.461581 2260
0.461581 2258
0.461581 2257
0.461568 2256
0.461568 2255
0.461568 2254
0.461568 2252
0.461568 2250
0.461568 2247
0.461568 2246
0.461516 2243
0.461478 2241
0.461478 2240
0.461478 2239
0.461478 2238
0.461478 2237
0.461474 2236
0.461361 2232
0.46132 2230
0.46132 2229
0.46132 2228
0.461304 2226
0.461304 2225
0.461304 2224
0.461304 2222
0.461304 2221
0.461304 2220
0.461223 2219
0.461223 2218
0.461223 2217
0.461223 2215
0.461085 2215
0.461085 2214
0.461085 2213
0.46097 2211
0.46097 2208
0.46097 2207
0.46097 2206
0.46097 2205
0.46097 2204
0.460923 2196
0.460923 2195
0.460923 2194
0.460923 2193
0.460923 2192
0.460923 2191
0.460797 2187
0.460797 2186
0.460659 2186
0.460659 2185
0.460659 2184
0.460646 2182
0.460646 2181
0.460646 2180
0.460646 2179
0.460646 2178
0.460515 2177
0.460495 2176
0.460495 2175
0.460495 2174
0.460495 2173
0.460495 2171
0.460475 2168
0.460475 2167
0.460475 2166
0.460475 2165
0.460475 2164
0.460475 2159
0.460475 2158
0.460475 2157
0.460475 2156
0.460475 2155
0.460475 2154
0.460475 2153
0.460475 2152
0.460362 2152
0.460362 2151
0.460362 2150
0.460263 2150
0.460263 2149
0.460263 2147
0.460262 2146
0.460262 2145
0.460262 2143
0.460262 2142
0.460262 2140
0.460262 2139
0.460262 2137
0.460262 2136
0.460254 2135
0.460213 2134
0.460213 2133
0.460213 2132
0.460213 2129
0.460213 2128
0.460213 2127
0.460213 2126
0.460213 2124
0.460213 2123
0.460213 2122
0.460157 2110
0.460092 2109
0.460092 2108
0.460092 2107
0.460092 2106
0.460092 2104
0.460092 2103
0.460092 2101
0.460092 2099
0.46004 2095
0.46004 2092
0.46004 2091
0.46004 2090
0.46004 2089
0.459912 2087
0.459912 2086
0.459805 2085
0.459805 2084
0.459672 2083
0.459557 2081
0.459557 2080
0.459557 2079
0.459557 2076
0.459557 2075
0.459557 2074
0.459557 2072
0.459557 2070
0.459557 2067
0.459557 2064
0.459557 2063
0.459557 2062
0.459557 2061
0.459557 2060
0.459557 2059
0.459557 2058
0.459557 2055
0.459557 2054
0.459557 2051
0.459556 2047
0.459556 2045
0.459556 2044
0.459556 2043
0.459556 2042
0.459556 2040
0.459556 2038
0.459556 2037
0.459556 2036
0.459556 2035
0.459556 2034
0.459556 2033
0.459556 2032
0.459556 2031
0.459556 2030
0.459556 2029
0.459556 2028
0.459556 2027
0.459556 2026
0.459556 2025
0.459556 2022
0.459556 2021
0.459556 2020
0.459544 2019
0.459432 2015
0.459432 2014
0.459432 2013
0.459394 2012
0.459394 2011
0.459394 2010
0.459304 2008
0.459243 2007
0.459243 2006
0.459243 2003
0.459243 2002
0.459243 2000
0.459243 1999
0.459243 1997
0.459243 1994
0.459243 1990
0.459243 1988
0.459032 1986
0.459032 1985
0.459032 1984
0.459032 1983
0.459032 1981
0.459032 1980
0.459032 1978
0.45901 1977
0.45901 1975
0.45901 1972
0.45901 1971
0.45901 1970
0.45901 1967
0.45901 1966
0.458889 1963
0.458889 1952
0.458889 1951
0.458889 1950
0.458763 1950
0.458763 1949
0.458763 1948
0.458763 1947
0.458763 1946
0.458658 1943
0.458658 1942
0.458658 1941
0.458658 1940
0.45858 1940
0.45858 1939
0.45858 1938
0.45858 1937
0.45858 1936
0.458497 1933
0.45839 1932
0.45839 1931
0.45839 1929
0.45839 1927
0.458286 1927
0.458165 1927
0.458165 1926
0.458165 1924
0.458165 1923
0.458165 1921
0.458039 1919
0.458039 1918
0.458039 1916
0.458039 1914
0.458039 1913
0.458039 1912
0.458039 1911
0.458039 1910
0.45791 1909
0.4579 1907
0.4579 1905
0.457854 1903
0.457843 1902
0.457834 1900
0.457834 1896
0.457834 1895
0.457834 1893
0.457834 1891
0.457834 1890
0.457812 1889
0.457812 1887
0.457812 1886
0.457812 1885
0.457812 1884
0.457702 1884
0.457702 1882
0.457702 1881
0.457702 1879
0.457566 1879
0.457566 1878
0.457565 1875
0.457565 1874
0.457565 1872
0.45755 1869
0.45755 1867
0.45755 1866
0.45755 1864
0.45755 1861
0.457428 1861
0.457428 1860
0.457428 1858
0.457321 1854
0.45719 1853
0.457109 1852
0.457109 1851
0.457109 1850
0.457109 1847
0.457109 1846
0.457109 1845
0.457109 1844
0.457109 1843
0.457106 1841
0.457106 1837
0.457106 1834
0.457106 1832
0.457075 1830
0.457075 1829
0.456942 1828
0.456942 1827
0.456942 1825
0.45689 1823
0.45689 1821
0.45689 1819
0.45689 1817
0.456824 1813
0.456824 1811
0.456824 1810
0.456824 1807
0.456824 1803
0.456824 1802
0.456824 1800
0.456824 1799
0.456824 1797
0.456824 1788
0.456821 1787
0.456821 1785
0.456718 1783
0.456587 1781
0.456587 1779
0.456585 1775
0.456386 1767
0.456386 1764
0.456334 1761
0.456334 1760
0.456221 1758
0.456221 1757
0.456221 1756
0.456221 1754
0.456106 1753
0.456106 1752
0.456106 1750
0.456106 1749
0.456106 1748
0.456106 1747
0.456106 1746
0.456004 1744
0.456004 1743
0.456004 1742
0.4559 1740
0.455898 1737
0.455782 1733
0.455685 1726
0.455543 1723
0.455543 1718
0.455514 1717
0.455514 1716
0.455514 1715
0.455514 1714
0.455445 1713
0.455421 1712
0.455421 1711
0.455421 1710
0.455418 1709
0.455418 1708
0.455379 1707
0.455379 1706
0.455379 1705
0.455379 1704
0.455248 1704
0.455248 1703
0.455248 1702
0.455248 1701
0.455127 1701
0.455127 1700
0.455127 1699
0.455127 1697
0.455127 1696
0.455032 1695
0.454899 1695
0.454899 1694
0.454899 1693
0.45478 1693
0.45478 1692
0.45478 1691
0.45478 1690
0.45478 1688
0.45478 1687
0.454693 1686
0.454595 1685
0.454595 1684
0.454595 1683
0.454595 1681
0.454595 1680
0.454595 1679
0.454595 1678
0.454595 1677
0.454595 1675
0.454595 1674
0.454595 1673
0.454595 1672
0.454595 1671
0.454595 1670
0.454595 1669
0.454595 1668
0.454595 1667
0.454595 1666
0.454595 1664
0.454595 1663
0.454468 1663
0.454468 1662
0.454468 1660
0.454468 1658
0.454468 1657
0.454468 1656
0.454468 1655
0.454468 1654
0.454468 1651
0.454468 1650
0.454354 1650
0.454354 1648
0.454354 1646
0.454354 1645
0.454354 1644
0.454354 1642
0.454354 1640
0.454235 1640
0.454235 1639
0.454235 1638
0.454235 1637
0.454235 1636
0.454235 1635
0.454235 1634
0.454235 1633
0.454235 1632
0.454235 1631
0.454235 1630
0.454235 1629
0.454235 1628
0.454235 1627
0.454235 1626
0.454235 1625
0.454234 1624
0.454234 1623
0.454234 1622
0.454234 1620
0.454234 1618
0.454234 1617
0.454099 1617
0.454099 1616
0.454042 1612
0.454042 1611
0.454042 1610
0.453948 1610
0.453948 1609
0.453948 1607
0.453948 1606
0.453948 1605
0.453948 1604
0.453948 1603
0.453948 1600
0.453921 1598
0.453809 1597
0.453702 1597
0.453702 1596
0.453702 1595
0.453702 1594
0.453702 1592
0.453702 1591
0.453702 1590
0.453702 1589
0.453584 1589
0.453584 1587
0.453584 1586
0.453442 1586
0.453442 1585
0.4533 1584
0.4533 1580
0.4533 1579
0.4533 1577
0.4533 1575
0.4533 1574
0.4533 1573
0.4533 1571
0.4533 1568
0.4533 1567
0.4533 1566
0.453291 1565
0.453291 1564
0.453291 1562
0.453289 1560
0.453196 1558
0.453196 1557
0.453196 1556
0.45307 1556
0.45307 1555
0.45307 1554
0.45307 1553
0.45307 1548
0.452971 1548
0.452971 1547
0.452971 1545
0.452971 1544
0.452971 1543
0.452971 1542
0.452971 1541
0.452971 1540
0.452846 1538
0.452846 1537
0.452846 1536
0.452846 1531
0.452748 1530
0.452748 1529
0.452732 1528
0.452732 1527
0.452732 1525
0.452732 1523
0.452714 1520
0.452714 1518
0.452714 1515
0.452709 1514
0.452709 1512
0.452709 1509
0.452709 1508
0.452709 1506
0.452709 1504
0.452709 1501
0.452709 1500
0.452709 1499
0.452709 1498
0.452709 1494
0.452543 1487
0.452543 1483
0.452543 1481
0.452543 1480
0.452543 1478
0.452543 1473
0.452543 1472
0.452543 1471
0.452543 1469
0.452432 1467
0.452432 1466
0.452333 1466
0.452333 1463
0.452333 1462
0.452333 1461
0.452333 1460
0.452333 1459
0.452333 1458
0.452333 1457
0.452211 1455
0.452211 1454
0.452211 1450
0.452211 1447
0.452211 1446
0.452211 1445
0.452211 1441
0.451957 1441
0.451916 1440
0.451916 1439
0.451916 1438
0.451916 1437
0.451916 1434
0.451907 1432
0.451907 1431
0.451907 1429
0.451907 1427
0.451907 1426
0.451821 1424
0.451821 1422
0.451821 1421
0.451821 1420
0.451821 1419
0.451821 1418
0.451821 1417
0.451707 1416
0.451586 1416
0.451586 1413
0.451586 1412
0.451586 1411
0.451586 1410
0.451586 1408
0.451586 1407
0.451586 1405
0.451586 1404
0.451504 1403
0.451502 1402
0.451336 1401
0.451336 1400
0.45122 1399
0.45122 1396
0.451163 1393
0.451163 1392
0.451163 1388
0.451163 1386
0.451163 1385
0.45103 1385
0.45103 1384
0.451119 1381
0.451119 1380
0.451119 1379
0.451119 1378
0.451119 1376
0.451119 1375
0.451119 1374
0.451016 1374
0.451016 1373
0.451016 1372
0.451016 1371
0.451016 1369
0.451016 1368
0.451016 1367
0.451016 1366
0.451016 1364
0.451016 1363
0.451016 1358
0.450913 1356
0.450913 1355
0.450815 1355
0.450815 1354
0.450815 1353
0.450691 1351
0.450691 1350
0.450691 1349
0.4506 1349
0.4506 1348
0.4506 1346
0.4506 1344
0.4506 1341
0.4506 1339
0.4506 1338
0.4506 1337
0.450503 1336
0.450503 1335
0.45043 1332
0.45043 1329
0.45043 1327
0.45043 1325
0.45043 1321
0.45043 1320
0.45043 1319
0.45043 1316
0.450399 1314
0.450371 1313
0.450371 1311
0.450371 1308
0.450355 1306
0.450355 1302
0.450337 1299
0.450095 1293
0.450095 1290
0.450095 1288
0.450095 1287
0.449989 1286
0.449989 1284
0.449989 1283
0.449989 1282
0.449989 1280
0.449868 1279
0.44977 1277
0.44977 1275
0.44977 1274
0.449708 1270
0.449701 1267
0.449701 1263
0.449632 1262
0.449533 1258
0.449519 1256
0.449519 1249
0.449467 1243
0.449467 1241
0.449467 1239
0.449467 1235
0.449338 1235
0.449338 1232
0.449281 1231
0.449281 1230
0.449281 1229
0.449195 1228
0.449195 1227
0.449195 1226
0.449195 1225
0.449068 1225
0.44895 1224
0.448825 1224
0.448825 1223
0.448825 1222
0.448825 1221
0.448825 1220
0.448825 1219
0.448825 1218
0.448717 1218
0.448613 1218
0.448613 1217
0.448613 1216
0.448613 1215
0.448613 1214
0.448613 1213
0.448613 1212
0.448613 1211
0.448493 1209
0.448493 1208
0.448493 1207
0.448493 1206
0.448493 1205
0.448493 1204
0.448493 1203
0.448493 1201
0.448493 1200
0.448493 1199
0.448493 1198
0.448484 1197
0.448378 1197
0.448262 1196
0.448177 1195
0.448177 1194
0.448177 1192
0.448177 1191
0.448177 1189
0.448177 1188
0.448177 1187
0.448075 1187
0.448075 1186
0.448075 1185
0.448075 1184
0.448075 1183
0.448056 1182
0.448056 1181
0.448056 1180
0.448056 1179
0.448056 1178
0.448056 1177
0.448056 1176
0.448056 1174
0.448056 1173
0.448056 1172
0.448056 1171
0.448056 1170
0.448056 1161
0.448056 1160
0.447964 1159
0.447936 1156
0.447936 1155
0.447936 1154
0.447936 1153
0.447936 1152
0.447936 1151
0.447936 1150
0.447936 1149
0.447816 1149
0.447816 1148
0.447816 1147
0.447699 1146
0.44757 1146
0.44757 1144
0.44757 1143
0.44757 1142
0.44757 1141
0.44757 1140
0.447545 1139
0.447545 1138
0.447545 1137
0.447376 1132
0.447376 1130
0.447278 1130
0.447278 1129
0.447149 1129
0.447149 1127
0.447149 1126
0.447149 1125
0.447149 1124
0.447149 1123
0.447149 1122
0.447138 1121
0.447138 1118
0.447138 1117
0.447138 1114
0.447138 1113
0.446986 1113
0.446986 1111
0.446986 1109
0.446986 1108
0.446986 1107
0.446986 1105
0.446986 1104
0.446986 1103
0.446986 1102
0.446733 1100
0.446733 1099
0.446733 1098
0.446733 1097
0.446733 1096
0.446733 1095
0.446733 1094
0.446733 1093
0.446733 1092
0.446733 1090
0.446733 1088
0.446733 1087
0.446733 1085
0.446733 1084
0.446733 1083
0.446697 1082
0.446697 1080
0.446697 1079
0.446697 1078
0.446697 1077
0.446697 1076
0.446697 1075
0.446697 1074
0.446654 1070
0.446654 1068
0.446654 1066
0.446654 1065
0.446654 1064
0.446654 1063
0.446654 1062
0.446654 1061
0.446654 1059
0.446581 1058
0.446581 1057
0.446532 1054
0.446532 1053
0.446532 1052
0.446532 1051
0.446532 1050
0.446298 1050
0.446298 1049
0.446298 1048
0.446298 1047
0.446298 1046
0.446298 1044
0.446165 1044
0.446165 1043
0.446162 1042
0.446162 1041
0.446162 1040
0.446145 1038
0.446145 1037
0.446145 1035
0.446145 1034
0.446145 1032
0.446145 1031
0.446145 1027
0.446053 1026
0.446053 1025
0.446053 1024
0.446053 1023
0.446053 1022
0.446053 1021
0.445972 1017
0.445972 1016
0.445972 1014
0.445972 1013
0.445944 1011
0.445944 1010
0.445944 1009
0.445944 1008
0.445904 1007
0.445904 1005
0.445782 1005
0.445782 1004
0.445782 1003
0.445782 1002
0.445782 1001
0.445782 999
0.445782 997
0.445675 997
0.445675 996
0.445675 995
0.44556 995
0.44556 994
0.44556 991
0.44556 990
0.445464 989
0.445379 986
0.445285 985
0.445285 984
0.445285 983
0.445285 982
0.445285 981
0.445285 980
0.445285 977
0.445189 975
0.445189 974
0.445189 973
0.445084 973
0.445084 972
0.445082 968
0.445082 966
0.445082 965
0.444997 964
0.444997 963
0.444997 962
0.444997 961
0.444997 959
0.444997 958
0.444785 956
0.444785 955
0.444785 954
0.444785 953
0.44477 951
0.44477 949
0.444517 949
0.444517 948
0.44449 947
0.44449 946
0.44449 945
0.44449 944
0.444368 944
0.444258 944
0.444258 943
0.444126 939
0.444126 937
0.444126 935
0.444126 934
0.444126 932
0.444126 931
0.444026 931
0.443814 930
0.443814 927
0.443708 927
0.443649 923
0.443649 921
0.443649 920
0.443649 919
0.443642 918
0.443573 913
0.443573 911
0.443573 908
0.443573 906
0.443573 905
0.443324 902
0.443324 899
0.443096 893
0.443096 892
0.442964 889
0.442853 884
0.442853 883
0.44285 880
0.44285 879
0.44285 878
0.442721 878
0.442709 875
0.442709 874
0.442606 874
0.442606 872
0.442606 871
0.442606 868
0.442512 865
0.442512 863
0.442512 860
0.442399 860
0.442273 857
0.442187 855
0.442187 853
0.442187 851
0.442077 849
0.442077 845
0.442077 844
0.442077 843
0.442077 842
0.441956 842
0.441956 841
0.441877 839
0.441877 838
0.441877 837
0.441877 836
0.441747 836
0.441618 836
0.441618 834
0.441618 833
0.441618 832
0.441618 830
0.441618 829
0.441602 827
0.441587 826
0.441587 825
0.441587 824
0.441504 823
0.441504 822
0.441373 821
0.441373 820
0.441373 819
0.441373 818
0.441373 817
0.441373 816
0.441373 815
0.441373 814
0.441246 814
0.441246 813
0.441246 812
0.441246 811
0.441246 810
0.441139 810
0.441139 809
0.441139 808
0.441139 807
0.441035 807
0.441035 806
0.441035 805
0.441035 804
0.441035 803
0.441035 802
0.441035 801
0.441035 800
0.440921 800
0.440921 799
0.440921 798
0.440904 796
0.440904 795
0.440904 794
0.440904 793
0.440904 792
0.440904 791
0.440904 790
0.440904 789
0.440904 788
0.440876 784
0.440876 783
0.440876 782
0.440876 781
0.440811 780
0.440811 779
0.440811 778
0.440811 777
0.440811 776
0.440704 775
0.440704 774
0.440704 773
0.44058 773
0.44058 771
0.440563 770
0.440433 770
0.440433 769
0.440433 768
0.440433 767
0.440433 766
0.440433 765
0.440433 761
0.440433 760
0.440433 759
0.440433 758
0.440433 757
0.440433 756
0.440433 755
0.440433 752
0.440433 751
0.4403 751
0.4403 750
0.4403 747
0.440179 747
0.440179 746
0.440179 745
0.440179 744
0.440179 743
0.440179 742
0.440177 741
0.440177 740
0.440177 739
0.440177 738
0.440177 737
0.440177 736
0.440177 735
0.440079 735
0.440079 734
0.440079 733
0.440079 732
0.440079 731
0.439963 731
0.439963 730
0.439963 729
0.439963 728
0.439963 727
0.439963 726
0.439963 725
0.439831 724
0.439831 723
0.439696 723
0.439696 722
0.439559 722
0.439429 722
0.439429 721
0.439429 720
0.439315 720
0.439315 719
0.439217 718
0.439217 716
0.439217 715
0.439217 714
0.439217 713
0.439217 712
0.439196 710
0.439196 708
0.439196 705
0.439196 702
0.439196 701
0.439196 700
0.439085 699
0.439085 696
0.439085 694
0.439084 692
0.439084 691
0.439084 689
0.439084 688
0.438974 688
0.438974 687
0.438974 685
0.438974 684
0.438974 683
0.438974 682
0.438974 680
0.438955 677
0.438955 676
0.438914 673
0.438785 671
0.438785 670
0.438785 669
0.438785 668
0.438785 667
0.438785 666
0.438785 665
0.438785 664
0.438785 663
0.438785 662
0.438785 661
0.438785 660
0.438785 659
0.438785 658
0.438668 658
0.438668 657
0.438537 657
0.438537 655
0.438459 655
0.438359 655
0.438276 654
0.438276 653
0.438153 653
0.438153 652
0.438153 651
0.438153 650
0.438153 649
0.438024 648
0.438024 647
0.438024 646
0.438024 645
0.437909 644
0.437909 643
0.437777 643
0.437777 642
0.437777 641
0.437777 640
0.437664 640
0.437664 639
0.437664 637
0.437639 636
0.437639 635
0.437528 635
0.437413 635
0.437349 634
0.437349 633
0.437349 632
0.437207 632
0.437207 631
0.437081 631
0.437081 629
0.437081 628
0.437081 627
0.437081 626
0.437081 624
0.436964 624
0.436811 624
0.436717 623
0.436717 622
0.436717 621
0.436717 620
0.436717 619
0.436717 618
0.436717 617
0.436717 616
0.436519 614
0.436519 612
0.436519 611
0.436519 610
0.436519 603
0.436519 602
0.436519 601
0.436404 601
0.436404 600
0.436404 599
0.436404 598
0.436404 597
0.436275 597
0.436275 596
0.436275 595
0.436275 594
0.436275 593
0.436275 592
0.436275 590
0.436144 590
0.436124 589
0.436124 588
0.435995 588
0.435995 587
0.435911 586
0.435911 584
0.435818 580
0.435723 579
0.435723 578
0.435577 577
0.435577 576
0.435558 575
0.435558 574
0.435558 573
0.435558 572
0.435437 572
0.435308 572
0.435308 571
0.435199 571
0.435199 570
0.435199 569
0.435199 568
0.435199 567
0.435045 566
0.435045 565
0.435045 564
0.435045 563
0.435045 562
0.435045 561
0.435045 558
0.435045 557
0.435045 556
0.435021 555
0.435021 552
0.435021 551
0.435021 550
0.43489 549
0.434762 549
0.434734 547
0.434734 545
0.4346 545
0.4346 544
0.4346 543
0.4346 542
0.434497 541
0.434392 540
0.434265 540
0.434153 539
0.434117 537
0.434117 536
0.433998 536
0.433996 534
0.433875 533
0.433871 531
0.433735 531
0.433716 527
0.433491 526
0.433491 523
0.433282 522
0.43315 522
0.433075 520
0.432967 520
0.432967 519
0.432916 517
0.432796 515
0.432724 512
0.432724 510
0.432523 506
0.432389 503
0.432182 502
0.432182 500
0.432064 499
0.431935 499
0.4318 497
0.431678 495
0.431526 493
0.43139 492
0.43136 490
0.431111 488
0.430816 487
0.430698 486
0.430385 482
0.430191 481
0.429923 474
0.429578 469
0.4295 467
0.429007 462
0.428592 458
0.427736 447
0.426954 434
0.426188 430
0.425419 415
0.424561 405
0.42387 396
0.423234 383
0.422189 371
0.421368 367
0.420537 357
0.419285 344
0.41877 336
0.417187 329
0.416443 326
0.415078 315
0.413508 308
0.412316 298
0.410514 290
0.40859 281
0.406362 271
0.404195 267
0.403374 263
0.40171 253
0.398724 246
0.397492 235
0.394918 228
0.392409 218
0.389932 206
0.387042 200
0.385126 190
0.382644 184
0.380276 174
0.378042 171
0.374178 165
0.372555 155
0.369304 147
0.365759 142
0.362313 138
0.359687 135
0.356776 134
0.352773 127
0.349185 121
0.344442 117
0.340006 108
0.335993 101
0.331561 98
0.326281 96
0.323162 91
0.31913 87
0.314077 80
0.30891 71
0.304966 67
0.300276 65
0.294687 64
0.286505 63
0.280625 60
0.274946 58
0.2704 56
0.264827 55
0.258929 54
0.253376 51
0.247992 47
0.242977 43
0.235897 41
0.229247 40
0.224031 38
0.219071 36
0.21139 35
0.206576 32
0.200743 31
0.194347 31
0.186686 29
0.180306 28
0.174235 28
0.168085 28
0.160555 26
0.152914 25
0.146047 21
0.140801 20
0.135516 18
0.130297 18
0.123621 14
0.118219 13
0.113095 12
0.108232 11
0.102015 10
0.0946868 7
0.0889081 6
0.0829754 5
0.0798237 5
0.0758396 4
0.0728194 4
0.067058 3
0.0622955 3
0.0583419 3
0.0534478 3
0.0499003 3
0.046518 3
0.0421602 2
0.038946 1
0.0358044 1
0.0322024 1
0.0295113 0
0.0265193 0
0.0241747 0
0.0230231 0
0.0212351 0
0.0177829 0
0.0162408 0
0.0139997 0
0.0129577 0
0.011706 0
0.00985634 0
0.00877186 0
0.00788508 0
0.00727029 0
0.0066453 0
0.00579172 0
0.00518332 0
0.0049452 0
0.00419111 0
0.00354015 0
0.00287543 0
0.00248772 0
0.00236884 0
0.00200121 0
0.00186933 0
0.00135993 0
0.00111741 0
0.000981338 0
0.00073332 0
0.000499408 0
0.000373908 0
0.000239904 0
0.000116067 0
