0.752242 2051
0.752242 2050
0.752242 2049
0.752242 2048
0.752242 2047
0.752242 2046
0.752242 2045
0.752242 2044
0.752242 2043
0.752242 2042
0.752242 2041
0.752242 2040
0.752242 2039
0.752242 2038
0.752242 2037
0.752242 2036
0.752242 2035
0.752242 2034
0.752242 2033
0.752213 2032
0.752213 2031
0.752213 2030
0.752213 2029
0.752213 2028
0.752213 2027
0.752213 2026
0.752213 2025
0.752213 2024
0.752213 2023
0.752213 2022
0.752213 2021
0.752213 2020
0.752213 2019
0.752213 2018
0.752213 2017
0.752213 2016
0.752213 2015
0.752213 2014
0.752213 2013
0.752213 2012
0.752213 2011
0.752213 2010
0.752213 2009
0.752213 2008
0.752213 2007
0.752213 2006
0.752213 2005
0.752213 2004
0.752213 2003
0.752213 2002
0.752213 2001
0.752213 2000
0.752213 1999
0.752213 1998
0.752213 1997
0.752213 1996
0.752213 1995
0.752213 1994
0.752213 1993
0.752213 1992
0.752213 1991
0.752213 1990
0.752213 1989
0.752213 1988
0.752213 1987
0.752213 1986
0.752213 1985
0.752213 1984
0.752213 1983
0.752213 1982
0.752213 1981
0.752213 1980
0.752213 1979
0.752213 1978
0.752213 1977
0.752213 1976
0.752213 1975
0.752213 1974
0.752213 1973
0.752213 1972
0.752213 1971
0.752213 1970
0.752213 1969
0.752213 1968
0.752213 1967
0.752197 1966
0.752197 1965
0.752197 1964
0.752197 1963
0.752197 1962
0.752197 1961
0.752197 1960
0.752197 1959
0.752197 1958
0.752197 1957
0.752197 1956
0.752197 1955
0.752197 1954
0.752197 1953
0.752197 1952
0.752197 1951
0.752197 1950
0.752197 1949
0.75211 1949
0.75211 1948
0.75211 1947
0.75211 1946
0.75211 1945
0.75211 1944
0.75211 1943
0.75211 1942
0.75211 1941
0.75211 1940
0.75211 1939
0.75211 1938
0.75211 1937
0.75211 1936
0.75211 1935
0.75211 1934
0.75211 1933
0.75211 1932
0.75211 1931
0.75211 1930
0.75211 1929
0.75211 1928
0.75211 1927
0.75211 1926
0.75211 1925
0.75211 1924
0.75211 1923
0.75211 1922
0.75211 1921
0.75211 1920
0.75211 1919
0.75211 1918
0.75211 1917
0.75211 1916
0.75211 1915
0.75211 1914
0.75211 1913
0.75211 1912
0.75211 1911
0.75211 1910
0.751995 1910
0.751995 1909
0.751995 1908
0.751995 1907
0.751995 1906
0.751995 1905
0.751995 1904
0.751995 1903
0.751995 1902
0.751995 1901
0.75199 1900
0.75199 1899
0.75199 1898
0.75199 1897
0.75199 1896
0.75199 1895
0.75199 1894
0.75199 1893
0.75199 1892
0.75199 1891
0.75199 1890
0.75199 1889
0.75199 1888
0.75199 1887
0.75199 1886
0.75199 1885
0.75199 1884
0.75199 1883
0.75199 1882
0.75199 1881
0.75199 1880
0.75199 1879
0.75199 1878
0.75199 1877
0.75199 1876
0.75199 1875
0.75199 1874
0.75199 1873
0.75199 1872
0.75199 1871
0.751987 1870
0.751987 1869
0.751987 1868
0.751987 1867
0.751987 1866
0.751987 1865
0.751987 1864
0.751987 1863
0.751987 1862
0.751987 1861
0.751987 1860
0.751987 1859
0.751987 1858
0.751987 1857
0.751987 1856
0.751987 1855
0.751987 1854
0.751987 1853
0.751987 1852
0.751987 1851
0.751987 1850
0.751944 1849
0.751944 1848
0.751944 1847
0.751944 1846
0.751944 1845
0.751944 1844
0.751944 1843
0.751944 1842
0.751944 1841
0.751944 1840
0.751944 1839
0.751878 1838
0.751878 1837
0.751878 1836
0.751878 1835
0.751878 1834
0.751877 1833
0.751707 1833
0.751707 1832
0.751707 1831
0.751707 1830
0.751707 1829
0.751707 1828
0.751707 1827
0.751707 1826
0.751707 1825
0.751707 1824
0.751707 1823
0.751707 1822
0.751707 1821
0.751707 1820
0.751707 1819
0.751707 1818
0.751707 1817
0.751707 1816
0.751707 1815
0.751707 1814
0.751707 1813
0.751707 1812
0.751707 1811
0.751707 1810
0.751707 1809
0.751707 1808
0.751681 1807
0.751681 1806
0.751681 1805
0.751681 1804
0.751681 1803
0.751681 1802
0.751681 1801
0.751681 1800
0.751681 1799
0.751681 1798
0.751681 1797
0.751681 1796
0.751681 1795
0.751681 1794
0.751681 1793
0.751681 1792
0.751681 1791
0.751681 1790
0.751681 1789
0.751681 1788
0.751681 1787
0.751681 1786
0.751681 1785
0.751681 1784
0.751681 1783
0.751681 1782
0.751681 1781
0.751681 1780
0.751681 1779
0.751681 1778
0.751651 1777
0.751651 1776
0.751651 1775
0.751651 1774
0.751651 1773
0.751651 1772
0.751651 1771
0.751651 1770
0.751651 1769
0.751651 1768
0.751651 1767
0.751651 1766
0.751512 1766
0.751512 1765
0.751512 1764
0.751512 1763
0.751512 1762
0.751512 1761
0.751512 1760
0.751512 1759
0.751512 1758
0.751512 1757
0.751512 1756
0.751512 1755
0.751512 1754
0.751512 1753
0.751512 1752
0.751512 1751
0.751512 1750
0.751512 1749
0.751512 1748
0.751512 1747
0.751512 1746
0.751512 1745
0.751512 1744
0.751512 1743
0.751512 1742
0.751512 1741
0.751512 1740
0.751512 1739
0.751512 1738
0.751512 1737
0.751512 1736
0.751512 1735
0.751512 1734
0.751512 1733
0.751512 1732
0.751512 1731
0.751512 1730
0.751512 1729
0.751512 1728
0.751512 1727
0.751512 1726
0.751512 1725
0.751512 1724
0.751512 1723
0.751475 1722
0.751475 1721
0.751475 1720
0.751475 1719
0.751475 1718
0.751475 1717
0.751475 1716
0.751475 1715
0.751475 1714
0.751475 1713
0.751475 1712
0.751475 1711
0.751475 1710
0.751475 1709
0.751475 1708
0.751475 1707
0.751475 1706
0.751475 1705
0.751475 1704
0.751475 1703
0.751475 1702
0.751475 1701
0.751475 1700
0.751475 1699
0.751475 1698
0.751475 1697
0.751468 1696
0.751468 1695
0.751468 1694
0.751468 1693
0.751468 1692
0.751468 1691
0.751468 1690
0.751468 1689
0.751468 1688
0.751468 1687
0.751468 1686
0.751468 1685
0.751468 1684
0.751468 1683
0.751468 1682
0.751468 1681
0.751468 1680
0.751468 1679
0.751468 1678
0.751468 1677
0.751468 1676
0.751468 1675
0.751468 1674
0.751468 1673
0.751468 1672
0.751468 1671
0.751468 1670
0.751468 1669
0.751468 1668
0.751468 1667
0.751468 1666
0.751468 1665
0.751468 1664
0.751468 1663
0.751468 1662
0.751468 1661
0.751468 1660
0.751468 1659
0.751468 1658
0.751468 1657
0.751468 1656
0.751468 1655
0.751468 1654
0.751468 1653
0.751468 1652
0.751468 1651
0.751468 1650
0.751468 1649
0.751468 1648
0.751468 1647
0.751468 1646
0.751468 1645
0.751468 1644
0.751468 1643
0.751468 1642
0.751468 1641
0.751468 1640
0.751468 1639
0.751468 1638
0.751468 1637
0.751468 1636
0.751468 1635
0.751468 1634
0.751468 1633
0.751468 1632
0.751468 1631
0.751468 1630
0.751468 1629
0.751468 1628
0.751468 1627
0.751468 1626
0.751336 1626
0.751336 1625
0.751336 1624
0.751336 1623
0.751336 1622
0.751336 1621
0.751336 1620
0.751336 1619
0.751336 1618
0.75131 1617
0.75131 1616
0.75131 1615
0.75131 1614
0.75131 1613
0.751245 1612
0.751245 1611
0.751245 1610
0.751245 1609
0.751245 1608
0.751245 1607
0.751245 1606
0.751245 1605
0.751245 1604
0.751245 1603
0.751245 1602
0.751245 1601
0.751245 1600
0.751245 1599
0.751245 1598
0.751245 1597
0.751245 1596
0.751245 1595
0.751245 1594
0.751245 1593
0.751245 1592
0.751245 1591
0.751245 1590
0.751245 1589
0.751095 1589
0.751095 1588
0.751095 1587
0.751095 1586
0.751095 1585
0.751095 1584
0.751095 1583
0.751078 1582
0.751078 1581
0.751078 1580
0.751078 1579
0.751078 1578
0.751078 1577
0.751078 1576
0.751078 1575
0.751078 1574
0.751078 1573
0.751078 1572
0.751078 1571
0.751078 1570
0.751078 1569
0.751078 1568
0.751078 1567
0.751078 1566
0.751078 1565
0.751078 1564
0.751078 1563
0.751078 1562
0.751078 1561
0.751078 1560
0.751078 1559
0.751078 1558
0.751078 1557
0.751078 1556
0.751078 1555
0.751078 1554
0.751078 1553
0.751078 1552
0.751078 1551
0.751078 1550
0.751078 1549
0.751078 1548
0.751078 1547
0.751078 1546
0.751078 1545
0.751078 1544
0.751078 1543
0.751078 1542
0.751075 1541
0.751075 1540
0.751075 1539
0.751075 1538
0.751075 1537
0.751075 1536
0.751075 1535
0.751075 1534
0.751075 1533
0.751075 1532
0.751075 1531
0.751075 1530
0.751075 1529
0.751075 1528
0.751075 1527
0.751075 1526
0.751075 1525
0.751075 1524
0.751075 1523
0.751075 1522
0.751075 1521
0.751075 1520
0.750982 1520
0.750982 1519
0.75092 1518
0.75092 1517
0.75092 1516
0.75092 1515
0.75092 1514
0.75092 1513
0.75092 1512
0.75092 1511
0.75092 1510
0.75092 1509
0.75092 1508
0.75092 1507
0.75092 1506
0.75092 1505
0.75092 1504
0.75092 1503
0.75092 1502
0.75092 1501
0.75092 1500
0.750856 1499
0.750856 1498
0.750856 1497
0.750856 1496
0.750856 1495
0.750856 1494
0.750856 1493
0.750856 1492
0.750856 1491
0.750856 1490
0.750856 1489
0.750856 1488
0.750856 1487
0.750856 1486
0.750856 1485
0.750856 1484
0.750856 1483
0.750856 1482
0.750856 1481
0.750856 1480
0.750856 1479
0.750856 1478
0.750856 1477
0.750856 1476
0.750842 1475
0.750842 1474
0.750842 1473
0.750842 1472
0.750842 1471
0.750842 1470
0.750842 1469
0.750842 1468
0.750842 1467
0.750842 1466
0.750842 1465
0.750842 1464
0.750842 1463
0.750842 1462
0.750842 1461
0.750842 1460
0.750842 1459
0.750842 1458
0.750842 1457
0.750842 1456
0.750842 1455
0.750842 1454
0.750825 1453
0.750825 1452
0.750825 1451
0.750825 1450
0.750825 1449
0.750825 1448
0.750825 1447
0.750825 1446
0.750825 1445
0.750825 1444
0.750825 1443
0.750825 1442
0.750825 1441
0.750825 1440
0.750825 1439
0.750825 1438
0.750825 1437
0.750825 1436
0.750825 1435
0.750825 1434
0.750825 1433
0.750825 1432
0.750825 1431
0.750802 1430
0.750802 1429
0.750802 1428
0.750802 1427
0.750802 1426
0.750802 1425
0.750802 1424
0.750793 1423
0.750793 1422
0.750793 1421
0.750793 1420
0.750793 1419
0.750793 1418
0.750793 1417
0.750793 1416
0.750793 1415
0.750793 1414
0.750793 1413
0.750793 1412
0.750793 1411
0.750793 1410
0.750793 1409
0.750793 1408
0.750793 1407
0.750793 1406
0.750793 1405
0.750719 1404
0.750719 1403
0.750719 1402
0.750719 1401
0.750719 1400
0.750719 1399
0.750719 1398
0.750719 1397
0.750719 1396
0.750719 1395
0.750719 1394
0.750719 1393
0.750719 1392
0.750719 1391
0.750719 1390
0.750719 1389
0.750719 1388
0.750719 1387
0.750719 1386
0.750719 1385
0.750719 1384
0.750719 1383
0.750719 1382
0.750719 1381
0.750719 1380
0.75066 1379
0.75066 1378
0.750647 1377
0.750647 1376
0.750647 1375
0.750647 1374
0.750647 1373
0.750647 1372
0.750647 1371
0.750647 1370
0.750647 1369
0.750647 1368
0.750647 1367
0.750647 1366
0.750647 1365
0.750647 1364
0.750647 1363
0.750647 1362
0.750647 1361
0.750647 1360
0.750647 1359
0.750647 1358
0.750647 1357
0.750647 1356
0.750647 1355
0.750647 1354
0.750647 1353
0.750647 1352
0.750554 1352
0.750554 1351
0.750554 1350
0.750554 1349
0.750554 1348
0.750554 1347
0.75055 1346
0.75055 1345
0.75055 1344
0.750481 1343
0.750481 1342
0.750481 1341
0.750481 1340
0.750481 1339
0.750481 1338
0.750481 1337
0.750481 1336
0.750481 1335
0.750481 1334
0.750481 1333
0.750481 1332
0.750481 1331
0.750481 1330
0.750481 1329
0.750481 1328
0.750481 1327
0.750481 1326
0.750481 1325
0.750318 1325
0.750318 1324
0.750318 1323
0.750318 1322
0.750318 1321
0.750318 1320
0.750318 1319
0.750318 1318
0.750318 1317
0.750318 1316
0.750318 1315
0.750318 1314
0.750318 1313
0.750318 1312
0.750318 1311
0.750318 1310
0.750318 1309
0.750318 1308
0.750318 1307
0.750318 1306
0.750318 1305
0.750318 1304
0.750318 1303
0.750318 1302
0.750318 1301
0.750318 1300
0.750318 1299
0.750318 1298
0.750318 1297
0.750318 1296
0.750318 1295
0.750318 1294
0.750318 1293
0.750318 1292
0.750318 1291
0.750318 1290
0.750318 1289
0.750318 1288
0.750318 1287
0.750318 1286
0.750318 1285
0.750318 1284
0.750149 1284
0.750149 1283
0.750149 1282
0.750004 1282
0.750004 1281
0.750004 1280
0.750004 1279
0.750004 1278
0.750004 1277
0.750004 1276
0.750004 1275
0.750004 1274
0.750004 1273
0.750004 1272
0.750004 1271
0.750004 1270
0.750004 1269
0.750004 1268
0.750004 1267
0.750004 1266
0.750004 1265
0.750004 1264
0.750004 1263
0.750004 1262
0.750004 1261
0.750004 1260
0.750004 1259
0.750004 1258
0.750004 1257
0.750004 1256
0.750004 1255
0.750004 1254
0.750004 1253
0.750004 1252
0.750004 1251
0.750004 1250
0.750004 1249
0.750004 1248
0.750004 1247
0.750004 1246
0.750004 1245
0.750004 1244
0.750004 1243
0.750004 1242
0.750004 1241
0.750004 1240
0.750004 1239
0.750004 1238
0.750004 1237
0.750004 1236
0.750004 1235
0.750004 1234
0.750004 1233
0.750004 1232
0.750004 1231
0.750004 1230
0.750004 1229
0.750004 1228
0.750004 1227
0.750004 1226
0.750004 1225
0.750004 1224
0.750004 1223
0.749861 1223
0.749861 1222
0.749861 1221
0.749861 1220
0.749861 1219
0.749861 1218
0.749861 1217
0.749861 1216
0.749861 1214
0.749861 1213
0.749861 1212
0.749861 1211
0.749861 1210
0.749861 1209
0.749861 1208
0.749861 1207
0.749861 1206
0.749861 1205
0.749861 1204
0.749861 1203
0.749861 1202
0.749861 1201
0.749861 1200
0.749861 1199
0.749861 1198
0.749861 1197
0.749861 1196
0.749861 1195
0.749861 1194
0.749861 1193
0.749861 1192
0.749861 1191
0.749861 1190
0.749861 1189
0.749861 1188
0.749861 1187
0.749861 1186
0.749861 1185
0.749861 1184
0.749861 1183
0.749861 1182
0.749766 1182
0.749766 1181
0.749766 1180
0.749766 1179
0.749615 1179
0.749615 1178
0.749615 1177
0.749615 1176
0.749615 1175
0.749615 1174
0.749615 1173
0.749615 1172
0.749615 1171
0.749615 1170
0.749615 1169
0.749491 1169
0.749491 1168
0.749491 1167
0.749491 1166
0.749491 1165
0.749491 1164
0.749491 1163
0.749491 1162
0.749491 1161
0.749491 1160
0.749491 1159
0.749491 1158
0.749491 1157
0.749491 1156
0.749491 1155
0.749491 1154
0.749491 1153
0.749491 1152
0.749381 1152
0.749381 1151
0.749327 1150
0.749327 1149
0.749327 1148
0.749327 1147
0.749327 1146
0.749324 1145
0.749159 1145
0.749159 1144
0.749159 1143
0.749159 1142
0.749159 1141
0.749159 1140
0.749159 1139
0.749159 1138
0.749159 1137
0.749159 1136
0.749159 1135
0.749159 1134
0.749159 1133
0.749159 1132
0.749159 1131
0.749159 1130
0.749159 1129
0.749159 1128
0.749159 1127
0.749159 1126
0.749159 1125
0.749159 1124
0.749025 1124
0.749025 1123
0.749025 1122
0.749025 1121
0.749025 1120
0.749025 1119
0.748887 1119
0.748887 1118
0.748887 1117
0.748887 1116
0.748887 1115
0.748887 1114
0.748887 1113
0.748887 1112
0.748887 1111
0.748887 1110
0.748887 1109
0.748887 1108
0.748887 1107
0.748858 1106
0.748858 1105
0.748858 1104
0.748858 1103
0.748858 1102
0.748858 1101
0.748858 1100
0.748858 1099
0.748858 1098
0.748858 1097
0.748858 1096
0.748801 1095
0.748801 1094
0.748732 1093
0.748732 1092
0.748732 1091
0.748732 1090
0.748732 1089
0.748732 1088
0.748732 1087
0.748732 1086
0.748732 1085
0.748732 1084
0.748732 1083
0.748732 1082
0.748732 1081
0.748732 1080
0.748732 1079
0.748732 1078
0.748732 1077
0.748732 1076
0.748732 1075
0.748732 1074
0.748707 1073
0.748707 1072
0.748707 1071
0.748707 1070
0.748707 1069
0.748707 1068
0.748707 1067
0.748707 1066
0.748707 1065
0.748707 1064
0.748707 1063
0.748707 1062
0.748707 1061
0.748707 1060
0.748707 1059
0.748707 1058
0.748707 1057
0.748707 1056
0.748707 1055
0.748707 1054
0.748706 1053
0.748706 1052
0.748706 1051
0.748706 1050
0.748706 1049
0.748706 1048
0.748706 1047
0.748706 1046
0.748706 1045
0.748706 1044
0.748706 1043
0.748706 1042
0.748706 1041
0.748706 1040
0.748706 1039
0.748558 1039
0.748558 1038
0.748558 1037
0.748558 1036
0.748558 1035
0.748558 1034
0.748558 1033
0.748558 1032
0.748558 1031
0.748558 1030
0.748558 1029
0.748558 1028
0.748558 1027
0.74854 1026
0.74854 1025
0.74854 1024
0.74854 1023
0.74854 1022
0.74854 1021
0.74854 1020
0.74854 1019
0.74854 1018
0.74854 1017
0.748532 1016
0.748532 1015
0.748532 1014
0.748532 1013
0.748532 1012
0.748532 1011
0.748532 1010
0.748532 1009
0.748532 1008
0.748532 1007
0.748379 1007
0.748379 1006
0.748314 1005
0.748314 1004
0.748314 1003
0.748314 1002
0.748314 1001
0.748314 1000
0.748314 999
0.748314 998
0.748314 997
0.748314 996
0.748314 995
0.748314 994
0.748314 993
0.748314 992
0.748314 991
0.748314 990
0.748314 989
0.748314 988
0.748314 987
0.748314 986
0.748164 986
0.748164 985
0.748164 984
0.748164 983
0.748013 983
0.748013 982
0.748013 981
0.748013 980
0.748013 979
0.748013 978
0.748013 977
0.748013 976
0.748013 975
0.748013 974
0.748013 973
0.748013 972
0.748013 971
0.748013 970
0.748013 969
0.748013 968
0.748013 967
0.748013 966
0.748013 965
0.748013 964
0.748013 963
0.748013 962
0.748013 961
0.748013 960
0.748013 959
0.747945 958
0.747945 957
0.747847 957
0.747847 956
0.747847 955
0.747847 954
0.747847 953
0.747847 952
0.747847 951
0.747714 951
0.747714 950
0.747714 949
0.747714 948
0.747714 947
0.747714 946
0.747714 945
0.747714 944
0.747714 943
0.747714 942
0.747714 941
0.747714 940
0.747714 939
0.747714 938
0.747714 937
0.747714 936
0.747714 935
0.747714 934
0.747714 933
0.747714 932
0.747714 931
0.747714 930
0.747714 929
0.747714 928
0.747714 927
0.747714 926
0.747714 925
0.747714 924
0.747714 923
0.747714 922
0.747714 921
0.747714 920
0.747714 919
0.747624 919
0.747624 918
0.747624 917
0.747624 916
0.747624 915
0.747624 914
0.747624 913
0.747624 912
0.747531 912
0.747531 911
0.747531 910
0.747531 909
0.747531 908
0.747531 907
0.747531 906
0.747531 905
0.747531 904
0.747531 903
0.747531 902
0.747531 901
0.747531 900
0.747531 899
0.747531 898
0.747531 897
0.747531 896
0.747531 895
0.747531 894
0.747531 893
0.747531 892
0.747531 891
0.747531 890
0.747531 889
0.747531 888
0.747531 887
0.747531 886
0.747531 885
0.747531 884
0.747531 883
0.747431 883
0.747431 882
0.747431 881
0.747431 880
0.747431 879
0.747431 878
0.747431 877
0.747431 876
0.747431 875
0.747431 874
0.747431 873
0.747431 872
0.747431 871
0.747431 870
0.747431 869
0.747431 868
0.747431 867
0.747431 866
0.747431 865
0.747431 864
0.747431 863
0.747431 862
0.747431 861
0.747431 860
0.747431 859
0.747431 858
0.747431 857
0.747431 856
0.747431 855
0.747431 854
0.747431 853
0.747431 852
0.747431 851
0.747431 850
0.747431 849
0.747431 848
0.747431 847
0.747431 846
0.747431 845
0.747431 844
0.747431 843
0.747431 842
0.747431 841
0.747431 840
0.747431 839
0.747431 838
0.747431 837
0.747431 836
0.747431 835
0.747431 834
0.747431 833
0.747366 832
0.747366 831
0.747366 830
0.747366 829
0.747366 828
0.747366 827
0.747366 826
0.747366 825
0.747366 824
0.747366 823
0.747366 822
0.747366 821
0.747366 820
0.747366 819
0.747366 818
0.747266 818
0.747266 817
0.747266 816
0.747266 815
0.747266 814
0.747266 813
0.747155 813
0.747155 812
0.747155 811
0.747155 810
0.747155 809
0.747155 808
0.747036 808
0.747036 807
0.747036 806
0.747036 805
0.747036 804
0.747036 803
0.747036 802
0.747036 801
0.747036 800
0.747036 799
0.747036 798
0.747036 797
0.747036 796
0.747036 795
0.747036 794
0.74687 794
0.74687 793
0.74687 792
0.74687 791
0.74687 790
0.74687 789
0.74671 789
0.74671 788
0.74671 787
0.74671 786
0.74671 785
0.74671 784
0.74671 783
0.74671 782
0.74671 781
0.74671 780
0.74671 779
0.74671 778
0.74671 777
0.74671 776
0.74671 775
0.746707 774
0.746707 773
0.746707 772
0.746707 771
0.746707 770
0.746707 769
0.746707 768
0.746707 767
0.746707 766
0.746707 765
0.746707 764
0.746707 763
0.746707 762
0.746707 761
0.746707 760
0.746707 759
0.746707 758
0.746707 757
0.746707 756
0.746707 755
0.746707 754
0.746707 753
0.746707 752
0.74661 752
0.74661 751
0.74661 750
0.74661 749
0.74661 748
0.74661 747
0.74661 746
0.74661 745
0.74661 744
0.74661 743
0.74661 742
0.74661 741
0.746487 741
0.746487 740
0.746487 739
0.746487 738
0.746487 737
0.746487 736
0.746487 735
0.746487 734
0.746487 733
0.746487 732
0.746487 731
0.746466 730
0.746466 729
0.746466 728
0.746414 727
0.746414 726
0.746414 725
0.746311 725
0.74621 725
0.74621 724
0.74621 723
0.74621 722
0.74621 721
0.74621 720
0.74621 719
0.74621 718
0.74621 717
0.74621 716
0.74621 715
0.74621 714
0.74621 713
0.74621 712
0.74621 711
0.74621 709
0.74621 708
0.746208 707
0.746208 706
0.746138 705
0.745983 705
0.745983 704
0.745821 704
0.745821 703
0.745785 702
0.745785 701
0.745785 700
0.745785 699
0.745785 698
0.745785 697
0.745785 696
0.745785 695
0.745785 694
0.745785 693
0.745785 692
0.745785 691
0.745785 690
0.745785 689
0.745785 688
0.745785 687
0.745785 686
0.745785 685
0.745785 684
0.745785 683
0.745774 682
0.745774 681
0.745774 680
0.745774 679
0.745774 678
0.745774 677
0.745682 677
0.745682 676
0.745682 675
0.745682 674
0.745682 673
0.74551 673
0.74551 672
0.74551 671
0.74551 670
0.74551 669
0.74551 668
0.74551 667
0.74551 666
0.74551 665
0.74551 664
0.74551 663
0.74551 662
0.74551 661
0.74551 660
0.74551 659
0.74551 658
0.74551 657
0.74551 656
0.74551 655
0.74551 654
0.74551 653
0.74551 652
0.74551 651
0.745385 651
0.745385 650
0.745385 649
0.745385 648
0.745385 647
0.745385 646
0.745385 645
0.745385 644
0.745385 643
0.745385 642
0.745385 641
0.745385 640
0.745385 639
0.745385 638
0.745385 637
0.74521 637
0.74521 636
0.74521 635
0.74521 634
0.74521 633
0.74521 632
0.745052 632
0.745052 631
0.745052 630
0.745052 629
0.745052 628
0.745052 627
0.745052 626
0.745052 625
0.744895 625
0.744895 624
0.744895 623
0.744895 622
0.744895 621
0.744895 620
0.744895 619
0.744895 618
0.744895 617
0.744895 616
0.744895 615
0.744723 615
0.744723 614
0.744723 613
0.744723 612
0.744723 611
0.744723 610
0.744626 610
0.744626 608
0.744622 607
0.744622 606
0.744523 606
0.744523 605
0.744523 603
0.744523 602
0.744523 601
0.744523 600
0.744523 599
0.744523 598
0.744523 597
0.744523 596
0.744523 595
0.744523 594
0.744523 593
0.744523 592
0.744523 591
0.744523 590
0.744523 589
0.744523 588
0.744523 587
0.744523 586
0.744523 585
0.744523 584
0.744523 583
0.744523 582
0.744523 581
0.744523 580
0.744523 579
0.744523 578
0.744523 577
0.744523 576
0.744523 575
0.744523 574
0.744523 573
0.744523 572
0.744523 571
0.744523 570
0.744505 569
0.744505 568
0.744505 567
0.744505 566
0.744505 565
0.744505 564
0.744505 563
0.744334 563
0.744334 562
0.744334 561
0.744183 561
0.744183 560
0.744183 559
0.744183 558
0.744183 557
0.744014 557
0.744014 556
0.744014 555
0.743856 555
0.743856 554
0.743856 553
0.743715 553
0.743715 552
0.743715 551
0.743715 550
0.743715 549
0.743715 548
0.743715 547
0.743715 546
0.743715 545
0.743715 544
0.743715 543
0.743715 542
0.743562 542
0.743562 541
0.743562 539
0.743562 538
0.743562 537
0.743562 536
0.743562 535
0.743562 534
0.743562 533
0.743562 532
0.743562 531
0.743562 530
0.743562 529
0.743561 528
0.743561 527
0.743561 526
0.743561 525
0.743469 525
0.743469 524
0.743469 523
0.74339 523
0.74339 522
0.74339 521
0.74339 520
0.74339 519
0.74339 518
0.74339 517
0.74339 516
0.74339 515
0.74339 514
0.74339 513
0.743274 513
0.743274 512
0.743274 511
0.743274 510
0.743274 509
0.743274 508
0.743274 507
0.743274 506
0.743161 506
0.743161 505
0.743161 504
0.743019 504
0.742944 503
0.742944 502
0.742944 501
0.742883 500
0.742883 499
0.742883 498
0.742883 497
0.742883 496
0.742883 495
0.742883 494
0.742883 493
0.742731 493
0.742731 492
0.742731 491
0.742731 490
0.742731 489
0.742731 488
0.742731 487
0.742731 486
0.742731 485
0.742731 484
0.742731 483
0.742731 482
0.742731 481
0.742731 480
0.742731 479
0.742731 478
0.742731 477
0.742731 476
0.742731 475
0.742731 474
0.742731 473
0.742731 472
0.742731 471
0.742731 470
0.742731 469
0.742731 468
0.742566 468
0.742566 467
0.742566 466
0.742399 466
0.742399 465
0.742399 464
0.742399 463
0.742399 462
0.742399 461
0.742399 460
0.742399 459
0.742399 458
0.742399 457
0.742399 456
0.742399 455
0.742399 454
0.742399 453
0.742399 452
0.742399 451
0.742399 450
0.742299 450
0.742157 450
0.742069 450
0.742056 449
0.742055 448
0.742055 447
0.742055 446
0.742055 445
0.742055 444
0.742055 443
0.742055 442
0.742055 441
0.742055 440
0.742055 439
0.742055 438
0.742055 437
0.742055 436
0.742055 435
0.742055 434
0.742055 433
0.742055 432
0.742055 431
0.742055 430
0.742055 429
0.742055 428
0.742055 427
0.742055 426
0.742055 425
0.742055 424
0.742055 423
0.742055 422
0.741924 422
0.741924 421
0.741924 420
0.741806 420
0.741689 420
0.741689 419
0.741689 418
0.741516 418
0.741516 417
0.741353 417
0.741219 417
0.741219 416
0.741219 415
0.741219 414
0.741219 413
0.741219 412
0.741219 411
0.741219 410
0.741219 409
0.741219 408
0.741066 408
0.741066 407
0.741066 406
0.741066 405
0.741066 404
0.741066 403
0.741066 402
0.741066 401
0.741066 400
0.741066 399
0.741066 398
0.741066 397
0.741066 396
0.741066 395
0.741066 394
0.740991 393
0.740991 392
0.740991 391
0.740915 390
0.740915 389
0.740915 388
0.740915 387
0.740915 386
0.740915 385
0.740915 384
0.740915 383
0.740915 382
0.740915 381
0.740915 380
0.740915 379
0.740915 378
0.740915 377
0.740793 377
0.740793 376
0.740793 375
0.740793 374
0.740793 373
0.740793 372
0.740793 371
0.740793 370
0.740793 369
0.740793 368
0.740793 367
0.740656 367
0.740656 366
0.740656 365
0.740499 365
0.740499 364
0.740499 363
0.740495 362
0.740495 361
0.740495 360
0.740342 360
0.740342 359
0.740318 358
0.740318 357
0.740318 356
0.740318 355
0.740318 354
0.740318 353
0.740318 352
0.740318 351
0.740318 350
0.7402 350
0.7402 349
0.7402 348
0.7402 347
0.7402 346
0.7402 345
0.7402 344
0.7402 343
0.7402 342
0.740196 341
0.740166 340
0.740166 339
0.740152 338
0.740152 337
0.739969 337
0.739969 336
0.739969 335
0.739969 334
0.739969 333
0.739969 332
0.739969 331
0.739969 330
0.739791 330
0.739791 329
0.739791 328
0.739791 327
0.739791 326
0.7397 326
0.7397 325
0.7397 324
0.7397 323
0.7397 322
0.7397 321
0.7397 320
0.7397 319
0.7397 318
0.7397 317
0.7397 316
0.7397 315
0.7397 314
0.7397 313
0.7397 312
0.739536 312
0.739536 311
0.739536 310
0.739536 309
0.739536 308
0.739536 307
0.739407 307
0.739407 306
0.739407 305
0.739407 304
0.739407 303
0.739407 302
0.739407 301
0.739407 300
0.739407 299
0.739407 298
0.739407 297
0.739407 296
0.739299 296
0.739299 295
0.739299 294
0.739299 293
0.739299 292
0.739149 292
0.739149 291
0.739149 290
0.739149 289
0.739149 288
0.739149 287
0.739149 286
0.739089 285
0.738794 285
0.738794 284
0.738794 283
0.738794 282
0.738642 282
0.738613 281
0.738613 280
0.738613 279
0.738613 278
0.738613 277
0.738613 276
0.738613 275
0.738613 274
0.738613 273
0.738581 272
0.738426 272
0.738426 271
0.738426 270
0.738267 270
0.738267 269
0.738267 268
0.738267 267
0.738267 266
0.73811 266
0.73811 265
0.73811 264
0.73811 263
0.73811 262
0.73811 261
0.73811 260
0.737956 260
0.737956 259
0.737956 258
0.737837 258
0.737837 257
0.737837 256
0.737837 255
0.737837 254
0.737712 254
0.737712 253
0.737712 252
0.737712 251
0.737712 250
0.737712 249
0.737712 248
0.737712 247
0.737712 246
0.737554 246
0.737554 245
0.737554 244
0.737554 243
0.737554 242
0.737554 241
0.737554 240
0.737554 239
0.737554 238
0.737383 238
0.737383 237
0.737383 236
0.737228 236
0.737228 235
0.737228 234
0.737228 233
0.737226 232
0.737226 231
0.737226 230
0.737226 229
0.737226 228
0.737226 227
0.737091 227
0.736947 227
0.736947 226
0.736947 225
0.736947 224
0.736947 223
0.736947 222
0.736947 221
0.736947 220
0.736819 220
0.736819 219
0.736652 219
0.736652 218
0.736652 217
0.736652 216
0.736652 215
0.736652 214
0.736485 214
0.736485 213
0.736485 212
0.736485 211
0.736485 210
0.73631 210
0.7362 210
0.736054 210
0.736054 209
0.735916 209
0.735916 208
0.735916 207
0.735916 206
0.735916 205
0.735916 204
0.735916 203
0.735749 203
0.735749 202
0.735749 201
0.735749 200
0.735749 199
0.735714 198
0.735714 197
0.735714 196
0.735714 195
0.735714 194
0.735639 193
0.735639 192
0.735621 191
0.735621 190
0.735621 189
0.735621 188
0.735459 188
0.735459 187
0.735347 187
0.735347 186
0.735208 186
0.735208 185
0.735208 184
0.735208 183
0.735104 183
0.735104 182
0.735104 181
0.735104 180
0.735104 179
0.735007 179
0.735007 178
0.735007 177
0.735007 176
0.735007 175
0.735007 174
0.735007 173
0.734914 173
0.734914 172
0.734914 171
0.734914 170
0.734914 169
0.734914 168
0.734795 168
0.734795 167
0.734628 167
0.734628 166
0.734628 165
0.734478 165
0.734438 164
0.734438 163
0.734438 162
0.734438 161
0.734438 160
0.734438 159
0.734438 158
0.734438 157
0.734438 156
0.734438 155
0.734271 155
0.734131 155
0.734045 155
0.733902 155
0.733902 154
0.733902 153
0.733902 152
0.733902 151
0.733902 150
0.733747 150
0.733747 149
0.733747 148
0.733608 148
0.733608 147
0.733608 146
0.733608 145
0.733608 144
0.733608 143
0.733474 143
0.733474 142
0.733474 141
0.733474 140
0.733474 139
0.733474 138
0.733474 137
0.733375 137
0.733375 136
0.733375 135
0.733375 134
0.733206 134
0.733206 133
0.733112 133
0.733112 132
0.733112 131
0.733112 130
0.733112 129
0.733112 128
0.733112 127
0.733112 126
0.733112 125
0.733024 125
0.732879 125
0.732879 124
0.732716 124
0.732716 123
0.732541 123
0.732416 123
0.732416 122
0.732416 121
0.732257 121
0.732116 121
0.732116 120
0.732116 119
0.732116 118
0.732116 117
0.732016 117
0.731926 117
0.731924 116
0.731924 115
0.731785 115
0.731664 115
0.731664 114
0.731504 114
0.731504 113
0.731504 112
0.731504 111
0.731504 110
0.731504 109
0.731354 109
0.731349 108
0.731196 108
0.731176 107
0.731176 106
0.731176 105
0.731176 104
0.731176 103
0.731013 103
0.730873 103
0.730873 102
0.730702 102
0.730702 101
0.730579 101
0.730579 100
0.730579 99
0.730579 98
0.730443 98
0.730283 98
0.730128 98
0.730128 97
0.730027 97
0.729916 97
0.729798 97
0.729798 96
0.729705 96
0.729705 95
0.729574 95
0.729574 94
0.729574 93
0.729435 93
0.729435 92
0.7293 92
0.7293 91
0.7293 90
0.729168 90
0.729168 89
0.729014 89
0.728934 89
0.728827 89
0.728827 88
0.728763 87
0.728763 86
0.728763 85
0.728763 84
0.728759 83
0.728759 82
0.728759 81
0.728624 81
0.728449 81
0.728449 80
0.728305 80
0.728305 79
0.72812 79
0.72812 78
0.728082 77
0.728046 76
0.728046 75
0.727896 75
0.727735 75
0.727578 75
0.727578 74
0.727433 74
0.727291 74
0.727291 73
0.727291 72
0.727185 72
0.727055 72
0.727011 71
0.726842 71
0.726842 70
0.72673 70
0.726592 70
0.726423 70
0.726423 69
0.726423 68
0.726423 67
0.726359 66
0.726359 65
0.72622 65
0.72622 64
0.72622 63
0.72607 63
0.725923 63
0.725797 63
0.72567 63
0.725512 63
0.725361 63
0.725235 63
0.725085 63
0.724924 63
0.724924 62
0.724924 61
0.724817 61
0.724817 60
0.724674 60
0.724546 60
0.724398 60
0.724246 60
0.724246 59
0.724126 59
0.724021 59
0.724021 58
0.724021 57
0.723865 57
0.723865 56
0.723741 56
0.723622 56
0.723452 56
0.723452 55
0.723452 54
0.723285 54
0.723152 54
0.723152 53
0.722978 53
0.722978 52
0.722863 52
0.722863 51
0.722699 51
0.722555 51
0.722555 50
0.722555 49
0.722393 49
0.722243 49
0.722226 48
0.722081 48
0.721916 48
0.721916 47
0.721752 47
0.721752 46
0.721752 45
0.721752 44
0.721752 43
0.721752 42
0.72162 42
0.721492 42
0.721492 41
0.721492 40
0.721391 40
0.721251 40
0.721251 39
0.721251 38
0.72113 38
0.72113 37
0.721041 37
0.720948 37
0.720807 37
0.720807 36
0.720807 35
0.720658 35
0.720658 34
0.720496 34
0.720392 34
0.720375 33
0.720375 32
0.720298 31
0.720181 31
0.720107 30
0.720107 29
0.71994 29
0.719841 29
0.71969 29
0.719609 29
0.719609 28
0.719454 28
0.719303 28
0.719133 28
0.719022 28
0.718862 28
0.718701 28
0.71857 28
0.718409 28
0.718277 28
0.718112 28
0.718112 27
0.717971 27
0.717857 27
0.71773 27
0.71758 27
0.717415 27
0.717279 27
0.717114 27
0.716963 27
0.71687 27
0.716742 27
0.716742 26
0.716688 25
0.716688 24
0.716549 24
0.716429 24
0.716429 23
0.716282 23
0.716144 23
0.716144 22
0.716006 22
0.715856 22
0.715856 21
0.715723 21
0.715723 20
0.715571 20
0.715401 20
0.715237 20
0.715073 20
0.714916 20
0.714764 20
0.714613 20
0.714479 20
0.714323 20
0.714162 20
0.714048 20
0.713894 20
0.713713 20
0.713545 20
0.713411 20
0.713352 19
0.713259 19
0.713092 19
0.712967 19
0.712967 18
0.712823 18
0.71269 18
0.712536 18
0.712396 18
0.712215 18
0.712069 18
0.711903 18
0.711903 17
0.711768 17
0.71161 17
0.711464 17
0.711299 17
0.711134 17
0.711134 16
0.711017 16
0.710848 16
0.710695 16
0.710695 15
0.710565 15
0.710565 14
0.710416 14
0.710268 14
0.710108 14
0.709955 14
0.709814 14
0.70966 14
0.709506 14
0.709389 14
0.709213 14
0.709069 14
0.70891 14
0.708764 14
0.708608 14
0.708435 14
0.708303 14
0.708137 14
0.70801 14
0.707834 14
0.707666 14
0.707494 14
0.707319 14
0.707151 14
0.707005 14
0.706873 14
0.706697 14
0.706542 14
0.70639 14
0.706212 14
0.706106 14
0.705943 14
0.705774 14
0.705608 14
0.70545 14
0.705291 14
0.705121 14
0.705121 13
0.705006 13
0.704855 13
0.704709 13
0.70455 13
0.704385 13
0.704229 13
0.704074 13
0.703937 13
0.703775 13
0.703601 13
0.70344 13
0.703302 13
0.703152 13
0.703012 13
0.702882 13
0.702729 13
0.702629 13
0.702477 13
0.702321 13
0.702152 13
0.701972 13
0.701812 13
0.701662 13
0.701495 13
0.701331 13
0.701165 13
0.701008 13
0.700866 13
0.700704 13
0.700523 13
0.700386 13
0.700245 13
0.700134 13
0.699961 13
0.699809 13
0.699679 13
0.699535 13
0.699404 13
0.699245 13
0.699092 13
0.698925 13
0.698753 13
0.698628 13
0.698628 12
0.698498 12
0.698386 12
0.698234 12
0.698056 12
0.697906 12
0.697735 12
0.697604 12
0.697446 12
0.697283 12
0.697116 12
0.696949 12
0.696802 12
0.696662 12
0.69656 12
0.696424 12
0.696281 12
0.696156 12
0.695974 12
0.695809 12
0.695653 12
0.695483 12
0.695464 11
0.695329 11
0.695148 11
0.695006 11
0.694833 11
0.694658 11
0.694488 11
0.694331 11
0.694205 11
0.694059 11
0.693914 11
0.69375 11
0.693601 11
0.693416 11
0.693236 11
0.693065 11
0.692932 11
0.692811 11
0.692658 11
0.692482 11
0.692305 11
0.692129 11
0.691988 11
0.691834 11
0.691665 11
0.691514 11
0.691514 10
0.691366 10
0.691192 10
0.691069 10
0.690922 10
0.690757 10
0.690582 10
0.690427 10
0.69031 10
0.690133 10
0.690006 10
0.689835 10
0.689664 10
0.689527 10
0.689355 10
0.689185 10
0.689037 10
0.688889 10
0.688729 10
0.688572 10
0.688397 10
0.688276 10
0.688117 10
0.687938 10
0.687759 10
0.687585 10
0.687439 10
0.687277 10
0.687132 10
0.686947 10
0.686839 10
0.686673 10
0.686539 10
0.686539 9
0.686398 9
0.686231 9
0.68612 9
0.686012 9
0.685857 9
0.685683 9
0.685511 9
0.685352 9
0.685173 9
0.685004 9
0.684821 9
0.684645 9
0.684499 9
0.684323 9
0.684154 9
0.684154 8
0.684012 8
0.683835 8
0.683676 8
0.683516 8
0.683373 8
0.6832 8
0.683053 8
0.682904 8
0.682722 8
0.682549 8
0.682396 8
0.682244 8
0.682068 8
0.681889 8
0.681723 8
0.681544 8
0.681388 8
0.68123 8
0.681067 8
0.680902 8
0.680749 8
0.680584 8
0.680428 8
0.680297 8
0.680129 8
0.679994 8
0.679819 8
0.679682 8
0.679564 8
0.679398 8
0.679233 8
0.679104 8
0.678952 8
0.6788 8
0.678625 8
0.678481 8
0.678306 8
0.67814 8
0.67814 7
0.678017 7
0.677856 7
0.677705 7
0.677568 7
0.677568 6
0.677403 6
0.677258 6
0.677097 6
0.67693 6
0.67676 6
0.676612 6
0.676457 6
0.676334 6
0.676175 6
0.676043 6
0.675909 6
0.675811 6
0.675703 6
0.675531 6
0.675369 6
0.675214 6
0.675044 6
0.674867 6
0.674708 6
0.674537 6
0.674362 6
0.674201 6
0.674028 6
0.673868 6
0.673697 6
0.673562 6
0.673419 6
0.673243 6
0.673099 6
0.672932 6
0.672795 6
0.672622 6
0.672466 6
0.672325 6
0.672143 6
0.672051 6
0.671905 6
0.671726 6
0.671576 6
0.67141 6
0.671258 6
0.671095 6
0.670928 6
0.670756 6
0.670582 6
0.67041 6
0.670241 6
0.670067 6
0.669902 6
0.669732 6
0.669549 6
0.669389 6
0.669216 6
0.669052 6
0.66892 6
0.668768 6
0.668602 6
0.668432 6
0.668284 6
0.66814 6
0.667972 6
0.667819 6
0.667684 6
0.6675 6
0.667347 6
0.667163 6
0.667026 6
0.666878 6
0.666734 6
0.666568 6
0.666432 6
0.666276 6
0.666097 6
0.665928 6
0.665757 6
0.665757 5
0.665656 5
0.665498 5
0.665331 5
0.665232 5
0.665077 5
0.664916 5
0.664756 5
0.664617 5
0.664445 5
0.664288 5
0.664135 5
0.663955 5
0.663796 5
0.663631 5
0.663488 5
0.66337 5
0.663211 5
0.66307 5
0.662925 5
0.662756 5
0.662599 5
0.662437 5
0.662267 5
0.662094 5
0.661957 5
0.66179 5
0.661621 5
0.661465 5
0.661311 5
0.661131 5
0.66096 5
0.660797 5
0.660634 5
0.660513 5
0.66036 5
0.660182 5
0.660013 5
0.659842 5
0.659705 5
0.65956 5
0.659428 5
0.659247 5
0.65911 5
0.658989 5
0.658814 5
0.658661 5
0.658528 5
0.658389 5
0.65821 5
0.658071 5
0.657889 5
0.657713 5
0.657549 5
0.657414 5
0.657263 5
0.657097 5
0.656936 5
0.656765 5
0.656598 5
0.656422 5
0.656268 5
0.656101 5
0.655956 5
0.655793 5
0.655621 5
0.655529 5
0.655415 5
0.655235 5
0.655074 5
0.65495 5
0.654765 5
0.654595 5
0.654425 5
0.65425 5
0.65408 5
0.653929 5
0.653765 5
0.653592 5
0.653452 5
0.653284 5
0.653118 5
0.652967 5
0.652815 5
0.65264 5
0.652461 5
0.652315 5
0.652143 5
0.65198 5
0.651825 5
0.651667 5
0.651524 5
0.651381 5
0.65122 5
0.651051 5
0.65087 5
0.650692 5
0.650551 5
0.650386 5
0.650207 5
0.650043 5
0.649907 5
0.649743 5
0.649581 5
0.64942 5
0.649249 5
0.649226 4
0.649054 4
0.648916 4
0.648768 4
0.648604 4
0.648426 4
0.648249 4
0.648249 3
0.648075 3
0.647934 3
0.647757 3
0.647587 3
0.647405 3
0.647234 3
0.647054 3
0.646887 3
0.646707 3
0.646533 3
0.646358 3
0.646188 3
0.646014 3
0.645844 3
0.645663 3
0.645495 3
0.645344 3
0.64517 3
0.645035 3
0.644867 3
0.6447 3
0.644533 3
0.644371 3
0.644199 3
0.644044 3
0.643874 3
0.643709 3
0.64355 3
0.643421 3
0.643264 3
0.643095 3
0.642929 3
0.642752 3
0.642585 3
0.64241 3
0.64223 3
0.642055 3
0.641883 3
0.641725 3
0.641552 3
0.641372 3
0.641185 3
0.641057 3
0.640883 3
0.640746 3
0.640617 3
0.640456 3
0.640304 3
0.64013 3
0.639972 3
0.639808 3
0.639623 3
0.639461 3
0.639303 3
0.639137 3
0.638963 3
0.638791 3
0.638618 3
0.638454 3
0.638277 3
0.638095 3
0.637944 3
0.637776 3
0.637611 3
0.637434 3
0.637248 3
0.637128 3
0.636955 3
0.636781 3
0.636629 3
0.636453 3
0.636296 3
0.636131 3
0.635952 3
0.635776 3
0.635625 3
0.635449 3
0.635303 3
0.63513 3
0.634952 3
0.634789 3
0.634609 3
0.634451 3
0.634368 3
0.634227 3
0.63406 3
0.633904 3
0.633743 3
0.633402 3
0.633232 3
0.633054 3
0.632894 3
0.632725 3
0.632548 3
0.632391 3
0.632223 3
0.63205 3
0.631903 3
0.631735 3
0.63156 3
0.631402 3
0.631227 3
0.631079 3
0.630939 3
0.630783 3
0.630633 3
0.630453 3
0.630287 3
0.630138 3
0.629979 3
0.629801 3
0.629625 3
0.629455 3
0.629296 3
0.629131 3
0.628957 3
0.6288 3
0.628631 3
0.628455 3
0.628277 3
0.628122 3
0.627966 3
0.627813 3
0.627647 3
0.627483 3
0.627304 3
0.627147 3
0.626966 3
0.626826 3
0.626651 3
0.626505 3
0.626353 3
0.626167 3
0.625985 3
0.625806 3
0.625628 3
0.625458 3
0.625283 3
0.625114 3
0.624941 3
0.624773 3
0.624628 3
0.624454 3
0.62428 3
0.624101 3
0.623928 3
0.623744 3
0.623568 3
0.623416 3
0.623243 3
0.623085 3
0.622922 3
0.622755 3
0.622597 3
0.622442 3
0.622288 3
0.622119 3
0.621948 3
0.621786 3
0.621613 3
0.621468 3
0.621295 3
0.621118 3
0.620946 3
0.6208 3
0.620624 3
0.620449 3
0.62028 3
0.620114 3
0.619957 3
0.619812 3
0.619659 3
0.619516 3
0.619336 3
0.619179 3
0.619011 3
0.618836 3
0.61868 3
0.618505 3
0.61834 3
0.618176 3
0.618002 3
0.617822 3
0.617638 3
0.617481 3
0.617317 3
0.617162 3
0.616991 3
0.616822 3
0.61666 3
0.616504 3
0.616337 3
0.616167 3
0.616 3
0.615841 3
0.615671 3
0.615498 3
0.615339 3
0.615188 3
0.615011 3
0.614853 3
0.614687 3
0.614507 3
0.614333 3
0.614159 3
0.614036 3
0.613878 3
0.613693 3
0.613512 3
0.613357 3
0.613187 3
0.613014 3
0.612834 3
0.612659 3
0.612487 3
0.612331 3
0.612169 3
0.612005 3
0.611846 3
0.611681 3
0.611513 3
0.611343 3
0.611181 3
0.611014 3
0.610836 3
0.610678 3
0.610511 3
0.610336 3
0.610153 3
0.609977 3
0.609828 3
0.609659 3
0.60949 3
0.609325 3
0.609166 3
0.609002 3
0.608833 3
0.608655 3
0.608492 3
0.608318 3
0.608148 3
0.607973 3
0.6078 3
0.607642 3
0.60747 3
0.607294 3
0.607139 3
0.606963 3
0.606791 3
0.606629 3
0.60647 3
0.606302 3
0.606145 3
0.605971 3
0.605799 3
0.605651 3
0.605498 3
0.605334 3
0.60516 3
0.604997 3
0.60482 3
0.604653 3
0.604474 3
0.604304 3
0.604141 3
0.60397 3
0.603801 3
0.603629 3
0.603488 3
0.603332 3
0.603159 3
0.603021 3
0.602849 3
0.602667 3
0.60253 3
0.602418 3
0.602238 3
0.60208 3
0.601911 3
0.601729 3
0.601582 3
0.601403 3
0.601223 3
0.601058 3
0.60089 3
0.600727 3
0.600625 3
0.600459 3
0.600281 3
0.600132 3
0.599968 3
0.599809 3
0.599697 3
0.599519 3
0.599342 3
0.59918 3
0.599013 3
0.598838 3
0.598686 3
0.598503 3
0.598335 3
0.598161 3
0.597991 3
0.597812 3
0.597635 3
0.597462 3
0.59731 3
0.597127 3
0.596965 3
0.596804 3
0.596636 3
0.596483 3
0.596313 3
0.596144 3
0.595981 3
0.595824 3
0.595667 3
0.595493 3
0.595312 3
0.595225 3
0.595129 3
0.594947 3
0.594778 3
0.594617 3
0.594479 3
0.594308 3
0.594147 3
0.59401 3
0.593892 3
0.593721 3
0.593555 3
0.593393 3
0.593225 3
0.593081 3
0.592909 3
0.592738 3
0.592558 3
0.592399 3
0.592216 3
0.592039 3
0.59186 3
0.591695 3
0.591556 3
0.591413 3
0.59125 3
0.591078 3
0.590902 3
0.590733 3
0.590556 3
0.590384 3
0.590226 3
0.590078 3
0.589925 3
0.589757 3
0.589576 3
0.589401 3
0.589222 3
0.589052 3
0.588886 3
0.588731 3
0.588586 3
0.588412 3
0.588246 3
0.588082 3
0.587909 3
0.587745 3
0.587569 3
0.587388 3
0.587223 3
0.587054 3
0.586882 3
0.586708 3
0.58656 3
0.586401 3
0.586235 3
0.586075 3
0.585896 3
0.585716 3
0.585569 3
0.585412 3
0.585247 3
0.585076 3
0.584909 3
0.584747 3
0.584578 3
0.584412 3
0.584252 3
0.584119 3
0.583941 3
0.583763 3
0.58362 3
0.583436 3
0.583265 3
0.583145 3
0.582981 3
0.582827 3
0.582658 3
0.582494 3
0.582329 3
0.582176 3
0.581999 3
0.581821 3
0.58164 3
0.581466 3
0.58129 3
0.581149 3
0.580984 3
0.580822 3
0.580662 3
0.580478 3
0.580321 3
0.580143 3
0.579991 3
0.579815 3
0.579639 3
0.57948 3
0.5793 3
0.579126 3
0.57896 3
0.578784 3
0.578651 3
0.578481 3
0.578304 3
0.57817 3
0.577993 3
0.577864 3
0.577731 3
0.577563 3
0.577207 3
0.577035 3
0.576855 3
0.576695 3
0.576544 3
0.576376 3
0.576198 3
0.576026 3
0.575862 3
0.575711 3
0.575541 3
0.575403 3
0.575238 3
0.57506 3
0.574891 3
0.574727 3
0.574552 3
0.574384 3
0.574225 3
0.574072 3
0.5739 3
0.573721 3
0.573548 3
0.573374 3
0.573196 3
0.573017 3
0.572846 3
0.572679 3
0.572509 3
0.572417 3
0.572257 3
0.572093 3
0.571923 3
0.571758 3
0.571573 3
0.571403 3
0.57122 3
0.571056 3
0.570892 3
0.570726 3
0.570544 3
0.570373 3
0.5702 3
0.570016 3
0.569848 3
0.569679 3
0.569518 3
0.569342 3
0.569198 3
0.569017 3
0.56887 3
0.568694 3
0.568517 3
0.568335 3
0.568156 3
0.567976 3
0.567808 3
0.567629 3
0.567447 3
0.567277 3
0.567101 3
0.566928 3
0.566767 3
0.566623 3
0.566454 3
0.566276 3
0.566106 3
0.565943 3
0.565821 3
0.565644 3
0.565489 3
0.565313 3
0.565135 3
0.56498 3
0.564819 3
0.56465 3
0.564477 3
0.564356 3
0.564187 3
0.564011 3
0.563854 3
0.563676 3
0.563498 3
0.563327 3
0.563157 3
0.562989 3
0.562825 3
0.562688 3
0.562509 3
0.562359 3
0.562204 3
0.56204 3
0.56187 3
0.561692 3
0.561525 3
0.561346 3
0.561174 3
0.561011 3
0.560845 3
0.560664 3
0.560504 3
0.56033 3
0.56016 3
0.55999 3
0.55982 3
0.55964 3
0.559461 3
0.559277 3
0.559107 3
0.558925 3
0.55876 3
0.558592 3
0.558426 3
0.558261 3
0.558083 3
0.558009 2
0.557849 2
0.557672 2
0.557502 2
0.557351 2
0.557171 2
0.557033 2
0.556887 2
0.556704 2
0.556549 2
0.556371 2
0.556206 2
0.556023 2
0.555848 2
0.555667 2
0.555492 2
0.555325 2
0.555202 2
0.555023 2
0.554855 2
0.554697 2
0.554519 2
0.554343 2
0.554167 2
0.554049 2
0.553889 2
0.553716 2
0.55354 2
0.553354 2
0.553202 2
0.553031 2
0.552852 2
0.552681 2
0.552509 2
0.552341 2
0.552165 2
0.551997 2
0.551822 2
0.551645 2
0.551485 2
0.5513 2
0.551139 2
0.55098 2
0.5508 2
0.550617 2
0.550456 2
0.550276 2
0.550108 2
0.549919 2
0.549785 2
0.549606 2
0.549443 2
0.549269 2
0.549101 2
0.548953 2
0.548796 2
0.548622 2
0.548442 2
0.548315 2
0.548144 2
0.547965 2
0.547794 2
0.547644 2
0.547493 2
0.547324 2
0.547176 2
0.547005 2
0.546844 2
0.546684 2
0.546512 2
0.54636 2
0.546192 2
0.546019 2
0.54585 2
0.545674 2
0.545495 2
0.545323 2
0.545154 2
0.54498 2
0.544808 2
0.544654 2
0.544497 2
0.544313 2
0.544149 2
0.543973 2
0.543831 2
0.543654 2
0.543491 2
0.543308 2
0.543137 2
0.542975 2
0.542798 2
0.542621 2
0.542462 2
0.542288 2
0.542122 2
0.541941 2
0.541776 2
0.541607 2
0.541437 2
0.541267 2
0.541081 2
0.540909 2
0.540727 2
0.540551 2
0.540367 2
0.540214 2
0.540056 2
0.539886 2
0.539706 2
0.539548 2
0.539371 2
0.539205 2
0.539019 2
0.538899 2
0.53874 2
0.538584 2
0.538404 2
0.538237 2
0.538064 2
0.537901 2
0.537721 2
0.537552 2
0.537403 2
0.537259 2
0.537082 2
0.536912 2
0.536732 2
0.536569 2
0.536396 2
0.53622 2
0.536046 2
0.535898 2
0.53573 2
0.535545 2
0.535368 2
0.535203 2
0.535046 2
0.534874 2
0.534697 2
0.534524 2
0.534357 2
0.534204 2
0.534026 2
0.533866 2
0.533693 2
0.533524 2
0.533375 2
0.533204 2
0.533048 2
0.532899 2
0.53274 2
0.532578 2
0.532409 2
0.532235 2
0.532091 2
0.531914 2
0.531734 2
0.531555 2
0.531383 2
0.531204 2
0.531078 2
0.53093 2
0.530752 2
0.530578 2
0.530398 2
0.53022 2
0.530045 2
0.529886 2
0.529729 2
0.529559 2
0.52938 2
0.529217 2
0.52905 2
0.52887 2
0.528691 2
0.528526 2
0.528387 2
0.528223 2
0.528042 2
0.527865 2
0.527688 2
0.52752 2
0.527354 2
0.527187 2
0.527024 2
0.526851 2
0.526678 2
0.526498 2
0.526333 2
0.526158 2
0.52599 2
0.525818 2
0.525656 2
0.525524 2
0.525344 2
0.525195 2
0.525016 2
0.524841 2
0.52467 2
0.524498 2
0.524343 2
0.52418 2
0.524026 2
0.523857 2
0.52369 2
0.523508 2
0.523339 2
0.523173 2
0.522989 2
0.52283 2
0.522654 2
0.522495 2
0.522317 2
0.52215 2
0.521987 2
0.52183 2
0.521657 2
0.521481 2
0.521318 2
0.521163 2
0.521006 2
0.520861 2
0.5207 2
0.520543 2
0.520373 2
0.520205 2
0.52004 2
0.519866 2
0.519707 2
0.519554 2
0.519382 2
0.519231 2
0.519063 2
0.518902 2
0.518747 2
0.518569 2
0.518408 2
0.518241 2
0.51807 2
0.517888 2
0.517708 2
0.517531 2
0.517351 2
0.517204 2
0.517035 2
0.516876 2
0.516712 2
0.516546 2
0.516369 2
0.516188 2
0.51602 2
0.515872 2
0.515707 2
0.515556 2
0.515379 2
0.515198 2
0.51503 2
0.514851 2
0.514678 2
0.514504 2
0.514322 2
0.51415 2
0.51397 2
0.513791 2
0.513607 2
0.513428 2
0.513252 2
0.513086 2
0.512731 2
0.512553 2
0.512375 2
0.512231 2
0.512062 2
0.511872 2
0.511696 2
0.511512 2
0.511339 2
0.511191 2
0.511016 2
0.510849 2
0.510667 2
0.510509 2
0.510337 2
0.510169 2
0.509995 2
0.509652 2
0.509483 2
0.509316 2
0.509157 2
0.508982 2
0.508813 2
0.508638 2
0.508465 2
0.508298 2
0.508119 2
0.50794 2
0.507774 2
0.507597 2
0.507413 2
0.507239 2
0.507063 2
0.506891 2
0.506714 2
0.506539 2
0.506357 2
0.506177 2
0.506002 2
0.505828 2
0.50568 2
0.505506 2
0.50533 2
0.505151 2
0.504978 2
0.504818 2
0.504644 2
0.504486 2
0.504309 2
0.504141 2
0.503961 2
0.50378 2
0.503607 2
0.503451 2
0.503278 2
0.50313 2
0.502957 2
0.502787 2
0.502611 2
0.502448 2
0.502296 2
0.502134 2
0.501965 2
0.501798 2
0.501642 2
0.501457 2
0.501303 2
0.501122 2
0.50096 2
0.500806 2
0.500631 2
0.500469 2
0.50029 2
0.500122 2
0.499954 2
0.499794 2
0.499626 2
0.499453 2
0.499273 2
0.499126 2
0.498954 2
0.498779 2
0.498601 2
0.498489 2
0.498319 2
0.498188 2
0.498014 2
0.497845 2
0.497672 2
0.497506 2
0.497322 2
0.497148 2
0.496979 2
0.496801 2
0.496614 2
0.496445 2
0.496287 2
0.496137 2
0.495961 2
0.495779 2
0.495623 2
0.495447 2
0.495285 2
0.495126 2
0.494957 2
0.494779 2
0.494599 2
0.494423 2
0.494262 2
0.494087 2
0.493922 2
0.493757 2
0.493582 2
0.49342 2
0.493247 2
0.493171 1
0.492999 1
0.492817 1
0.492649 1
0.492483 1
0.492331 1
0.492152 1
0.492003 1
0.49183 1
0.491655 1
0.4915 1
0.491323 1
0.491146 1
0.491003 1
0.490832 1
0.490671 1
0.490514 1
0.490339 1
0.49016 1
0.489988 1
0.489814 1
0.489639 1
0.489476 1
0.489309 1
0.489158 1
0.488989 1
0.488804 1
0.488647 1
0.488467 1
0.488292 1
0.488115 1
0.487936 1
0.487768 1
0.4876 1
0.487422 1
0.487251 1
0.487074 1
0.486932 1
0.486765 1
0.486591 1
0.486449 1
0.486284 1
0.486105 1
0.485927 1
0.485746 1
0.485563 1
0.485386 1
0.485222 1
0.485043 1
0.484878 1
0.484711 1
0.484528 1
0.484362 1
0.484192 1
0.484012 1
0.483849 1
0.483666 1
0.483497 1
0.483336 1
0.48316 1
0.482974 1
0.48281 1
0.482638 1
0.482463 1
0.482292 1
0.482125 1
0.481957 1
0.481778 1
0.481632 1
0.481466 1
0.481288 1
0.481115 1
0.480944 1
0.480781 1
0.480603 1
0.480458 1
0.480286 1
0.480114 1
0.479943 1
0.479779 1
0.479597 1
0.479417 1
0.47924 1
0.47908 1
0.478922 1
0.478756 1
0.478585 1
0.47841 1
0.478246 1
0.478059 1
0.477909 1
0.477734 1
0.477569 1
0.477387 1
0.477226 1
0.477054 1
0.476882 1
0.476725 1
0.476554 1
0.476383 1
0.476212 1
0.476059 1
0.475887 1
0.475709 1
0.475537 1
0.475366 1
0.475198 1
0.475018 1
0.474843 1
0.474676 1
0.474503 1
0.474333 1
0.474165 1
0.473991 1
0.47382 1
0.473647 1
0.473482 1
0.473305 1
0.473135 1
0.472975 1
0.472826 1
0.472673 1
0.472507 1
0.472324 1
0.472161 1
0.471975 1
0.471806 1
0.471633 1
0.471466 1
0.471291 1
0.471123 1
0.470949 1
0.470789 1
0.470607 1
0.470423 1
0.470266 1
0.470114 1
0.469942 1
0.469762 1
0.469663 1
0.469502 1
0.469351 1
0.469166 1
0.469004 1
0.468832 1
0.468644 1
0.468481 1
0.468304 1
0.468121 1
0.467945 1
0.467764 1
0.467608 1
0.467434 1
0.467272 1
0.467107 1
0.466922 1
0.46675 1
0.466569 1
0.4664 1
0.466225 1
0.466074 1
0.465892 1
0.46571 1
0.465535 1
0.465356 1
0.465196 1
0.465032 1
0.464865 1
0.464688 1
0.464512 1
0.464376 1
0.464195 1
0.464023 1
0.463852 1
0.463677 1
0.463537 1
0.463373 1
0.463196 1
0.46303 1
0.462929 1
0.462754 1
0.462588 1
0.462426 1
0.462258 1
0.462092 1
0.46193 1
0.461774 1
0.461593 1
0.461419 1
0.461252 1
0.461085 1
0.46091 1
0.460733 1
0.460555 1
0.460387 1
0.460229 1
0.460065 1
0.459882 1
0.459706 1
0.459542 1
0.459355 1
0.459178 1
0.458996 1
0.458841 1
0.458679 1
0.458496 1
0.458325 1
0.458164 1
0.457986 1
0.457817 1
0.457645 1
0.457464 1
0.457303 1
0.457125 1
0.456961 1
0.456783 1
0.456615 1
0.456438 1
0.45628 1
0.456121 1
0.455981 1
0.455806 1
0.455625 1
0.455455 1
0.455294 1
0.455124 1
0.455032 1
0.454865 1
0.454687 1
0.454521 1
0.454361 1
0.454178 1
0.454006 1
0.453825 1
0.453664 1
0.453483 1
0.453315 1
0.453147 1
0.45298 1
0.452819 1
0.45266 1
0.452496 1
0.452346 1
0.452197 1
0.452038 1
0.451854 1
0.451698 1
0.451533 1
0.451356 1
0.451193 1
0.451031 1
0.45087 1
0.450697 1
0.450532 1
0.450357 1
0.450178 1
0.450017 1
0.449843 1
0.449666 1
0.449489 1
0.449321 1
0.449153 1
0.448989 1
0.448812 1
0.448627 1
0.448444 1
0.448265 1
0.448099 1
0.447929 1
0.447748 1
0.447572 1
0.447392 1
0.447232 1
0.447053 1
0.446899 1
0.446716 1
0.446554 1
0.446378 1
0.446211 1
0.446051 1
0.445884 1
0.445734 1
0.445563 1
0.445382 1
0.445211 1
0.445026 1
0.44486 1
0.444723 1
0.444543 1
0.444376 1
0.44421 1
0.444033 1
0.443858 1
0.443698 1
0.443514 1
0.443346 1
0.443186 1
0.44303 1
0.442849 1
0.442668 1
0.442491 1
0.442332 1
0.442161 1
0.441993 1
0.441811 1
0.441624 1
0.44145 1
0.441273 1
0.441092 1
0.440936 1
0.44076 1
0.440605 1
0.440432 1
0.440261 1
0.440088 1
0.439923 1
0.439752 1
0.439581 1
0.439405 1
0.439234 1
0.439061 1
0.43889 1
0.438718 1
0.438547 1
0.438381 1
0.438201 1
0.438029 1
0.437853 1
0.437678 1
0.437522 1
0.437344 1
0.437161 1
0.436987 1
0.43681 1
0.436639 1
0.436469 1
0.4363 1
0.436117 1
0.435947 1
0.435777 1
0.435623 1
0.43545 1
0.43529 1
0.435126 1
0.434959 1
0.434781 1
0.4346 1
0.434426 1
0.434255 1
0.434069 1
0.433897 1
0.433748 1
0.43358 1
0.433401 1
0.433224 1
0.433063 1
0.432881 1
0.432723 1
0.432545 1
0.432384 1
0.432217 1
0.43206 1
0.43188 1
0.431697 1
0.431519 1
0.43135 1
0.431181 1
0.43101 1
0.430834 1
0.430675 1
0.430511 1
0.43033 1
0.430159 1
0.429976 1
0.429793 1
0.429628 1
0.42947 1
0.429294 1
0.429127 1
0.42897 1
0.428815 1
0.428657 1
0.42849 1
0.428315 1
0.428154 1
0.427989 1
0.427813 1
0.42765 1
0.427487 1
0.427309 1
0.427147 1
0.426964 1
0.426784 1
0.426631 1
0.426461 1
0.426304 1
0.426125 1
0.425946 1
0.425774 1
0.425602 1
0.425425 1
0.425259 1
0.425088 1
0.424912 1
0.424732 1
0.424548 1
0.424364 1
0.424191 1
0.424028 1
0.423845 1
0.423697 1
0.423513 1
0.423345 1
0.42316 1
0.422989 1
0.422815 1
0.422669 1
0.422489 1
0.422316 1
0.422144 1
0.421973 1
0.421797 1
0.42162 1
0.421435 1
0.421264 1
0.421095 1
0.42092 1
0.420751 1
0.420578 1
0.420404 1
0.420239 1
0.420057 1
0.419895 1
0.419714 1
0.419551 1
0.419378 1
0.419195 1
0.419022 1
0.418846 1
0.418662 1
0.418493 1
0.418314 1
0.418145 1
0.417974 1
0.4178 1
0.417627 1
0.417446 1
0.417269 1
0.417089 1
0.416916 1
0.416745 1
0.416582 1
0.41641 1
0.416241 1
0.416063 1
0.415897 1
0.415717 1
0.415529 1
0.415361 1
0.415184 1
0.415054 1
0.414909 1
0.414734 1
0.414552 1
0.414399 1
0.414228 1
0.414046 1
0.413871 1
0.41371 1
0.413529 1
0.413354 1
0.413209 1
0.413034 1
0.412865 1
0.412681 1
0.412512 1
0.412331 1
0.412167 1
0.411991 1
0.411824 1
0.411656 1
0.411482 1
0.411302 1
0.411135 1
0.410972 1
0.4108 1
0.410628 1
0.410446 1
0.410275 1
0.410121 1
0.409973 1
0.409806 1
0.409636 1
0.409465 1
0.409297 1
0.409125 1
0.408956 1
0.408778 1
0.40861 1
0.408451 1
0.408103 1
0.407923 1
0.407752 1
0.407575 1
0.407413 1
0.407256 1
0.407085 1
0.406899 1
0.406732 1
0.406558 1
0.406381 1
0.406226 1
0.406053 1
0.405868 1
0.40572 1
0.40554 1
0.405365 1
0.405199 1
0.40503 1
0.404886 1
0.404719 1
0.404538 1
0.40438 1
0.404205 1
0.404034 1
0.403881 1
0.403707 1
0.403536 1
0.403373 1
0.403194 1
0.403016 1
0.402845 1
0.40267 1
0.402507 1
0.402346 1
0.402171 1
0.402008 1
0.401822 1
0.401655 1
0.401508 1
0.401341 1
0.401161 1
0.400975 1
0.400825 1
0.400654 1
0.400469 1
0.400292 1
0.400168 1
0.399993 1
0.399813 1
0.399629 1
0.399457 1
0.399291 1
0.399132 1
0.398973 1
0.398804 1
0.398643 1
0.398476 1
0.398306 1
0.398122 1
0.397945 1
0.397764 1
0.397619 1
0.397438 1
0.397273 1
0.397118 1
0.396936 1
0.396793 1
0.39662 1
0.39646 1
0.396286 1
0.396112 1
0.395934 1
0.39576 1
0.395598 1
0.395428 1
0.395258 1
0.395088 1
0.394907 1
0.394747 1
0.394592 1
0.394419 1
0.39425 1
0.394084 1
0.393917 1
0.393736 1
0.393557 1
0.393385 1
0.393226 1
0.393062 1
0.392882 1
0.392721 1
0.392535 1
0.392371 1
0.392188 1
0.39202 1
0.391846 1
0.391509 1
0.391341 1
0.391169 1
0.391008 1
0.390847 1
0.390676 1
0.390505 1
0.390333 1
0.390159 1
0.389996 1
0.389813 1
0.389632 1
0.389459 1
0.389299 1
0.389122 1
0.388941 1
0.388763 1
0.388597 1
0.388455 1
0.388279 1
0.388109 1
0.387931 1
0.387753 1
0.387576 1
0.387398 1
0.387228 1
0.38706 1
0.386892 1
0.386726 1
0.386573 1
0.386401 1
0.386216 1
0.386043 1
0.385909 1
0.385766 1
0.385597 1
0.385436 1
0.38525 1
0.38508 1
0.384915 1
0.384736 1
0.384585 1
0.38442 1
0.384244 1
0.384066 1
0.38391 1
0.383733 1
0.383576 1
0.383398 1
0.383234 1
0.383064 1
0.382887 1
0.38271 1
0.382531 1
0.382361 1
0.38218 1
0.382004 1
0.381834 1
0.381652 1
0.381496 1
0.381322 1
0.381151 1
0.380986 1
0.380833 1
0.380654 1
0.380478 1
0.380316 1
0.38014 1
0.379974 1
0.379808 1
0.379627 1
0.379447 1
0.379262 1
0.379107 1
0.378927 1
0.378767 1
0.378586 1
0.3784 1
0.378242 1
0.378066 1
0.377917 1
0.377779 1
0.377603 1
0.377445 1
0.377269 1
0.377095 1
0.376905 1
0.376737 1
0.37656 1
0.376377 1
0.376215 1
0.376038 1
0.375873 1
0.375702 1
0.375538 1
0.375374 1
0.375208 1
0.375034 1
0.374877 1
0.374696 1
0.374521 1
0.374344 1
0.374173 1
0.373996 1
0.37382 1
0.373651 1
0.373488 1
0.373318 1
0.373144 1
0.372974 1
0.37282 1
0.372655 1
0.372489 1
0.372319 1
0.372144 1
0.371963 1
0.371788 1
0.371628 1
0.371453 1
0.371286 1
0.371111 1
0.370924 1
0.370754 1
0.370599 1
0.370428 1
0.370255 1
0.370085 1
0.36991 1
0.36974 1
0.369565 1
0.369406 1
0.369232 1
0.369057 1
0.368879 1
0.368718 1
0.368549 1
0.368373 1
0.368198 1
0.368029 1
0.367668 1
0.367496 1
0.367321 1
0.367148 1
0.366987 1
0.366812 1
0.366636 1
0.366466 1
0.366293 1
0.366118 1
0.365948 1
0.365781 1
0.365613 1
0.36543 1
0.365257 1
0.36508 1
0.364899 1
0.364719 1
0.364558 1
0.364377 1
0.36422 1
0.364039 1
0.363854 1
0.363674 1
0.3635 1
0.363337 1
0.363179 1
0.363009 1
0.362846 1
0.362681 1
0.362523 1
0.362351 1
0.36218 1
0.362024 1
0.361874 1
0.3617 1
0.361523 1
0.361361 1
0.361188 1
0.361011 1
0.360848 1
0.360672 1
0.360492 1
0.360313 1
0.360143 1
0.359963 1
0.359783 1
0.359598 1
0.359426 1
0.359272 1
0.359106 1
0.358937 1
0.358767 1
0.358594 1
0.358419 1
0.358243 1
0.358065 1
0.357883 1
0.357707 1
0.357536 1
0.357368 1
0.357211 1
0.357044 1
0.356872 1
0.356696 1
0.356523 1
0.356346 1
0.356179 1
0.356009 1
0.355832 1
0.35565 1
0.355469 1
0.355282 1
0.355152 1
0.354982 1
0.354802 1
0.354634 1
0.354458 1
0.354283 1
0.354119 1
0.353949 1
0.353764 1
0.353589 1
0.353423 1
0.35325 1
0.353093 1
0.352938 1
0.352768 1
0.352608 1
0.352428 1
0.352269 1
0.352086 1
0.35192 1
0.351756 1
0.351577 1
0.351405 1
0.351253 1
0.351081 1
0.350895 1
0.350735 1
0.35055 1
0.350372 1
0.350203 1
0.350024 1
0.349842 1
0.349676 1
0.349496 1
0.349328 1
0.349174 1
0.348994 1
0.348828 1
0.348661 1
0.348496 1
0.348312 1
0.348148 1
0.347997 1
0.34781 1
0.347627 1
0.347445 1
0.347278 1
0.34711 1
0.346943 1
0.34677 1
0.34661 1
0.346432 1
0.346257 1
0.346093 1
0.34592 1
0.34575 1
0.345584 1
0.345426 1
0.345248 1
0.34509 1
0.344919 1
0.344751 1
0.344566 1
0.344383 1
0.344226 1
0.344053 1
0.343878 1
0.343734 1
0.343552 1
0.343365 1
0.343183 1
0.343015 1
0.342837 1
0.342667 1
0.342488 1
0.342302 1
0.342126 1
0.34194 1
0.341766 1
0.341606 1
0.341425 1
0.34125 1
0.34108 1
0.340913 1
0.34075 1
0.340587 1
0.340408 1
0.340245 1
0.340088 1
0.339907 1
0.339728 1
0.339556 1
0.339389 1
0.33921 1
0.339044 1
0.338868 1
0.338695 1
0.33853 1
0.338359 1
0.338189 1
0.338012 1
0.337845 1
0.337681 1
0.337508 1
0.337341 1
0.337153 1
0.336972 1
0.336801 1
0.336651 1
0.336479 1
0.336295 1
0.336114 1
0.335946 1
0.335781 1
0.335614 1
0.335439 1
0.335273 1
0.335079 1
0.3349 1
0.334745 1
0.334569 1
0.334387 1
0.3342 1
0.334032 1
0.333852 1
0.333673 1
0.333503 1
0.333325 1
0.333169 1
0.333011 1
0.332846 1
0.332667 1
0.332497 1
0.332321 1
0.332144 1
0.331989 1
0.331818 1
0.331645 1
0.331466 1
0.331283 1
0.331123 1
0.330963 1
0.33079 1
0.330612 1
0.330437 1
0.330278 1
0.330144 1
0.329969 1
0.329787 1
0.329616 1
0.329442 1
0.329272 1
0.329095 1
0.328959 1
0.328782 1
0.328605 1
0.328249 1
0.328064 1
0.327929 1
0.327754 1
0.327596 1
0.327433 1
0.327271 1
0.327094 1
0.32692 1
0.326742 1
0.326565 1
0.326392 1
0.326212 1
0.326057 1
0.325877 1
0.325708 1
0.325526 1
0.325351 1
0.325169 1
0.324983 1
0.324803 1
0.324624 1
0.324454 1
0.32428 1
0.324101 1
0.323926 1
0.323778 1
0.323622 1
0.323454 1
0.32329 1
0.323128 1
0.32297 1
0.322794 1
0.322629 1
0.322465 1
0.322302 1
0.322122 1
0.321947 1
0.321777 1
0.321602 1
0.321423 1
0.321272 1
0.321096 1
0.320934 1
0.320766 1
0.320604 1
0.320425 1
0.320268 1
0.320101 1
0.319924 1
0.319744 1
0.319575 1
0.319407 1
0.319234 1
0.319072 1
0.318892 1
0.318715 1
0.318533 1
0.318365 1
0.318204 1
0.318044 1
0.317871 1
0.317698 1
0.317531 1
0.31738 1
0.317209 1
0.317046 1
0.316867 1
0.316684 1
0.316511 1
0.316333 1
0.316161 1
0.31599 1
0.315811 1
0.315629 1
0.315475 1
0.315301 1
0.315151 1
0.314969 1
0.31481 1
0.314634 1
0.314464 1
0.314285 1
0.3141 1
0.313937 1
0.313759 1
0.313582 1
0.31342 1
0.313237 1
0.31306 1
0.312897 1
0.312715 1
0.312536 1
0.312359 1
0.312182 1
0.312018 1
0.311845 1
0.311681 1
0.311505 1
0.311328 1
0.311157 1
0.310982 1
0.310802 1
0.310631 1
0.31047 1
0.310289 1
0.310113 1
0.309936 1
0.309761 1
0.309591 1
0.309401 1
0.309238 1
0.309067 1
0.308894 1
0.308724 1
0.308545 1
0.308386 1
0.308212 1
0.308037 1
0.307853 1
0.307699 1
0.307522 1
0.30735 1
0.307177 1
0.307004 1
0.306819 1
0.306643 1
0.306458 1
0.306292 1
0.306145 1
0.305972 1
0.305789 1
0.305609 1
0.305436 1
0.305256 1
0.305094 1
0.304924 1
0.304752 1
0.304567 1
0.304398 1
0.304238 1
0.304057 1
0.30388 1
0.303701 1
0.30352 1
0.303349 1
0.303173 1
0.303 1
0.302813 1
0.302634 1
0.302494 1
0.302315 1
0.302145 1
0.301971 1
0.301816 1
0.301642 1
0.301486 1
0.301308 1
0.301145 1
0.300975 1
0.300813 1
0.300666 1
0.300499 1
0.30032 1
0.300149 1
0.299992 1
0.299806 1
0.299647 1
0.299481 1
0.299297 1
0.299125 1
0.298944 1
0.298763 1
0.298618 1
0.298438 1
0.298424 0
0.29824 0
0.298059 0
0.297886 0
0.297719 0
0.297542 0
0.297379 0
0.297204 0
0.297026 0
0.296844 0
0.29668 0
0.296506 0
0.296337 0
0.296156 0
0.295975 0
0.295798 0
0.295639 0
0.295462 0
0.295289 0
0.2951 0
0.294933 0
0.294764 0
0.294586 0
0.294418 0
0.294229 0
0.294041 0
0.293863 0
0.293682 0
0.293511 0
0.293344 0
0.293187 0
0.293015 0
0.29284 0
0.292684 0
0.292508 0
0.292358 0
0.292183 0
0.292009 0
0.291827 0
0.291647 0
0.291477 0
0.291308 0
0.291144 0
0.290965 0
0.290792 0
0.290615 0
0.290439 0
0.290258 0
0.290089 0
0.289911 0
0.289746 0
0.289573 0
0.289413 0
0.289243 0
0.289061 0
0.288899 0
0.288728 0
0.288549 0
0.288371 0
0.288199 0
0.288019 0
0.287845 0
0.287684 0
0.287579 0
0.287413 0
0.287231 0
0.287058 0
0.286877 0
0.286708 0
0.286538 0
0.286359 0
0.286191 0
0.286018 0
0.285845 0
0.285666 0
0.285496 0
0.285331 0
0.285174 0
0.284998 0
0.284819 0
0.284667 0
0.284506 0
0.284321 0
0.28415 0
0.283986 0
0.283817 0
0.283641 0
0.28347 0
0.283294 0
0.283134 0
0.28297 0
0.282808 0
0.282643 0
0.282471 0
0.282295 0
0.282114 0
0.281967 0
0.281784 0
0.281607 0
0.281424 0
0.281259 0
0.281086 0
0.280912 0
0.280745 0
0.280577 0
0.280405 0
0.280224 0
0.28004 0
0.279863 0
0.279692 0
0.279531 0
0.279358 0
0.27919 0
0.27901 0
0.278828 0
0.278664 0
0.278501 0
0.278331 0
0.27815 0
0.277962 0
0.277787 0
0.277611 0
0.277434 0
0.277267 0
0.277086 0
0.276907 0
0.276738 0
0.27656 0
0.276386 0
0.276219 0
0.276051 0
0.275886 0
0.275711 0
0.275532 0
0.275355 0
0.275186 0
0.275002 0
0.274842 0
0.274661 0
0.274478 0
0.274314 0
0.274129 0
0.273959 0
0.273797 0
0.273637 0
0.273477 0
0.27331 0
0.27314 0
0.272963 0
0.272785 0
0.272607 0
0.272432 0
0.272252 0
0.272069 0
0.271898 0
0.271732 0
0.271559 0
0.271389 0
0.271232 0
0.271057 0
0.270887 0
0.270706 0
0.270542 0
0.270385 0
0.270206 0
0.270033 0
0.269862 0
0.2697 0
0.269528 0
0.269353 0
0.269175 0
0.268991 0
0.268809 0
0.268626 0
0.268446 0
0.268277 0
0.268101 0
0.267926 0
0.26775 0
0.26758 0
0.267393 0
0.267226 0
0.267045 0
0.266885 0
0.26671 0
0.266532 0
0.266354 0
0.266196 0
0.266024 0
0.265862 0
0.265684 0
0.265496 0
0.265329 0
0.265156 0
0.265006 0
0.264849 0
0.264666 0
0.264528 0
0.264365 0
0.264188 0
0.264011 0
0.263829 0
0.263695 0
0.263533 0
0.263354 0
0.263173 0
0.262997 0
0.262823 0
0.262666 0
0.262497 0
0.262317 0
0.262137 0
0.261957 0
0.261773 0
0.261601 0
0.261443 0
0.261283 0
0.261102 0
0.260937 0
0.260755 0
0.26057 0
0.260415 0
0.260238 0
0.260071 0
0.259897 0
0.25972 0
0.259533 0
0.259349 0
0.259193 0
0.259025 0
0.258859 0
0.258681 0
0.258497 0
0.258337 0
0.258153 0
0.258003 0
0.257833 0
0.257688 0
0.257524 0
0.257375 0
0.257198 0
0.257042 0
0.256891 0
0.256712 0
0.256549 0
0.256365 0
0.256184 0
0.256009 0
0.255842 0
0.255663 0
0.255485 0
0.255307 0
0.255136 0
0.254975 0
0.254822 0
0.25465 0
0.254485 0
0.254299 0
0.254126 0
0.253965 0
0.253795 0
0.253619 0
0.253444 0
0.253262 0
0.253103 0
0.252947 0
0.25277 0
0.252594 0
0.25242 0
0.252242 0
0.252067 0
0.251901 0
0.25173 0
0.251555 0
0.251374 0
0.251191 0
0.25101 0
0.250841 0
0.250666 0
0.250492 0
0.250317 0
0.250146 0
0.249972 0
0.249819 0
0.249647 0
0.249466 0
0.249299 0
0.249134 0
0.24896 0
0.248788 0
0.24861 0
0.24843 0
0.248263 0
0.248111 0
0.247929 0
0.247752 0
0.247594 0
0.247422 0
0.247253 0
0.247074 0
0.246898 0
0.246722 0
0.246547 0
0.246386 0
0.246209 0
0.245891 0
0.245739 0
0.245561 0
0.245406 0
0.245252 0
0.245077 0
0.244908 0
0.244732 0
0.244567 0
0.244408 0
0.24424 0
0.24408 0
0.243895 0
0.243722 0
0.243547 0
0.243378 0
0.243201 0
0.243024 0
0.242849 0
0.24267 0
0.242494 0
0.242322 0
0.242158 0
0.241975 0
0.241799 0
0.241618 0
0.241444 0
0.24126 0
0.241079 0
0.240909 0
0.240753 0
0.240573 0
0.240402 0
0.240233 0
0.240066 0
0.239899 0
0.239723 0
0.239534 0
0.239359 0
0.239195 0
0.239014 0
0.238841 0
0.238663 0
0.238495 0
0.238312 0
0.238145 0
0.237967 0
0.237811 0
0.237636 0
0.237463 0
0.237286 0
0.237109 0
0.236926 0
0.236754 0
0.236575 0
0.236395 0
0.236213 0
0.236032 0
0.235865 0
0.235683 0
0.235501 0
0.235328 0
0.235159 0
0.234992 0
0.23483 0
0.234656 0
0.2345 0
0.234335 0
0.234168 0
0.23399 0
0.233824 0
0.233659 0
0.233496 0
0.23333 0
0.233147 0
0.232979 0
0.232811 0
0.232639 0
0.232475 0
0.232311 0
0.232145 0
0.231966 0
0.231794 0
0.231626 0
0.231457 0
0.231296 0
0.231117 0
0.23095 0
0.230778 0
0.23062 0
0.230436 0
0.23026 0
0.230082 0
0.229898 0
0.229722 0
0.229543 0
0.229376 0
0.229186 0
0.229008 0
0.228823 0
0.228652 0
0.228473 0
0.228308 0
0.228133 0
0.227984 0
0.22782 0
0.227648 0
0.227476 0
0.227292 0
0.227114 0
0.226934 0
0.226781 0
0.2266 0
0.226434 0
0.226252 0
0.226083 0
0.225922 0
0.225753 0
0.22557 0
0.225411 0
0.225239 0
0.22506 0
0.224885 0
0.224708 0
0.224559 0
0.224384 0
0.224208 0
0.224049 0
0.223867 0
0.223697 0
0.223525 0
0.223358 0
0.223189 0
0.223102 0
0.22294 0
0.222779 0
0.22261 0
0.222448 0
0.22228 0
0.222105 0
0.221955 0
0.221794 0
0.221616 0
0.221449 0
0.221278 0
0.221103 0
0.22093 0
0.220775 0
0.220628 0
0.220445 0
0.220267 0
0.220088 0
0.219906 0
0.219728 0
0.219564 0
0.219397 0
0.219209 0
0.219029 0
0.218845 0
0.218671 0
0.218504 0
0.218343 0
0.218166 0
0.217981 0
0.21782 0
0.21764 0
0.217471 0
0.217297 0
0.217111 0
0.216948 0
0.216769 0
0.2166 0
0.216417 0
0.216248 0
0.216078 0
0.215905 0
0.215734 0
0.21559 0
0.215413 0
0.215234 0
0.215077 0
0.214903 0
0.214743 0
0.214571 0
0.214407 0
0.214233 0
0.214053 0
0.213894 0
0.213744 0
0.213559 0
0.21339 0
0.213225 0
0.21306 0
0.212883 0
0.212725 0
0.212567 0
0.212407 0
0.212228 0
0.212053 0
0.211874 0
0.211696 0
0.211525 0
0.211343 0
0.211167 0
0.210997 0
0.210814 0
0.210648 0
0.210471 0
0.210294 0
0.210118 0
0.209941 0
0.209757 0
0.209571 0
0.209397 0
0.209237 0
0.209065 0
0.208888 0
0.208711 0
0.208539 0
0.208361 0
0.208191 0
0.208033 0
0.207857 0
0.207706 0
0.207521 0
0.20734 0
0.207176 0
0.207007 0
0.206823 0
0.206654 0
0.206479 0
0.206317 0
0.206138 0
0.205972 0
0.205799 0
0.205627 0
0.205453 0
0.205268 0
0.205098 0
0.204936 0
0.204766 0
0.204593 0
0.204421 0
0.204243 0
0.204062 0
0.20389 0
0.203717 0
0.203545 0
0.203363 0
0.203192 0
0.20302 0
0.202835 0
0.202658 0
0.20247 0
0.20229 0
0.20211 0
0.201927 0
0.201756 0
0.20158 0
0.201411 0
0.201232 0
0.201057 0
0.20089 0
0.200713 0
0.200546 0
0.200371 0
0.200206 0
0.200041 0
0.199866 0
0.199686 0
0.199527 0
0.199351 0
0.199198 0
0.199022 0
0.198854 0
0.198677 0
0.198498 0
0.198313 0
0.198136 0
0.197976 0
0.197809 0
0.197638 0
0.197454 0
0.197282 0
0.197111 0
0.196953 0
0.196779 0
0.196608 0
0.196468 0
0.196296 0
0.196116 0
0.195949 0
0.195774 0
0.195594 0
0.195411 0
0.195239 0
0.195062 0
0.19488 0
0.194695 0
0.194521 0
0.194376 0
0.194205 0
0.194041 0
0.193867 0
0.193699 0
0.193536 0
0.193349 0
0.19318 0
0.193003 0
0.192833 0
0.192655 0
0.192485 0
0.192302 0
0.192123 0
0.191937 0
0.191764 0
0.191588 0
0.191407 0
0.191243 0
0.191072 0
0.190911 0
0.190741 0
0.190574 0
0.190404 0
0.190252 0
0.190088 0
0.189935 0
0.189768 0
0.189593 0
0.189426 0
0.189249 0
0.189075 0
0.188914 0
0.188764 0
0.188587 0
0.188411 0
0.188222 0
0.188041 0
0.187853 0
0.187684 0
0.187518 0
0.18734 0
0.187175 0
0.187001 0
0.186817 0
0.186643 0
0.186469 0
0.1863 0
0.186138 0
0.185956 0
0.185776 0
0.185591 0
0.185427 0
0.185262 0
0.185081 0
0.184909 0
0.18476 0
0.184591 0
0.184409 0
0.18423 0
0.184066 0
0.183887 0
0.183713 0
0.183536 0
0.183355 0
0.183175 0
0.182999 0
0.18283 0
0.182651 0
0.182491 0
0.182332 0
0.182165 0
0.181986 0
0.181814 0
0.18164 0
0.181462 0
0.181301 0
0.181121 0
0.180947 0
0.180794 0
0.180615 0
0.180446 0
0.180285 0
0.180117 0
0.179944 0
0.179793 0
0.179617 0
0.17946 0
0.179298 0
0.179132 0
0.178958 0
0.178779 0
0.178596 0
0.178426 0
0.178258 0
0.178092 0
0.177926 0
0.177755 0
0.177569 0
0.177399 0
0.177233 0
0.177065 0
0.176885 0
0.176707 0
0.176536 0
0.176366 0
0.176189 0
0.176035 0
0.175853 0
0.175701 0
0.175526 0
0.175349 0
0.175172 0
0.174991 0
0.174814 0
0.174654 0
0.174472 0
0.174298 0
0.174114 0
0.173939 0
0.173767 0
0.173587 0
0.17341 0
0.173239 0
0.173053 0
0.172884 0
0.172721 0
0.172558 0
0.172415 0
0.172237 0
0.172054 0
0.171874 0
0.171705 0
0.171531 0
0.171368 0
0.171182 0
0.171005 0
0.170844 0
0.170666 0
0.170504 0
0.170341 0
0.17017 0
0.169995 0
0.169829 0
0.169656 0
0.16951 0
0.169346 0
0.169173 0
0.168993 0
0.168825 0
0.168643 0
0.168475 0
0.168311 0
0.168152 0
0.167974 0
0.167817 0
0.167649 0
0.167477 0
0.1673 0
0.167133 0
0.166958 0
0.166777 0
0.166602 0
0.166424 0
0.166254 0
0.166068 0
0.165889 0
0.165711 0
0.165543 0
0.16536 0
0.165186 0
0.165022 0
0.16486 0
0.164682 0
0.164527 0
0.164352 0
0.164171 0
0.163993 0
0.163828 0
0.163647 0
0.163473 0
0.163296 0
0.163122 0
0.162957 0
0.162777 0
0.162597 0
0.162415 0
0.162258 0
0.162074 0
0.161895 0
0.16171 0
0.161532 0
0.161351 0
0.16118 0
0.161005 0
0.16083 0
0.160652 0
0.16047 0
0.160288 0
0.160119 0
0.159946 0
0.159776 0
0.159602 0
0.159422 0
0.159244 0
0.159064 0
0.158901 0
0.158719 0
0.15855 0
0.15837 0
0.158193 0
0.158011 0
0.157832 0
0.157658 0
0.157469 0
0.1573 0
0.157122 0
0.156942 0
0.156783 0
0.156616 0
0.156448 0
0.156268 0
0.156095 0
0.155914 0
0.155734 0
0.155568 0
0.155398 0
0.155214 0
0.15503 0
0.15485 0
0.154683 0
0.154511 0
0.154346 0
0.154186 0
0.154019 0
0.153853 0
0.153687 0
0.153506 0
0.153322 0
0.153142 0
0.152961 0
0.152798 0
0.152617 0
0.15244 0
0.15226 0
0.152082 0
0.151912 0
0.151737 0
0.151564 0
0.151385 0
0.151218 0
0.151046 0
0.150871 0
0.150695 0
0.150515 0
0.150335 0
0.15015 0
0.149972 0
0.149804 0
0.149621 0
0.149448 0
0.149264 0
0.14908 0
0.148904 0
0.148735 0
0.148558 0
0.148406 0
0.148241 0
0.14806 0
0.14788 0
0.147697 0
0.147522 0
0.147342 0
0.147179 0
0.14701 0
0.146833 0
0.146658 0
0.1465 0
0.146316 0
0.14615 0
0.146013 0
0.145829 0
0.145645 0
0.145476 0
0.145298 0
0.145124 0
0.144945 0
0.14476 0
0.144589 0
0.144412 0
0.144246 0
0.144073 0
0.143912 0
0.143752 0
0.143588 0
0.143429 0
0.14325 0
0.143089 0
0.142921 0
0.142745 0
0.142598 0
0.142427 0
0.142253 0
0.142077 0
0.141907 0
0.141728 0
0.141547 0
0.141385 0
0.141199 0
0.141045 0
0.140867 0
0.140686 0
0.140519 0
0.140346 0
0.140162 0
0.13999 0
0.139806 0
0.139621 0
0.139446 0
0.139284 0
0.139117 0
0.138938 0
0.138766 0
0.138592 0
0.13842 0
0.138238 0
0.138055 0
0.1379 0
0.137745 0
0.13757 0
0.137399 0
0.137222 0
0.137046 0
0.136867 0
0.136688 0
0.13652 0
0.136343 0
0.13617 0
0.135988 0
0.13581 0
0.135636 0
0.135447 0
0.135274 0
0.135099 0
0.134932 0
0.13475 0
0.134575 0
0.1344 0
0.134231 0
0.134073 0
0.133913 0
0.133738 0
0.133562 0
0.133388 0
0.133204 0
0.133023 0
0.132855 0
0.132673 0
0.132503 0
0.132332 0
0.132165 0
0.131992 0
0.131819 0
0.131643 0
0.131468 0
0.131291 0
0.131127 0
0.13097 0
0.130794 0
0.130615 0
0.130451 0
0.130274 0
0.130096 0
0.129938 0
0.129762 0
0.129578 0
0.129404 0
0.129238 0
0.129065 0
0.128889 0
0.128721 0
0.128548 0
0.128367 0
0.128181 0
0.127997 0
0.127821 0
0.127639 0
0.127464 0
0.127289 0
0.127103 0
0.126921 0
0.12674 0
0.126571 0
0.126399 0
0.126224 0
0.126064 0
0.125894 0
0.125723 0
0.125547 0
0.125368 0
0.1252 0
0.125022 0
0.124845 0
0.124669 0
0.1245 0
0.124323 0
0.124149 0
0.123996 0
0.123812 0
0.123632 0
0.123465 0
0.123307 0
0.123139 0
0.122958 0
0.122788 0
0.122618 0
0.122445 0
0.122274 0
0.122105 0
0.121792 0
0.121612 0
0.121451 0
0.121268 0
0.121089 0
0.120928 0
0.120749 0
0.120574 0
0.120397 0
0.120218 0
0.120053 0
0.119874 0
0.119694 0
0.11951 0
0.119325 0
0.119153 0
0.118974 0
0.118797 0
0.118617 0
0.118445 0
0.118256 0
0.11808 0
0.117901 0
0.117721 0
0.117545 0
0.117378 0
0.117199 0
0.117021 0
0.116837 0
0.116668 0
0.116485 0
0.116314 0
0.116139 0
0.115954 0
0.115774 0
0.115593 0
0.115416 0
0.115259 0
0.115093 0
0.114927 0
0.114758 0
0.114578 0
0.1144 0
0.114226 0
0.114051 0
0.113896 0
0.113719 0
0.11355 0
0.113372 0
0.113195 0
0.113022 0
0.112853 0
0.112679 0
0.11252 0
0.112343 0
0.112167 0
0.112025 0
0.111863 0
0.111684 0
0.111509 0
0.111345 0
0.111169 0
0.111011 0
0.110835 0
0.11068 0
0.110521 0
0.110348 0
0.110171 0
0.110002 0
0.109824 0
0.109661 0
0.1095 0
0.109333 0
0.108993 0
0.108832 0
0.108677 0
0.108508 0
0.108344 0
0.108185 0
0.108007 0
0.107828 0
0.107658 0
0.107479 0
0.107307 0
0.107142 0
0.106961 0
0.106793 0
0.106639 0
0.106472 0
0.1063 0
0.106146 0
0.105972 0
0.1058 0
0.105629 0
0.105451 0
0.105289 0
0.105121 0
0.104929 0
0.104773 0
0.104594 0
0.104412 0
0.104238 0
0.104057 0
0.103872 0
0.103718 0
0.103553 0
0.103391 0
0.103206 0
0.103026 0
0.102849 0
0.10268 0
0.102501 0
0.102328 0
0.102153 0
0.101991 0
0.101812 0
0.101628 0
0.101469 0
0.1013 0
0.101133 0
0.10096 0
0.100828 0
0.100646 0
0.100478 0
0.100299 0
0.100124 0
0.0999559 0
0.099782 0
0.099628 0
0.0994559 0
0.0992754 0
0.0991095 0
0.0989361 0
0.0987515 0
0.0985673 0
0.0983973 0
0.0982381 0
0.0980581 0
0.0978866 0
0.0977139 0
0.0975738 0
0.097394 0
0.0972121 0
0.097036 0
0.0968606 0
0.0966873 0
0.0965463 0
0.0963676 0
0.0961959 0
0.0960125 0
0.0958341 0
0.0956542 0
0.0954943 0
0.0953276 0
0.0951431 0
0.0949742 0
0.0947947 0
0.0946382 0
0.0944586 0
0.0942823 0
0.0941017 0
0.0939366 0
0.0937563 0
0.0935875 0
0.0934245 0
0.093249 0
0.0930871 0
0.0929029 0
0.0927245 0
0.0925662 0
0.0923835 0
0.0922131 0
0.0920419 0
0.0918704 0
0.0917007 0
0.0915327 0
0.0913519 0
0.0911694 0
0.0909946 0
0.0908174 0
0.0906449 0
0.0904681 0
0.0902926 0
0.0901197 0
0.0899325 0
0.0897505 0
0.0895714 0
0.0894011 0
0.0892312 0
0.0890563 0
0.0888784 0
0.0887046 0
0.0885264 0
0.0883645 0
0.0881934 0
0.0880379 0
0.0878693 0
0.0876935 0
0.087529 0
0.087341 0
0.0871712 0
0.0869945 0
0.0868217 0
0.086648 0
0.0864801 0
0.0863062 0
0.0861292 0
0.0859673 0
0.0857849 0
0.0856071 0
0.085435 0
0.0852563 0
0.0851098 0
0.0849464 0
0.0847645 0
0.0846055 0
0.0844248 0
0.0842455 0
0.0840657 0
0.0838971 0
0.0837144 0
0.0835291 0
0.0833726 0
0.0832047 0
0.0830238 0
0.0828488 0
0.0826674 0
0.0824994 0
0.0823201 0
0.0821543 0
0.0819811 0
0.0818102 0
0.0816358 0
0.0814605 0
0.0813025 0
0.0811341 0
0.0809631 0
0.0807801 0
0.0805933 0
0.080432 0
0.0802492 0
0.0800737 0
0.0798881 0
0.0797332 0
0.0795757 0
0.0794216 0
0.079238 0
0.0790616 0
0.0788872 0
0.0787083 0
0.0785371 0
0.078359 0
0.0781937 0
0.0780259 0
0.0778557 0
0.0776827 0
0.0775078 0
0.0773351 0
0.0771599 0
0.0769773 0
0.0768123 0
0.0766333 0
0.0764743 0
0.0762899 0
0.0761239 0
0.0759495 0
0.075767 0
0.0755845 0
0.0754094 0
0.0752344 0
0.0750475 0
0.0748841 0
0.0747062 0
0.0745214 0
0.07435 0
0.0741653 0
0.0739914 0
0.0738263 0
0.0736443 0
0.0735004 0
0.0733214 0
0.0731433 0
0.0729964 0
0.0728353 0
0.072657 0
0.0724864 0
0.072304 0
0.0721271 0
0.0719592 0
0.0717877 0
0.0716201 0
0.0714475 0
0.0713023 0
0.0711155 0
0.0709583 0
0.0708019 0
0.0706232 0
0.0704454 0
0.0702778 0
0.0701112 0
0.0699326 0
0.0697602 0
0.069596 0
0.0694403 0
0.0692671 0
0.0690923 0
0.0689222 0
0.068748 0
0.0685793 0
0.0684002 0
0.0682447 0
0.0680795 0
0.0678977 0
0.0677257 0
0.0675392 0
0.0673601 0
0.0671872 0
0.0670196 0
0.066838 0
0.0666666 0
0.0664897 0
0.0663201 0
0.0661356 0
0.0659589 0
0.0657902 0
0.0656204 0
0.0654441 0
0.0652626 0
0.0650853 0
0.0649017 0
0.0647409 0
0.0645705 0
0.0643916 0
0.0642246 0
0.0640515 0
0.0638786 0
0.0637135 0
0.0635463 0
0.0633664 0
0.0631896 0
0.0630164 0
0.0628387 0
0.0626539 0
0.0624665 0
0.0622906 0
0.0621141 0
0.0619449 0
0.0617739 0
0.0616151 0
0.0614366 0
0.0612504 0
0.0610792 0
0.0609145 0
0.060744 0
0.0605856 0
0.0604226 0
0.0602453 0
0.0600662 0
0.0598877 0
0.0597244 0
0.0595452 0
0.0593667 0
0.0591837 0
0.0590158 0
0.058853 0
0.0586723 0
0.0585034 0
0.0583273 0
0.0581504 0
0.0579706 0
0.057794 0
0.0576136 0
0.0574283 0
0.0572544 0
0.0570722 0
0.0569024 0
0.0567203 0
0.0565384 0
0.0563653 0
0.0561876 0
0.056042 0
0.0558634 0
0.0556926 0
0.0555271 0
0.0553453 0
0.0551734 0
0.0550077 0
0.054861 0
0.0546994 0
0.0545312 0
0.0543571 0
0.0541774 0
0.0539967 0
0.0538361 0
0.0536766 0
0.0535016 0
0.0533299 0
0.053159 0
0.0529729 0
0.0527872 0
0.0526244 0
0.0524469 0
0.0522838 0
0.0521189 0
0.051935 0
0.0517519 0
0.0515794 0
0.0514007 0
0.0512279 0
0.0510695 0
0.0508892 0
0.0507055 0
0.0505208 0
0.0503529 0
0.0501823 0
0.0500141 0
0.049852 0
0.049688 0
0.0495176 0
0.0493551 0
0.0491811 0
0.049009 0
0.0488279 0
0.0486419 0
0.0484578 0
0.0480988 0
0.0479271 0
0.0477535 0
0.0475735 0
0.0473907 0
0.0472208 0
0.0470417 0
0.0468606 0
0.0466869 0
0.0465104 0
0.046331 0
0.0461451 0
0.0459708 0
0.0457926 0
0.0456382 0
0.0454711 0
0.0453063 0
0.0451275 0
0.044954 0
0.0447805 0
0.0446103 0
0.0444364 0
0.044261 0
0.0440845 0
0.0439115 0
0.0437316 0
0.043575 0
0.0433984 0
0.0432263 0
0.0430449 0
0.0428603 0
0.0427047 0
0.0425256 0
0.0423396 0
0.0421722 0
0.0419979 0
0.0418192 0
0.04165 0
0.0414655 0
0.0412924 0
0.0411055 0
0.0409324 0
0.0407727 0
0.0405994 0
0.0404158 0
0.0402629 0
0.0400779 0
0.0399095 0
0.0397314 0
0.0395532 0
0.0393907 0
0.0392294 0
0.0390472 0
0.0388711 0
0.0387016 0
0.0385374 0
0.038354 0
0.0381675 0
0.0379908 0
0.0378133 0
0.0376322 0
0.03746 0
0.0370959 0
0.0369078 0
0.0367322 0
0.0365615 0
0.0363832 0
0.0362037 0
0.0360404 0
0.0358625 0
0.0357002 0
0.0355315 0
0.0353529 0
0.0351841 0
0.0350301 0
0.0348493 0
0.03468 0
0.0345031 0
0.0343409 0
0.0341699 0
0.0339949 0
0.0338208 0
0.0336503 0
0.0334698 0
0.0332983 0
0.0331163 0
0.032947 0
0.0327675 0
0.0325965 0
0.0324133 0
0.0322438 0
0.0320736 0
0.0318855 0
0.0317046 0
0.0315304 0
0.0313633 0
0.0312018 0
0.0310157 0
0.0308296 0
0.0306506 0
0.0304743 0
0.0303013 0
0.0301282 0
0.0299543 0
0.0297747 0
0.0294258 0
0.0292551 0
0.0290758 0
0.0289034 0
0.0287215 0
0.0285594 0
0.0283811 0
0.0282023 0
0.0280224 0
0.0278456 0
0.0276745 0
0.0275006 0
0.0273313 0
0.027153 0
0.0269782 0
0.0268056 0
0.0266378 0
0.0264602 0
0.0262731 0
0.026095 0
0.025918 0
0.0257367 0
0.0255649 0
0.0253871 0
0.0252041 0
0.0250229 0
0.0248495 0
0.0246735 0
0.0244993 0
0.0243396 0
0.0241783 0
0.023999 0
0.0238266 0
0.0236552 0
0.0234783 0
0.0233245 0
0.0231392 0
0.0229625 0
0.0227938 0
0.0226106 0
0.0224482 0
0.0222809 0
0.022103 0
0.0219508 0
0.021776 0
0.0215976 0
0.0214161 0
0.0212413 0
0.0210826 0
0.0209106 0
0.0207317 0
0.0205634 0
0.0203849 0
0.0202115 0
0.0200442 0
0.0198683 0
0.0196974 0
0.0195248 0
0.019375 0
0.0191908 0
0.0190066 0
0.0188301 0
0.0186473 0
0.0184689 0
0.0182963 0
0.0181245 0
0.0179603 0
0.0177866 0
0.0176163 0
0.0174336 0
0.0172517 0
0.0170768 0
0.016895 0
0.0167164 0
0.0165395 0
0.0163702 0
0.0161916 0
0.0160244 0
0.0158525 0
0.0156701 0
0.0155023 0
0.0153199 0
0.0151391 0
0.0149668 0
0.0148013 0
0.0146371 0
0.0144664 0
0.0142913 0
0.0141137 0
0.0139394 0
0.0137526 0
0.013591 0
0.0134053 0
0.0132282 0
0.0130604 0
0.0128866 0
0.012718 0
0.0125402 0
0.0123833 0
0.0122313 0
0.0120558 0
0.0118883 0
0.0117102 0
0.0115437 0
0.0113786 0
0.0112057 0
0.0110206 0
0.0108455 0
0.010662 0
0.0104821 0
0.0103008 0
0.0101299 0
0.00995818 0
0.00977675 0
0.00960311 0
0.00943137 0
0.0092695 0
0.00908984 0
0.0089088 0
0.00874746 0
0.00856201 0
0.00838655 0
0.0082072 0
0.00802288 0
0.00786134 0
0.0076969 0
0.00752727 0
0.00735552 0
0.00718112 0
0.00700361 0
0.0068246 0
0.00665772 0
0.0064939 0
0.00630895 0
0.00613809 0
0.00596715 0
0.0057891 0
0.0056177 0
0.00543894 0
0.00526891 0
0.00508943 0
0.00491329 0
0.00473574 0
0.00456003 0
0.00438277 0
0.00420686 0
0.00402725 0
0.0038663 0
0.00369365 0
0.00351231 0
0.00333581 0
0.00317592 0
0.00299799 0
0.00282402 0
0.00264539 0
0.00246718 0
0.00228919 0
0.002119 0
0.00194089 0
0.00176118 0
0.00158293 0
0.00140943 0
0.00123143 0
0.00105191 0
0.000888061 0
0.000704087 0
0.000531377 0
0.000351378 0
0.000180314 0
0 0
