0.534345 1792
0.534336 1791
0.534336 1790
0.534336 1788
0.534336 1787
0.534198 1787
0.534163 1786
0.534026 1786
0.533931 1785
0.533931 1784
0.533931 1783
0.533931 1782
0.533913 1781
0.533913 1780
0.533836 1779
0.533836 1778
0.533836 1777
0.533836 1776
0.533836 1775
0.533836 1774
0.533836 1773
0.533836 1772
0.533698 1772
0.533651 1771
0.533651 1770
0.533651 1769
0.533651 1768
0.533651 1767
0.533651 1766
0.533545 1766
0.533545 1765
0.533545 1764
0.533545 1763
0.533545 1762
0.533488 1761
0.533488 1760
0.533488 1759
0.533488 1758
0.533488 1757
0.533488 1756
0.533488 1755
0.533349 1755
0.533349 1754
0.533349 1753
0.533349 1752
0.533349 1751
0.53329 1750
0.533245 1749
0.533245 1748
0.533245 1747
0.533245 1746
0.533245 1745
0.533245 1744
0.533245 1743
0.533245 1742
0.533245 1741
0.533245 1740
0.533245 1739
0.533245 1738
0.533245 1737
0.533245 1736
0.533207 1735
0.533207 1734
0.533207 1733
0.533207 1732
0.533207 1731
0.533207 1730
0.533207 1729
0.533207 1728
0.533207 1727
0.533203 1726
0.533203 1725
0.533203 1724
0.533132 1723
0.533132 1722
0.533132 1721
0.533132 1720
0.533132 1719
0.533132 1718
0.533108 1717
0.533101 1716
0.533101 1715
0.533101 1714
0.53309 1713
0.533054 1712
0.533054 1711
0.533054 1710
0.533051 1709
0.532927 1709
0.532927 1708
0.532927 1707
0.532927 1706
0.532927 1705
0.532927 1704
0.532927 1703
0.532803 1703
0.532803 1702
0.532803 1701
0.532803 1700
0.532803 1699
0.532803 1698
0.532803 1697
0.532803 1696
0.532771 1695
0.532636 1695
0.532636 1694
0.532636 1693
0.532572 1692
0.532572 1691
0.532572 1690
0.532572 1689
0.532572 1688
0.532572 1687
0.532572 1686
0.532572 1685
0.532572 1684
0.532572 1683
0.532572 1682
0.532572 1681
0.532568 1680
0.532568 1679
0.532568 1678
0.532464 1678
0.532464 1677
0.532464 1676
0.532464 1675
0.532366 1675
0.532366 1674
0.532366 1673
0.532366 1672
0.532366 1671
0.532366 1670
0.532366 1669
0.532366 1668
0.532366 1667
0.532366 1666
0.532366 1665
0.532353 1664
0.532353 1663
0.532353 1662
0.532353 1661
0.532353 1660
0.532353 1659
0.532353 1658
0.532353 1657
0.532353 1656
0.532353 1655
0.532353 1654
0.532353 1653
0.532353 1652
0.532338 1651
0.532338 1650
0.532338 1649
0.532338 1648
0.532338 1647
0.532338 1646
0.532338 1645
0.532325 1644
0.532325 1643
0.532325 1642
0.532319 1641
0.532319 1640
0.532319 1639
0.532318 1638
0.532318 1637
0.532318 1636
0.532318 1635
0.532318 1634
0.532318 1633
0.532318 1632
0.532318 1631
0.532318 1630
0.532274 1629
0.532274 1628
0.532274 1627
0.532274 1626
0.532274 1625
0.532274 1624
0.532272 1623
0.532242 1622
0.532242 1621
0.532242 1620
0.532242 1619
0.532242 1618
0.532242 1617
0.532242 1616
0.532242 1615
0.532242 1614
0.532242 1613
0.532136 1613
0.532136 1612
0.532021 1612
0.532021 1611
0.532021 1610
0.532021 1609
0.532021 1608
0.532019 1607
0.532019 1606
0.532019 1605
0.532019 1604
0.532019 1603
0.532019 1602
0.532019 1601
0.532019 1600
0.532019 1599
0.532019 1598
0.53195 1597
0.53195 1596
0.53195 1595
0.53195 1594
0.53195 1593
0.531834 1593
0.531834 1592
0.531834 1591
0.531834 1590
0.531834 1589
0.531834 1588
0.531834 1587
0.531834 1586
0.531834 1585
0.531779 1584
0.531709 1583
0.531607 1583
0.531607 1582
0.531607 1581
0.531607 1580
0.531607 1579
0.531607 1578
0.531607 1577
0.531607 1576
0.531607 1575
0.531566 1574
0.531566 1573
0.531566 1572
0.531566 1571
0.531566 1570
0.531566 1569
0.531566 1568
0.531544 1567
0.531544 1566
0.531544 1565
0.531544 1564
0.531544 1563
0.531544 1562
0.531544 1561
0.531544 1560
0.531544 1559
0.531544 1558
0.531544 1557
0.531544 1556
0.531544 1554
0.531544 1553
0.531544 1552
0.531544 1551
0.531544 1550
0.53147 1549
0.53147 1548
0.53147 1547
0.53147 1546
0.53147 1545
0.53147 1544
0.53147 1543
0.531331 1543
0.531331 1542
0.531331 1541
0.531331 1540
0.53122 1540
0.53122 1539
0.531085 1539
0.531085 1538
0.531085 1537
0.531085 1536
0.531011 1535
0.531011 1534
0.531011 1533
0.531011 1532
0.531011 1531
0.531011 1530
0.531011 1529
0.530998 1528
0.530998 1527
0.530998 1526
0.53098 1525
0.53098 1524
0.53098 1523
0.53098 1522
0.53098 1521
0.53098 1520
0.53098 1519
0.53098 1518
0.53098 1517
0.53098 1516
0.530978 1515
0.530849 1515
0.530849 1514
0.530726 1514
0.530726 1513
0.530726 1512
0.530726 1511
0.530726 1510
0.530712 1509
0.530712 1508
0.530712 1506
0.530712 1505
0.530712 1504
0.530712 1503
0.530712 1502
0.530712 1501
0.530712 1500
0.530712 1499
0.530712 1498
0.530712 1497
0.530712 1496
0.530712 1495
0.530712 1494
0.530712 1493
0.530712 1492
0.530698 1491
0.530641 1490
0.530641 1489
0.530641 1488
0.530641 1487
0.53054 1487
0.53054 1486
0.530425 1486
0.530425 1485
0.530425 1484
0.530425 1483
0.530425 1482
0.530425 1481
0.530425 1480
0.530425 1479
0.530425 1478
0.530425 1477
0.530411 1476
0.530407 1475
0.530407 1474
0.530407 1473
0.530407 1472
0.530407 1471
0.530407 1470
0.530407 1469
0.530407 1468
0.530407 1467
0.530407 1466
0.530407 1465
0.530407 1464
0.530407 1463
0.530407 1462
0.530311 1461
0.530311 1460
0.530311 1459
0.530311 1458
0.530311 1457
0.530311 1456
0.530311 1455
0.530168 1455
0.530168 1454
0.530168 1453
0.530168 1452
0.530168 1451
0.530168 1450
0.530034 1450
0.530034 1449
0.530034 1448
0.530027 1447
0.530027 1446
0.53001 1445
0.529882 1445
0.529882 1444
0.529882 1443
0.529882 1442
0.529779 1442
0.529779 1441
0.529779 1440
0.529779 1439
0.529779 1438
0.529779 1437
0.529779 1436
0.529779 1435
0.529779 1434
0.529662 1434
0.529525 1434
0.529436 1433
0.529436 1432
0.529436 1431
0.529436 1430
0.529391 1429
0.529382 1428
0.529382 1427
0.52924 1427
0.52924 1426
0.52924 1425
0.52924 1424
0.52924 1423
0.52924 1422
0.52924 1421
0.52923 1420
0.52923 1419
0.52923 1418
0.52923 1417
0.52923 1416
0.52923 1415
0.52922 1414
0.52922 1413
0.529197 1412
0.529091 1412
0.52895 1412
0.52895 1411
0.52895 1410
0.52895 1409
0.528832 1409
0.528765 1408
0.528754 1407
0.528754 1406
0.528754 1405
0.528754 1404
0.528754 1403
0.528754 1402
0.528754 1401
0.528754 1400
0.528754 1399
0.528754 1398
0.528754 1397
0.528754 1396
0.528754 1395
0.528754 1394
0.528617 1394
0.528617 1393
0.528617 1392
0.528617 1391
0.528617 1390
0.528617 1389
0.528614 1388
0.52855 1387
0.52855 1386
0.52855 1385
0.52855 1384
0.52855 1383
0.52855 1382
0.52855 1381
0.52855 1380
0.52855 1379
0.528504 1378
0.528504 1377
0.528504 1376
0.528495 1375
0.528495 1374
0.528495 1373
0.528495 1372
0.528495 1371
0.528495 1370
0.528495 1369
0.528495 1368
0.528495 1367
0.528495 1366
0.528495 1365
0.528495 1364
0.528495 1363
0.528495 1362
0.528495 1361
0.528495 1360
0.528495 1359
0.528495 1358
0.528368 1358
0.528368 1357
0.528222 1357
0.528177 1356
0.528177 1355
0.528177 1354
0.528177 1353
0.528177 1352
0.528177 1351
0.528177 1350
0.528177 1349
0.528177 1348
0.528177 1347
0.528177 1346
0.528063 1346
0.528063 1345
0.528063 1344
0.528063 1343
0.528063 1342
0.528063 1341
0.528063 1340
0.528063 1339
0.528063 1338
0.528043 1337
0.528043 1336
0.528043 1335
0.528043 1334
0.528043 1333
0.528043 1332
0.528043 1331
0.528043 1330
0.528043 1329
0.528043 1328
0.528043 1326
0.528043 1325
0.528043 1324
0.528043 1323
0.528043 1322
0.528043 1321
0.528043 1320
0.528034 1319
0.528034 1318
0.528034 1317
0.528034 1316
0.528034 1315
0.528034 1314
0.528034 1313
0.528034 1312
0.528034 1311
0.528034 1310
0.527924 1310
0.527924 1309
0.527924 1308
0.527924 1307
0.527845 1307
0.527694 1307
0.527694 1306
0.527694 1305
0.527692 1304
0.527692 1303
0.527692 1302
0.527692 1301
0.527692 1300
0.527686 1299
0.527686 1298
0.527686 1297
0.527686 1296
0.527686 1295
0.527686 1294
0.527645 1293
0.527645 1292
0.527645 1291
0.527645 1290
0.527645 1289
0.527622 1288
0.527622 1287
0.527512 1287
0.527512 1286
0.527512 1285
0.527512 1284
0.527512 1283
0.527512 1282
0.527512 1281
0.527512 1280
0.527512 1279
0.527512 1278
0.527381 1278
0.527381 1277
0.527381 1276
0.527377 1275
0.527377 1274
0.527377 1273
0.527377 1272
0.527283 1271
0.527283 1270
0.527171 1270
0.527171 1269
0.527171 1268
0.527171 1267
0.52716 1266
0.52716 1265
0.52716 1264
0.52716 1263
0.527052 1263
0.527052 1262
0.527052 1261
0.527052 1260
0.527052 1259
0.527052 1258
0.527052 1257
0.527052 1256
0.527051 1255
0.527051 1254
0.527051 1253
0.527051 1252
0.527051 1251
0.527051 1250
0.527051 1249
0.526931 1249
0.526931 1248
0.526931 1247
0.526931 1246
0.526931 1245
0.526931 1244
0.526931 1243
0.526885 1242
0.526885 1241
0.526885 1240
0.526885 1239
0.526885 1238
0.526755 1238
0.526755 1237
0.526754 1236
0.526631 1236
0.526521 1236
0.526521 1235
0.526521 1234
0.526521 1233
0.526521 1232
0.526465 1231
0.526465 1230
0.526465 1229
0.526465 1228
0.526465 1227
0.526465 1226
0.526465 1225
0.526465 1224
0.526465 1223
0.526465 1222
0.526465 1221
0.526465 1220
0.526465 1219
0.526327 1219
0.526183 1219
0.526183 1218
0.526172 1217
0.526172 1216
0.526172 1215
0.526155 1214
0.526155 1213
0.526155 1212
0.526155 1211
0.526155 1210
0.526155 1209
0.526155 1208
0.526155 1207
0.526079 1206
0.526079 1205
0.526079 1204
0.526079 1203
0.525998 1202
0.525998 1201
0.525998 1200
0.525998 1199
0.525877 1199
0.52587 1198
0.52587 1197
0.52587 1196
0.525816 1195
0.525816 1194
0.525816 1192
0.525816 1191
0.525816 1190
0.525816 1189
0.525816 1188
0.525816 1187
0.525816 1186
0.525816 1185
0.525816 1184
0.525816 1183
0.525816 1182
0.525816 1181
0.525713 1181
0.525713 1180
0.525713 1179
0.525713 1178
0.525713 1177
0.525602 1177
0.525602 1176
0.525602 1175
0.525602 1174
0.525464 1174
0.525321 1174
0.525167 1174
0.525076 1173
0.525076 1172
0.525076 1171
0.525076 1170
0.525076 1169
0.525074 1168
0.52506 1167
0.52506 1166
0.52492 1166
0.52492 1165
0.52492 1164
0.52492 1163
0.524844 1162
0.524844 1161
0.524844 1160
0.524844 1159
0.524844 1158
0.524844 1157
0.524844 1156
0.524844 1155
0.524844 1154
0.524844 1153
0.524844 1152
0.524844 1151
0.524844 1150
0.524797 1149
0.524797 1148
0.524797 1147
0.524797 1146
0.524797 1145
0.524797 1144
0.524672 1144
0.524672 1143
0.524544 1143
0.524544 1142
0.524481 1141
0.524481 1140
0.524481 1139
0.524481 1138
0.524481 1137
0.524355 1137
0.524212 1137
0.524212 1136
0.524212 1135
0.524212 1134
0.524212 1133
0.524212 1132
0.524212 1131
0.524212 1130
0.524212 1129
0.524212 1128
0.524212 1127
0.524212 1126
0.524212 1125
0.524212 1124
0.524096 1124
0.524096 1123
0.524096 1122
0.524096 1121
0.524096 1120
0.524096 1119
0.524096 1118
0.524096 1117
0.524096 1116
0.524096 1115
0.524096 1114
0.52399 1114
0.52399 1113
0.523934 1112
0.523821 1112
0.523821 1111
0.523821 1110
0.523697 1110
0.523697 1109
0.523677 1108
0.523677 1107
0.523525 1107
0.523447 1106
0.523447 1105
0.523447 1104
0.523447 1103
0.523447 1102
0.523295 1102
0.523295 1101
0.52317 1101
0.52317 1100
0.52317 1099
0.52317 1098
0.523166 1097
0.523152 1096
0.523023 1096
0.523023 1095
0.523023 1094
0.523023 1093
0.523023 1092
0.523023 1091
0.523023 1090
0.523023 1089
0.523023 1088
0.522906 1088
0.522906 1087
0.522906 1086
0.522906 1085
0.522906 1084
0.522906 1083
0.522906 1082
0.522906 1081
0.522774 1081
0.522774 1080
0.522774 1079
0.522774 1078
0.522774 1077
0.522756 1076
0.522756 1075
0.522756 1074
0.522756 1073
0.522756 1072
0.522756 1071
0.522756 1070
0.522756 1069
0.522653 1069
0.522653 1068
0.522653 1067
0.522653 1066
0.522653 1065
0.522653 1064
0.522519 1064
0.522519 1063
0.522519 1062
0.522519 1061
0.522424 1060
0.522424 1059
0.522424 1058
0.522424 1057
0.522424 1056
0.522424 1055
0.522424 1054
0.522424 1053
0.522424 1052
0.522424 1051
0.522424 1050
0.522424 1049
0.522424 1048
0.522424 1047
0.522424 1046
0.522424 1045
0.522424 1044
0.522424 1043
0.522291 1043
0.522155 1043
0.522021 1043
0.522021 1042
0.522021 1041
0.522021 1040
0.521917 1040
0.521917 1039
0.521917 1038
0.521917 1037
0.521917 1035
0.521917 1034
0.521917 1033
0.521917 1032
0.521848 1031
0.521759 1030
0.521759 1029
0.521759 1028
0.521759 1027
0.521759 1026
0.521759 1025
0.521691 1024
0.521691 1023
0.521691 1022
0.521691 1021
0.521678 1020
0.521678 1019
0.521678 1018
0.521557 1018
0.521551 1017
0.521433 1017
0.521433 1016
0.521405 1015
0.521405 1014
0.521305 1014
0.521305 1013
0.521305 1012
0.521178 1012
0.521178 1011
0.521178 1010
0.521178 1009
0.521058 1009
0.521058 1008
0.521058 1007
0.521054 1006
0.521054 1005
0.521054 1004
0.521054 1003
0.521054 1002
0.521054 1001
0.521054 1000
0.521054 999
0.520914 999
0.520825 998
0.520689 998
0.520611 997
0.520605 996
0.520605 995
0.520605 994
0.520516 993
0.520516 992
0.520516 991
0.520516 990
0.520516 989
0.520376 989
0.520376 988
0.520375 987
0.520375 986
0.520375 985
0.520255 985
0.520255 984
0.520161 983
0.520161 982
0.520161 981
0.520161 980
0.520161 979
0.520161 978
0.520161 977
0.520161 976
0.520048 976
0.520027 975
0.5199 975
0.519873 974
0.519873 973
0.519845 972
0.519845 971
0.519845 970
0.519845 969
0.519845 968
0.519845 967
0.519845 966
0.519845 965
0.519845 964
0.519845 963
0.519845 962
0.519845 961
0.519845 960
0.519845 959
0.519845 958
0.51976 957
0.51976 956
0.519638 956
0.519638 955
0.519638 954
0.519638 953
0.519638 952
0.519638 951
0.519638 950
0.519638 949
0.519638 948
0.519638 947
0.519497 947
0.519497 946
0.519475 945
0.519475 943
0.519475 942
0.519475 941
0.519475 940
0.519385 939
0.519385 938
0.519385 936
0.519385 935
0.519385 934
0.519385 933
0.519385 932
0.51933 931
0.51933 930
0.51933 929
0.519234 928
0.519234 927
0.519234 926
0.519234 925
0.519234 924
0.519234 923
0.519234 922
0.519234 921
0.519234 920
0.519234 919
0.519234 918
0.519099 918
0.519099 917
0.519099 916
0.518954 916
0.518954 915
0.518869 914
0.518869 913
0.518869 912
0.518747 912
0.518747 911
0.518621 911
0.518503 911
0.518446 910
0.518446 909
0.518446 908
0.518446 907
0.518342 907
0.518209 907
0.518129 906
0.518129 905
0.518129 904
0.518129 903
0.518129 902
0.518129 901
0.518129 900
0.518129 899
0.518129 898
0.518129 897
0.517965 897
0.517965 896
0.517965 895
0.517965 894
0.517931 893
0.517864 892
0.517723 892
0.517723 891
0.517723 890
0.517723 889
0.517723 888
0.517589 888
0.517331 889
0.517331 888
0.517331 887
0.517331 886
0.517331 885
0.517455 883
0.517401 882
0.517401 881
0.517401 880
0.517401 879
0.517401 878
0.517301 878
0.517301 877
0.517158 877
0.517015 877
0.517015 876
0.517015 875
0.517015 874
0.517015 873
0.517015 872
0.516993 871
0.516902 870
0.516773 870
0.516773 869
0.516773 868
0.516773 867
0.516644 867
0.516644 866
0.516644 865
0.516644 864
0.516644 863
0.516532 863
0.516532 862
0.516532 861
0.516532 860
0.516408 860
0.516408 859
0.516408 858
0.516342 858
0.516342 857
0.516342 856
0.516342 855
0.516342 854
0.516342 853
0.516224 853
0.516224 852
0.516224 851
0.516198 850
0.516198 849
0.516198 848
0.516198 847
0.516198 846
0.516198 845
0.516198 844
0.516198 843
0.516191 842
0.516191 841
0.51606 841
0.51606 840
0.515907 840
0.515907 839
0.515843 838
0.515843 837
0.515843 836
0.515843 835
0.515843 834
0.515695 834
0.515695 833
0.515693 832
0.515567 832
0.515567 831
0.515567 830
0.515567 829
0.515567 827
0.515567 826
0.515567 825
0.515567 824
0.515422 824
0.515422 823
0.515422 822
0.515422 821
0.51534 820
0.51534 819
0.51522 819
0.515214 818
0.515214 817
0.515098 817
0.514959 817
0.514959 816
0.514959 815
0.514869 814
0.514869 813
0.514869 812
0.514869 811
0.51484 810
0.514713 810
0.514713 809
0.514713 808
0.514578 808
0.514578 807
0.514578 806
0.514578 805
0.514446 805
0.514446 804
0.514446 803
0.514446 802
0.514425 801
0.514425 800
0.514425 799
0.514301 799
0.514301 798
0.514162 798
0.514162 797
0.514146 796
0.514146 795
0.514146 794
0.514146 793
0.514146 792
0.514146 791
0.514146 790
0.514146 789
0.514042 789
0.514042 788
0.514042 787
0.513895 787
0.513766 787
0.513766 786
0.513766 785
0.513688 784
0.513688 783
0.513547 783
0.513468 782
0.513468 781
0.513462 780
0.513462 779
0.513462 778
0.51332 778
0.51332 777
0.51332 776
0.51323 775
0.513115 775
0.513115 774
0.513018 774
0.513018 773
0.513018 772
0.513018 771
0.512905 771
0.512905 770
0.51282 769
0.512703 769
0.512703 768
0.512703 767
0.512703 766
0.512703 765
0.512552 765
0.512519 764
0.512519 763
0.512519 762
0.512439 761
0.512353 760
0.512353 759
0.5123 758
0.5123 757
0.5123 756
0.512185 756
0.512144 755
0.512009 755
0.511871 755
0.511788 754
0.511788 753
0.51168 753
0.511553 753
0.511412 753
0.511412 752
0.511412 751
0.511412 750
0.511224 748
0.511079 748
0.511079 747
0.511079 746
0.511079 745
0.510945 745
0.510833 745
0.510833 744
0.510833 743
0.510681 743
0.510681 742
0.510681 741
0.510565 741
0.510565 740
0.510565 739
0.510565 738
0.510565 737
0.510565 736
0.510565 735
0.510481 734
0.510397 733
0.510331 732
0.510331 731
0.510331 730
0.510331 729
0.510206 729
0.510106 729
0.510085 728
0.510085 727
0.510085 726
0.510085 725
0.510085 724
0.510067 723
0.510067 722
0.510067 721
0.509939 721
0.509811 721
0.509811 720
0.509811 719
0.509811 718
0.509811 716
0.509811 715
0.509811 714
0.509721 713
0.509721 712
0.509721 711
0.509692 710
0.509692 709
0.509575 709
0.509575 708
0.509575 707
0.509447 707
0.509447 706
0.509447 705
0.509447 704
0.509447 703
0.509375 702
0.509375 701
0.509375 700
0.509375 699
0.509244 699
0.509244 698
0.509244 697
0.509244 696
0.509244 695
0.509244 694
0.509244 693
0.509168 692
0.509074 691
0.509074 690
0.509074 689
0.509074 688
0.509074 687
0.509074 686
0.508926 686
0.508926 685
0.508926 684
0.508926 683
0.508926 682
0.508815 682
0.508815 681
0.508673 681
0.508567 681
0.508433 681
0.508433 680
0.508296 680
0.508296 679
0.50818 679
0.50818 678
0.50818 677
0.508048 677
0.507911 677
0.507911 676
0.507911 675
0.507791 675
0.507686 675
0.50755 675
0.507407 675
0.507407 674
0.507407 673
0.507407 672
0.507407 671
0.507137 671
0.506995 670
0.506995 669
0.506879 669
0.50674 669
0.506631 669
0.506631 668
0.506631 667
0.506542 666
0.506415 666
0.5063 666
0.50618 666
0.506049 666
0.506049 665
0.505941 665
0.505941 664
0.505941 663
0.505941 662
0.505813 662
0.505813 661
0.505667 661
0.505667 660
0.505533 660
0.505438 659
0.505436 658
0.505322 658
0.50532 657
0.505185 657
0.505185 656
0.505185 655
0.505183 654
0.505183 653
0.505183 652
0.505064 652
0.504947 652
0.504947 651
0.504848 650
0.504848 649
0.50475 649
0.50475 648
0.50475 647
0.50475 646
0.50475 645
0.50475 644
0.504745 643
0.504595 643
0.504595 642
0.504595 641
0.504595 640
0.504466 640
0.504466 639
0.504466 638
0.504466 637
0.504466 636
0.504466 635
0.504339 635
0.504339 634
0.504217 634
0.504217 633
0.504212 632
0.504212 631
0.504203 630
0.504203 629
0.504203 628
0.504203 627
0.504203 626
0.504203 625
0.504056 625
0.503928 625
0.503928 624
0.503928 623
0.503928 622
0.503928 621
0.503824 621
0.503824 620
0.503824 619
0.503824 618
0.503694 618
0.503668 617
0.503542 617
0.503527 616
0.503385 616
0.503385 615
0.503385 614
0.503385 613
0.50325 613
0.50325 612
0.50325 611
0.50325 610
0.50325 609
0.503169 608
0.503034 608
0.503034 607
0.503034 606
0.503034 605
0.503034 604
0.502907 604
0.502907 603
0.50277 603
0.50277 602
0.50277 601
0.50277 600
0.50277 599
0.502647 599
0.502647 598
0.502647 597
0.502513 597
0.502362 597
0.502252 597
0.502116 597
0.502116 596
0.502116 595
0.502014 595
0.502014 594
0.502014 593
0.502014 592
0.502014 591
0.501892 591
0.501892 590
0.501892 589
0.501892 588
0.501892 587
0.501763 587
0.501645 587
0.501507 587
0.501373 587
0.501373 586
0.501251 586
0.501105 586
0.500974 586
0.500898 585
0.500759 585
0.500683 584
0.500683 583
0.50055 583
0.500474 582
0.50036 582
0.50036 581
0.50027 580
0.500192 579
0.500045 579
0.500045 578
0.500045 577
0.500045 576
0.500045 575
0.500045 574
0.500045 573
0.500045 572
0.499906 572
0.49978 572
0.49978 571
0.49978 570
0.499759 569
0.499622 569
0.499487 569
0.499397 568
0.499397 567
0.499358 566
0.499218 566
0.499218 565
0.499111 565
0.498994 565
0.498994 564
0.498859 564
0.498859 563
0.498859 562
0.498859 561
0.498798 560
0.498798 559
0.498659 559
0.498659 558
0.498542 558
0.498542 557
0.498542 556
0.498542 555
0.498542 554
0.498433 554
0.498433 553
0.498433 552
0.498433 551
0.498433 550
0.498433 549
0.498267 549
0.498225 548
0.498205 547
0.498205 546
0.498205 545
0.498205 544
0.498205 543
0.498132 542
0.498132 541
0.498047 540
0.497996 539
0.497996 537
0.497996 536
0.497884 536
0.497759 536
0.497759 535
0.497632 535
0.497632 534
0.497491 534
0.497491 533
0.497347 533
0.497347 532
0.497347 531
0.497208 531
0.49707 531
0.49707 530
0.49707 529
0.49707 528
0.49707 527
0.49707 526
0.496937 526
0.496914 525
0.496914 524
0.496914 523
0.496914 522
0.496914 521
0.496914 520
0.496759 520
0.496646 520
0.496646 519
0.496539 519
0.496539 518
0.496435 518
0.496311 518
0.496311 517
0.496171 517
0.496061 517
0.496061 516
0.496061 515
0.496061 514
0.495918 514
0.495779 514
0.495632 514
0.495611 513
0.495484 513
0.495484 512
0.495484 511
0.495404 510
0.495404 509
0.495404 508
0.495404 507
0.495278 507
0.49517 507
0.495052 507
0.495052 506
0.495046 505
0.495046 504
0.495046 503
0.494904 503
0.494904 502
0.494904 501
0.494904 500
0.494904 499
0.494904 498
0.49478 498
0.49478 497
0.49478 496
0.494685 495
0.494538 495
0.494412 495
0.494412 494
0.494272 494
0.49413 494
0.49413 493
0.494 493
0.494 492
0.494 491
0.494 490
0.494 489
0.494 488
0.494 487
0.494 486
0.494 485
0.494 484
0.493856 484
0.493711 484
0.493577 484
0.493462 484
0.493462 483
0.493319 483
0.493319 482
0.493319 481
0.493243 481
0.493102 481
0.493102 480
0.493015 479
0.492918 479
0.492772 479
0.492632 479
0.492514 479
0.492411 479
0.492288 479
0.492155 479
0.492155 478
0.492035 478
0.492035 477
0.491924 477
0.491924 476
0.491803 476
0.491686 476
0.491686 475
0.491686 474
0.491686 473
0.491686 472
0.491686 471
0.491686 470
0.491686 469
0.491686 468
0.491686 467
0.491686 466
0.491678 465
0.491678 464
0.491532 464
0.491403 464
0.491403 463
0.491403 462
0.491403 461
0.491371 460
0.491361 459
0.491266 458
0.491266 457
0.491266 456
0.491141 456
0.491116 455
0.491116 454
0.490981 454
0.490851 454
0.490851 453
0.490851 452
0.490715 452
0.490715 451
0.490715 450
0.490715 449
0.49065 448
0.490507 448
0.490366 448
0.490264 448
0.490264 447
0.490122 447
0.490001 447
0.490001 446
0.490001 445
0.490001 444
0.490001 443
0.489872 443
0.489733 443
0.489733 442
0.489603 442
0.489603 441
0.489467 441
0.489467 440
0.489467 439
0.489467 438
0.489344 438
0.489246 438
0.489104 438
0.488971 438
0.488836 438
0.488691 438
0.488564 438
0.488438 438
0.488438 437
0.488438 436
0.488421 435
0.488421 434
0.488421 433
0.48831 433
0.488164 433
0.488124 432
0.488124 431
0.488124 430
0.487999 430
0.487999 429
0.487996 428
0.487996 427
0.487996 426
0.487865 426
0.487859 425
0.487859 424
0.487859 423
0.487727 423
0.487607 423
0.487477 423
0.487339 423
0.487252 423
0.487252 422
0.487137 422
0.48698 422
0.486837 422
0.486693 422
0.486581 422
0.486463 422
0.486314 422
0.486314 421
0.48618 421
0.48618 420
0.48618 419
0.48618 418
0.486035 418
0.486035 417
0.486035 416
0.485906 416
0.485797 416
0.485797 415
0.485641 415
0.485641 414
0.485508 414
0.485379 414
0.485288 413
0.485162 413
0.485162 412
0.485023 412
0.485023 411
0.484875 411
0.484761 411
0.484625 411
0.484625 410
0.484625 409
0.484625 408
0.484505 408
0.484396 408
0.484269 408
0.484135 408
0.484135 407
0.484135 406
0.484135 405
0.484135 404
0.484033 404
0.484033 403
0.483885 403
0.483758 403
0.483637 403
0.483637 402
0.483637 401
0.483496 401
0.483368 401
0.483261 401
0.483152 401
0.483025 401
0.483025 400
0.482993 399
0.482993 398
0.482993 397
0.482993 396
0.482868 396
0.482868 395
0.482728 395
0.482589 395
0.482589 394
0.482469 394
0.482469 393
0.482336 393
0.482336 392
0.482232 392
0.482232 391
0.482097 391
0.481978 391
0.481978 390
0.481834 390
0.481683 390
0.481683 389
0.481552 389
0.481552 388
0.481357 387
0.481357 386
0.481357 385
0.481357 384
0.481357 383
0.481258 383
0.481142 383
0.481031 383
0.481031 382
0.481028 381
0.480887 381
0.480743 381
0.480623 381
0.480623 380
0.480604 379
0.480487 379
0.480487 378
0.480486 377
0.480477 376
0.480352 376
0.480249 376
0.480249 375
0.480249 374
0.480249 373
0.480126 373
0.480126 372
0.479993 372
0.479993 371
0.47998 370
0.47998 369
0.479849 369
0.479839 368
0.479704 368
0.479567 368
0.479425 368
0.479425 367
0.479425 366
0.479425 365
0.479425 364
0.479302 364
0.479302 363
0.479302 362
0.479161 362
0.479062 362
0.478963 362
0.478817 362
0.478817 361
0.478798 360
0.478798 359
0.478798 358
0.478798 357
0.478643 357
0.478643 356
0.478519 356
0.478519 355
0.478519 354
0.478519 353
0.478519 352
0.478373 352
0.478373 351
0.478226 351
0.478226 350
0.478226 349
0.478226 348
0.478226 347
0.478226 346
0.478226 345
0.478149 344
0.478149 343
0.478012 343
0.478012 342
0.478012 341
0.477878 341
0.477751 341
0.477751 340
0.477624 340
0.477384 340
0.477384 339
0.477384 338
0.477301 337
0.477161 337
0.477046 337
0.476942 337
0.476812 337
0.476812 336
0.476688 336
0.476585 336
0.476442 336
0.476386 335
0.476386 334
0.476253 334
0.476115 334
0.476058 333
0.475929 333
0.475802 333
0.475686 333
0.475686 332
0.475553 332
0.475553 331
0.475399 331
0.475276 331
0.475276 330
0.475276 329
0.475276 328
0.47515 328
0.47515 327
0.47515 326
0.475017 326
0.475017 325
0.47491 325
0.47491 324
0.474796 324
0.474713 323
0.474578 323
0.474446 323
0.474296 323
0.474296 322
0.474296 321
0.474184 321
0.47405 321
0.47391 321
0.473894 320
0.473894 319
0.473772 319
0.473772 318
0.473652 318
0.473531 318
0.473531 317
0.473399 317
0.473259 317
0.473259 316
0.473259 315
0.473145 315
0.473029 315
0.472898 315
0.472748 315
0.472748 314
0.472616 314
0.472616 313
0.47248 313
0.472339 313
0.472193 313
0.472042 313
0.471898 313
0.47176 313
0.471628 313
0.471499 313
0.471361 313
0.471148 312
0.471036 312
0.470906 312
0.470765 312
0.470765 311
0.470765 310
0.47065 310
0.47065 309
0.47065 308
0.470573 307
0.470573 306
0.470446 306
0.470325 306
0.470325 305
0.470325 304
0.470325 303
0.470194 303
0.470194 302
0.470054 302
0.470054 301
0.469913 301
0.469913 300
0.46977 300
0.46977 299
0.469646 299
0.469646 298
0.469646 297
0.469621 296
0.469485 296
0.469351 296
0.469351 295
0.469351 294
0.469195 294
0.469063 294
0.469063 293
0.468931 293
0.468825 293
0.46869 293
0.468549 293
0.468549 292
0.468423 292
0.468383 291
0.468246 291
0.468111 291
0.467979 291
0.467961 290
0.467961 289
0.467816 289
0.467663 289
0.467663 288
0.467663 287
0.467535 287
0.467399 287
0.467259 287
0.467126 287
0.467126 286
0.466985 286
0.466985 285
0.466985 284
0.466973 283
0.466865 283
0.466743 283
0.466743 282
0.466613 282
0.466475 282
0.466346 282
0.466244 282
0.466108 282
0.466108 281
0.465976 281
0.46588 280
0.465835 279
0.46572 279
0.46572 278
0.465581 278
0.465447 278
0.4653 278
0.465163 278
0.465032 278
0.464888 278
0.464888 277
0.464888 276
0.464773 276
0.464773 275
0.464689 274
0.464689 273
0.464689 272
0.464689 271
0.464689 270
0.464689 269
0.464397 269
0.464397 268
0.464299 268
0.464154 268
0.46403 268
0.463896 268
0.463867 267
0.463867 266
0.463727 266
0.463604 266
0.463494 266
0.463373 266
0.463233 266
0.46312 266
0.462976 266
0.462836 266
0.462695 266
0.462695 265
0.462559 265
0.462429 265
0.462351 264
0.462296 263
0.46217 263
0.462038 263
0.461907 263
0.461773 263
0.461661 263
0.461636 262
0.461496 262
0.461483 261
0.461362 261
0.461362 260
0.461207 260
0.461207 259
0.461058 259
0.460925 259
0.460925 258
0.460789 258
0.460789 257
0.460646 257
0.460646 256
0.460646 255
0.46052 255
0.460466 255
0.460323 255
0.460185 255
0.460152 254
0.460152 253
0.460152 252
0.460152 251
0.460026 251
0.460026 250
0.459891 250
0.459746 250
0.459746 249
0.459622 249
0.459496 249
0.459348 249
0.459348 248
0.459209 248
0.459098 248
0.459098 247
0.458975 247
0.458827 247
0.458827 246
0.458696 246
0.458696 245
0.458696 244
0.458577 244
0.458577 243
0.458577 242
0.458577 241
0.458465 241
0.458364 241
0.458224 241
0.458224 240
0.458224 239
0.458224 238
0.458224 237
0.458224 236
0.458224 235
0.458092 235
0.457957 235
0.45782 235
0.45782 234
0.457656 234
0.457633 233
0.457486 233
0.457354 233
0.457212 233
0.457082 233
0.45696 233
0.45696 232
0.45682 232
0.45668 232
0.456554 232
0.456444 232
0.456424 231
0.456274 231
0.456274 230
0.456134 230
0.455998 230
0.455867 230
0.455744 230
0.455744 229
0.455704 228
0.45558 228
0.45558 227
0.455441 227
0.455305 227
0.455153 227
0.455012 227
0.455012 226
0.455012 225
0.454866 225
0.454732 225
0.454592 225
0.454577 224
0.454576 223
0.454443 223
0.454306 223
0.454306 222
0.454164 222
0.454164 221
0.454164 220
0.45405 220
0.45405 219
0.453918 219
0.453918 218
0.453918 217
0.453778 217
0.453778 216
0.453778 215
0.453778 214
0.453674 214
0.453585 214
0.453438 214
0.453315 214
0.453273 213
0.453168 213
0.453168 212
0.453039 212
0.4529 212
0.452768 212
0.452632 212
0.452481 212
0.452481 211
0.452358 211
0.452237 211
0.452098 211
0.451963 211
0.451861 211
0.451722 211
0.451592 211
0.451502 210
0.45138 210
0.45138 209
0.451243 209
0.451112 209
0.450968 209
0.45083 209
0.450684 209
0.450555 209
0.450414 209
0.450414 208
0.450271 208
0.450271 207
0.450149 207
0.450023 207
0.450023 206
0.449902 206
0.449791 206
0.449659 206
0.449532 206
0.449532 205
0.449447 205
0.449308 205
0.449179 205
0.449038 205
0.448908 205
0.448908 204
0.448764 204
0.448764 203
0.448764 202
0.448633 202
0.448489 202
0.448489 201
0.448342 201
0.448197 201
0.448053 201
0.447916 201
0.447798 201
0.447658 201
0.447658 200
0.447516 200
0.447371 200
0.447371 199
0.447286 198
0.447135 198
0.447029 198
0.446893 198
0.44679 198
0.44679 197
0.446663 197
0.446521 197
0.446384 197
0.446241 197
0.446104 197
0.445969 197
0.445843 197
0.445728 197
0.445593 197
0.445464 197
0.445464 196
0.445304 196
0.44516 196
0.445039 196
0.444896 196
0.444896 195
0.444896 194
0.444757 194
0.444636 194
0.444636 193
0.444594 192
0.444594 191
0.444454 191
0.444311 191
0.444174 191
0.444024 191
0.443894 191
0.443745 191
0.443612 191
0.443457 191
0.443322 191
0.443189 191
0.443058 191
0.443058 190
0.442926 190
0.442799 190
0.442799 189
0.442671 189
0.442671 188
0.442671 187
0.442671 186
0.442671 185
0.442527 185
0.442387 185
0.442257 185
0.442123 185
0.442009 185
0.441879 185
0.441756 185
0.441632 185
0.441488 185
0.441384 185
0.441261 185
0.441125 185
0.440983 185
0.44085 185
0.440735 185
0.440605 185
0.440464 185
0.440464 184
0.440318 184
0.44018 184
0.44018 183
0.440044 183
0.43991 183
0.439775 183
0.439775 182
0.439775 181
0.439636 181
0.439504 181
0.439364 181
0.439357 180
0.439248 180
0.439118 180
0.439018 180
0.439018 179
0.438918 179
0.438918 178
0.438918 177
0.438776 177
0.438642 177
0.438508 177
0.438365 177
0.438365 176
0.438365 175
0.438232 175
0.438095 175
0.437971 175
0.43782 175
0.437678 175
0.437678 174
0.437536 174
0.437407 174
0.437272 174
0.437147 174
0.437147 173
0.437147 172
0.437019 172
0.436901 172
0.436793 172
0.436793 171
0.436793 170
0.436785 169
0.43666 169
0.436518 169
0.436381 169
0.436248 169
0.436122 169
0.436122 168
0.435982 168
0.435867 168
0.43573 168
0.435593 168
0.43548 168
0.435346 168
0.435234 168
0.435104 168
0.435104 167
0.435104 166
0.43499 166
0.434856 166
0.434704 166
0.434577 166
0.434444 166
0.434444 165
0.434444 164
0.434258 162
0.434131 162
0.433989 162
0.433857 162
0.433705 162
0.433566 162
0.433424 162
0.433305 162
0.433202 162
0.433064 162
0.432921 162
0.43279 162
0.432656 162
0.432505 162
0.432374 162
0.432374 161
0.432264 161
0.432264 160
0.432116 160
0.43198 160
0.431845 160
0.431845 159
0.431788 158
0.43166 158
0.43166 157
0.43166 156
0.431526 156
0.431454 155
0.43143 154
0.431281 154
0.431162 154
0.43103 154
0.43103 153
0.430884 153
0.430741 153
0.430603 153
0.430602 152
0.430479 152
0.43034 152
0.430217 152
0.430098 152
0.429983 152
0.429967 151
0.429834 151
0.429708 151
0.429559 151
0.429451 151
0.429324 151
0.429183 151
0.429183 150
0.429048 150
0.429048 149
0.429048 148
0.428911 148
0.428763 148
0.428763 147
0.428623 147
0.428623 146
0.428483 146
0.428343 146
0.428224 146
0.42807 146
0.42807 145
0.427958 145
0.427807 145
0.427807 144
0.427807 143
0.427807 142
0.427676 142
0.427546 142
0.427437 142
0.427307 142
0.42719 142
0.42708 142
0.426929 142
0.426929 141
0.426804 141
0.426659 141
0.426515 141
0.426377 141
0.426377 140
0.42636 139
0.42636 138
0.42636 137
0.426222 137
0.426073 137
0.426073 136
0.425957 136
0.425818 136
0.42567 136
0.42556 136
0.42543 136
0.425304 136
0.425163 136
0.425163 135
0.425163 134
0.425023 134
0.424888 134
0.424769 134
0.424651 134
0.424651 133
0.424516 133
0.424371 133
0.424234 133
0.424081 133
0.424081 132
0.424081 131
0.423945 131
0.423842 131
0.423842 130
0.423842 129
0.423725 129
0.423584 129
0.423461 129
0.423326 129
0.423181 129
0.423055 129
0.423055 128
0.422913 128
0.422786 128
0.422648 128
0.422648 127
0.422539 127
0.42245 126
0.422316 126
0.422187 126
0.422044 126
0.422044 125
0.421894 125
0.421771 125
0.42164 125
0.421501 125
0.421351 125
0.42121 125
0.421072 125
0.420946 125
0.42083 125
0.420703 125
0.420558 125
0.420423 125
0.420288 125
0.420147 125
0.420147 124
0.420017 124
0.419985 123
0.419844 123
0.419695 123
0.41955 123
0.419414 123
0.419287 123
0.419144 123
0.418993 123
0.418851 123
0.418851 122
0.418739 122
0.418605 122
0.418497 122
0.418497 121
0.418347 121
0.418206 121
0.418064 121
0.417921 121
0.417791 121
0.417662 121
0.417531 121
0.417383 121
0.417253 121
0.417115 121
0.416974 121
0.416837 121
0.416822 120
0.416691 120
0.416561 120
0.416428 120
0.416286 120
0.416286 119
0.416144 119
0.416035 119
0.415893 119
0.415893 118
0.415771 118
0.415771 117
0.415643 117
0.415539 117
0.415312 116
0.415165 116
0.415019 116
0.414943 115
0.414813 115
0.414686 115
0.414546 115
0.414405 115
0.414269 115
0.414144 115
0.414006 115
0.414006 114
0.413857 114
0.413737 114
0.4136 114
0.413466 114
0.413365 114
0.413236 114
0.413105 114
0.412957 114
0.412863 113
0.412731 113
0.4126 113
0.412465 113
0.412325 113
0.412175 113
0.412045 113
0.411904 113
0.411872 112
0.411756 112
0.411619 112
0.411486 112
0.411347 112
0.411211 112
0.411102 112
0.410961 112
0.410961 111
0.410829 111
0.41069 111
0.410562 111
0.410424 111
0.410297 111
0.410174 111
0.410038 111
0.409899 111
0.409881 110
0.409739 110
0.40973 109
0.409584 109
0.409448 109
0.409328 109
0.409198 109
0.409198 108
0.409066 108
0.409066 107
0.409066 106
0.408928 106
0.408795 106
0.408708 105
0.408572 105
0.408441 105
0.408305 105
0.408177 105
0.408064 105
0.40793 105
0.407789 105
0.407707 104
0.407563 104
0.407452 104
0.407316 104
0.407198 104
0.407055 104
0.406909 104
0.406757 104
0.406757 103
0.406635 103
0.406635 102
0.406507 102
0.40636 102
0.406222 102
0.406082 102
0.405972 102
0.405827 102
0.405743 101
0.405626 101
0.405483 101
0.405483 100
0.405385 100
0.405287 100
0.405242 100
0.405151 100
0.405018 100
0.404877 100
0.404732 100
0.404603 100
0.404465 100
0.404317 100
0.404184 100
0.40404 100
0.403949 99
0.403805 99
0.403715 98
0.403603 98
0.403463 98
0.403333 98
0.403184 98
0.403041 98
0.403041 97
0.402932 97
0.402789 97
0.40265 97
0.40265 96
0.402508 96
0.402373 96
0.402228 96
0.402112 96
0.401975 96
0.401839 96
0.401698 96
0.401561 96
0.401454 96
0.401316 96
0.401182 96
0.401049 96
0.400747 96
0.400608 96
0.400608 95
0.400501 95
0.400411 94
0.400279 94
0.400131 94
0.399989 94
0.399845 94
0.399704 94
0.39958 94
0.399442 94
0.399304 94
0.39917 94
0.399035 94
0.398903 94
0.398764 94
0.398624 94
0.398495 94
0.398454 93
0.398454 92
0.398318 92
0.398178 92
0.398067 92
0.397931 92
0.397793 92
0.397649 92
0.397521 92
0.397521 91
0.397377 91
0.397249 91
0.397104 91
0.396967 91
0.396819 91
0.39669 91
0.396551 91
0.396412 91
0.396412 90
0.396282 90
0.396133 90
0.395995 90
0.395855 90
0.395703 90
0.395561 90
0.395421 90
0.395421 89
0.395289 89
0.395181 89
0.395048 89
0.394911 89
0.394789 89
0.394641 89
0.394513 89
0.394364 89
0.394364 88
0.394222 88
0.394222 87
0.394094 87
0.394094 86
0.393954 86
0.393839 86
0.393696 86
0.393552 86
0.393417 86
0.393277 86
0.393147 86
0.393147 85
0.393008 85
0.392866 85
0.39276 85
0.392646 85
0.392493 85
0.392493 84
0.392364 84
0.392258 84
0.392124 84
0.391993 84
0.391874 84
0.391725 84
0.391725 83
0.391585 83
0.391466 83
0.391466 82
0.391327 82
0.391198 82
0.391055 82
0.390933 82
0.390933 81
0.390782 81
0.390647 81
0.390508 81
0.390387 81
0.390387 80
0.39026 80
0.390123 80
0.390038 79
0.389907 79
0.389766 79
0.389629 79
0.389504 79
0.389367 79
0.389304 78
0.38916 78
0.389006 78
0.388865 78
0.38873 78
0.388601 78
0.38846 78
0.388329 78
0.388196 78
0.38805 78
0.3879 78
0.387753 78
0.387731 77
0.387625 77
0.38748 77
0.38748 76
0.387344 76
0.387344 75
0.387207 75
0.387082 75
0.386951 75
0.386798 75
0.386682 75
0.386559 75
0.386415 75
0.386356 74
0.386223 74
0.386094 74
0.385945 74
0.385807 74
0.385666 74
0.385666 73
0.385531 73
0.3854 73
0.385265 73
0.385122 73
0.384988 73
0.384841 73
0.384699 73
0.384555 73
0.384417 73
0.384417 72
0.384277 72
0.384148 72
0.384009 72
0.38387 72
0.383733 72
0.38359 72
0.383473 72
0.383334 72
0.383196 72
0.383082 72
0.382937 72
0.382797 72
0.382662 72
0.38253 72
0.382377 72
0.382257 72
0.382128 72
0.381989 72
0.381844 72
0.381714 72
0.381569 72
0.381441 72
0.381341 72
0.381201 72
0.381073 72
0.380954 72
0.380809 72
0.380666 72
0.380519 72
0.380379 72
0.380236 72
0.380123 72
0.379983 72
0.379844 72
0.379707 72
0.379582 72
0.379457 72
0.379328 72
0.379187 72
0.379187 71
0.379045 71
0.378903 71
0.37877 71
0.37864 71
0.378502 71
0.378384 71
0.378246 71
0.378097 71
0.377951 71
0.377812 71
0.377674 71
0.377545 71
0.377402 71
0.377255 71
0.377118 71
0.376984 71
0.376861 71
0.376736 71
0.376606 71
0.376481 71
0.376348 71
0.376207 71
0.376074 71
0.376074 70
0.376074 69
0.375937 69
0.375798 69
0.375664 69
0.37555 69
0.375449 69
0.375312 69
0.375178 69
0.375038 69
0.374907 69
0.37477 69
0.374637 69
0.374511 69
0.374391 69
0.374269 69
0.37413 69
0.373995 69
0.373851 69
0.373717 69
0.373586 69
0.373462 69
0.373349 69
0.373215 69
0.373075 69
0.372934 69
0.372804 69
0.372666 69
0.372522 69
0.372382 69
0.372246 69
0.372108 69
0.371967 69
0.371841 69
0.371716 69
0.371581 69
0.371436 69
0.371296 69
0.371161 69
0.371034 69
0.370922 69
0.370791 69
0.370659 69
0.370515 69
0.370387 69
0.370247 69
0.370124 69
0.369981 69
0.369871 69
0.369732 69
0.369592 69
0.369567 68
0.369567 67
0.369432 67
0.369283 67
0.369169 67
0.369017 67
0.368901 67
0.368775 67
0.368629 67
0.368506 67
0.368364 67
0.368224 67
0.368086 67
0.367952 67
0.367819 67
0.367693 67
0.367561 67
0.367429 67
0.367294 67
0.36715 67
0.367023 67
0.366887 67
0.366744 67
0.366607 67
0.366466 67
0.366321 67
0.366193 67
0.366054 67
0.365919 67
0.365804 67
0.365666 67
0.36553 67
0.3654 67
0.365262 67
0.365119 67
0.364981 67
0.364844 67
0.364753 66
0.364617 66
0.364483 66
0.364361 66
0.364235 66
0.364097 66
0.364097 65
0.363989 65
0.363858 65
0.363735 65
0.363656 65
0.363534 65
0.363395 65
0.36327 65
0.363135 65
0.362987 65
0.362858 65
0.362715 65
0.362574 65
0.362502 64
0.362363 64
0.362363 63
0.362233 63
0.362112 63
0.361967 63
0.361967 62
0.361834 62
0.361693 62
0.361558 62
0.361417 62
0.361275 62
0.361121 62
0.361005 62
0.360859 62
0.360722 62
0.360576 62
0.36044 62
0.360295 62
0.36016 62
0.360016 62
0.359894 62
0.35976 62
0.35962 62
0.359471 62
0.359362 62
0.359215 62
0.359075 62
0.358943 62
0.358805 62
0.358655 62
0.358525 62
0.35839 62
0.358253 62
0.358144 62
0.358002 62
0.357867 62
0.357733 62
0.357594 62
0.35745 62
0.357318 62
0.357174 62
0.357028 62
0.356911 62
0.356771 62
0.356638 62
0.356495 62
0.356365 62
0.356239 62
0.3561 62
0.355959 62
0.355821 62
0.355767 61
0.355639 61
0.355498 61
0.355374 61
0.355245 61
0.355138 61
0.355007 61
0.354871 61
0.354755 61
0.354611 61
0.354465 61
0.354315 61
0.354183 61
0.354183 60
0.35405 60
0.353922 60
0.353782 60
0.353645 60
0.353516 60
0.353382 60
0.353231 60
0.353089 60
0.352979 60
0.352845 60
0.352711 60
0.352591 60
0.35246 60
0.352356 60
0.352236 60
0.352097 60
0.351949 60
0.351814 60
0.351814 59
0.351673 59
0.351542 59
0.351416 59
0.351278 59
0.351162 59
0.351053 59
0.350943 59
0.350943 58
0.350789 58
0.350631 58
0.350487 58
0.350348 58
0.350204 58
0.350074 58
0.349942 58
0.349793 58
0.349682 58
0.349541 58
0.349411 58
0.349279 58
0.34914 58
0.349012 58
0.348873 58
0.348732 58
0.348582 58
0.348324 58
0.348236 57
0.348124 57
0.347983 57
0.34784 57
0.347699 57
0.34756 57
0.347432 57
0.347302 57
0.347159 57
0.347037 57
0.346902 57
0.34676 57
0.346629 57
0.346488 57
0.346344 57
0.346204 57
0.346078 57
0.345942 57
0.3458 57
0.345653 57
0.34552 57
0.345398 57
0.345267 57
0.345133 57
0.344991 57
0.344854 57
0.344726 57
0.344583 57
0.344459 57
0.344337 57
0.344209 57
0.344067 57
0.343933 57
0.343785 57
0.343652 57
0.343514 57
0.34337 57
0.343222 57
0.343077 57
0.343038 56
0.342891 56
0.342891 55
0.342758 55
0.342611 55
0.342469 55
0.342324 55
0.342191 55
0.342055 55
0.341917 55
0.341774 55
0.341665 55
0.341532 55
0.341408 55
0.341283 55
0.341139 55
0.341001 55
0.340879 55
0.340879 54
0.340752 54
0.340608 54
0.340487 54
0.340343 54
0.340207 54
0.340091 54
0.339956 54
0.339806 54
0.339786 53
0.339657 53
0.33937 53
0.339237 53
0.339093 53
0.338951 53
0.338815 53
0.338672 53
0.338529 53
0.338385 53
0.338248 53
0.338138 53
0.338009 53
0.337898 53
0.33777 53
0.33777 52
0.337633 52
0.337633 51
0.337492 51
0.337348 51
0.337204 51
0.337066 51
0.336924 51
0.336779 51
0.336635 51
0.336492 51
0.336492 50
0.336492 49
0.336352 49
0.336216 49
0.33607 49
0.335929 49
0.335787 49
0.335787 48
0.335648 48
0.335506 48
0.335402 48
0.335264 48
0.335125 48
0.334992 48
0.334854 48
0.334717 48
0.334569 48
0.33453 47
0.33442 47
0.33442 46
0.334286 46
0.334158 46
0.334021 46
0.333894 46
0.333752 46
0.333628 46
0.333496 46
0.333351 46
0.333209 46
0.333071 46
0.332955 46
0.33283 46
0.332687 46
0.332687 45
0.332559 45
0.332433 45
0.332292 45
0.332181 45
0.332075 45
0.331952 45
0.331808 45
0.331691 45
0.33154 45
0.331396 45
0.331242 45
0.331108 45
0.331108 44
0.330971 44
0.330839 44
0.330778 43
0.330644 43
0.33051 43
0.330368 43
0.330228 43
0.330228 42
0.330096 42
0.329957 42
0.32982 42
0.329716 42
0.329578 42
0.329423 42
0.329295 42
0.329148 42
0.329003 42
0.328883 42
0.328731 42
0.328589 42
0.328465 42
0.328338 42
0.3282 42
0.328065 42
0.327935 42
0.327829 42
0.32769 42
0.327551 42
0.327414 42
0.327267 42
0.327133 42
0.326998 42
0.326883 42
0.326742 42
0.326607 42
0.326606 41
0.326493 41
0.326387 41
0.32625 41
0.326108 41
0.325972 41
0.325838 41
0.3257 41
0.325556 41
0.325412 41
0.325281 41
0.325148 41
0.325003 41
0.324849 41
0.324712 41
0.324572 41
0.324425 41
0.32428 41
0.324143 41
0.324001 41
0.323881 41
0.323737 41
0.323601 41
0.323464 41
0.323331 41
0.323168 41
0.323023 41
0.322876 41
0.32273 41
0.322601 41
0.322467 41
0.322332 41
0.322195 41
0.32206 41
0.32193 41
0.321788 41
0.321649 41
0.321506 41
0.321364 41
0.321222 41
0.321096 41
0.32098 41
0.320848 41
0.320718 41
0.320594 41
0.320481 41
0.320347 41
0.320221 41
0.320086 41
0.319972 41
0.319832 41
0.319832 40
0.319693 40
0.31955 40
0.319415 40
0.319281 40
0.319281 39
0.319143 39
0.319007 39
0.318866 39
0.318719 39
0.3186 39
0.318458 39
0.318341 39
0.3182 39
0.3182 38
0.318067 38
0.317929 38
0.317802 38
0.31766 38
0.317538 38
0.317389 38
0.317239 38
0.317098 38
0.316955 38
0.316811 38
0.316677 38
0.316536 38
0.316409 38
0.316266 38
0.316176 37
0.316055 37
0.315916 37
0.315781 37
0.31565 37
0.315534 37
0.315401 37
0.315258 37
0.315114 37
0.314978 37
0.314857 37
0.314724 37
0.31458 37
0.314431 37
0.314276 37
0.314133 37
0.313997 37
0.31397 36
0.313844 36
0.313703 36
0.313703 35
0.313567 35
0.31343 35
0.313298 35
0.313152 35
0.313014 35
0.312882 35
0.312629 35
0.312481 35
0.312349 35
0.312204 35
0.312062 35
0.311927 35
0.311791 35
0.31165 35
0.311506 35
0.311383 35
0.311244 35
0.31111 35
0.310969 35
0.310855 35
0.310715 35
0.310578 35
0.31056 34
0.310431 34
0.31031 34
0.310166 34
0.310027 34
0.309884 34
0.309763 34
0.309617 34
0.30948 34
0.309343 34
0.309202 34
0.309067 34
0.308936 34
0.308796 34
0.308662 34
0.308536 34
0.30839 34
0.308247 34
0.308108 34
0.307975 34
0.307837 34
0.307697 34
0.30756 34
0.30742 34
0.307284 34
0.307152 34
0.307047 34
0.306901 34
0.306763 34
0.306629 34
0.306504 34
0.306372 34
0.306229 34
0.30609 34
0.305964 34
0.305826 34
0.305555 34
0.305417 34
0.305279 34
0.305148 34
0.305024 34
0.304936 34
0.304799 34
0.304714 34
0.304569 34
0.304442 34
0.304298 34
0.304161 34
0.30401 34
0.303877 34
0.303752 34
0.3036 34
0.303451 34
0.303318 34
0.303167 34
0.303042 34
0.302906 34
0.302771 34
0.302655 34
0.302517 34
0.302374 34
0.302239 34
0.302125 34
0.301983 34
0.301695 34
0.301574 34
0.301429 34
0.301286 34
0.301139 34
0.301004 34
0.300868 34
0.300739 34
0.300591 34
0.300461 34
0.300336 34
0.300053 34
0.299925 34
0.299778 34
0.299646 34
0.299516 34
0.29923 34
0.299087 34
0.298955 34
0.298812 34
0.29866 34
0.298531 34
0.298403 34
0.298287 34
0.298157 34
0.29801 34
0.297856 34
0.297715 34
0.297575 34
0.297436 34
0.297304 34
0.297154 34
0.297013 34
0.296876 34
0.296731 34
0.296579 34
0.296447 34
0.296311 34
0.296177 34
0.296035 34
0.295918 34
0.295782 34
0.295646 34
0.295505 34
0.29537 34
0.295237 34
0.295095 34
0.294955 34
0.294823 34
0.294682 34
0.294539 34
0.294404 34
0.294263 34
0.294171 33
0.294028 33
0.29389 33
0.293751 33
0.293634 33
0.293502 33
0.293373 33
0.293224 33
0.29308 33
0.292943 33
0.292811 33
0.292709 33
0.292571 33
0.292426 33
0.292294 33
0.292159 33
0.292018 33
0.291741 33
0.291613 33
0.29147 33
0.291331 33
0.291217 33
0.291061 33
0.29092 33
0.290769 33
0.290635 33
0.290489 33
0.290354 33
0.290215 33
0.290079 33
0.290043 32
0.28991 32
0.289775 32
0.289635 32
0.289508 32
0.289367 32
0.289233 32
0.289089 32
0.288966 32
0.288813 32
0.288673 32
0.288532 32
0.288407 32
0.288279 32
0.288139 32
0.288004 32
0.287871 32
0.287726 32
0.287578 32
0.287451 32
0.287445 31
0.287327 31
0.287176 31
0.287051 31
0.286922 31
0.286792 31
0.286653 31
0.286509 31
0.286362 31
0.286216 31
0.286077 31
0.285942 31
0.285804 31
0.285665 31
0.285523 31
0.285391 31
0.285251 31
0.28511 31
0.284985 31
0.284847 31
0.284703 31
0.284563 31
0.284414 31
0.284276 31
0.284149 31
0.284004 31
0.283869 31
0.283724 31
0.283595 31
0.283448 31
0.283316 31
0.283204 31
0.283057 31
0.282955 31
0.282817 31
0.282711 31
0.282569 31
0.282423 31
0.282281 31
0.28214 31
0.282002 31
0.281863 31
0.281631 31
0.281533 31
0.281379 31
0.281235 31
0.281103 31
0.280961 31
0.280814 31
0.280676 31
0.280536 31
0.280421 31
0.280287 31
0.280145 31
0.280034 31
0.279893 31
0.27976 31
0.279622 31
0.279503 31
0.279392 31
0.279239 31
0.279104 31
0.278977 31
0.278852 31
0.278703 31
0.27856 31
0.278284 31
0.278152 31
0.278019 31
0.27788 31
0.277741 31
0.277601 31
0.277458 31
0.277325 31
0.277182 31
0.277047 31
0.276909 31
0.276761 31
0.276618 31
0.276479 31
0.276336 31
0.276336 30
0.27619 30
0.276053 30
0.275933 30
0.275798 30
0.275707 29
0.275569 29
0.275468 29
0.275329 29
0.275179 29
0.275051 29
0.274913 29
0.274779 29
0.27463 29
0.274522 29
0.274387 29
0.274266 29
0.274138 29
0.273995 29
0.273856 29
0.273717 29
0.27359 29
0.273438 29
0.273312 29
0.273191 29
0.273071 29
0.272922 29
0.272779 29
0.27263 29
0.272489 29
0.272344 29
0.27221 29
0.27206 29
0.271915 29
0.271777 29
0.271635 29
0.271508 29
0.271372 29
0.271229 29
0.271082 29
0.270966 29
0.270827 29
0.270686 29
0.270545 29
0.270406 29
0.270265 29
0.270137 29
0.269995 29
0.269858 29
0.26972 29
0.269579 29
0.269453 29
0.269311 29
0.269179 29
0.26906 29
0.268915 29
0.268781 29
0.268781 28
0.268648 28
0.268523 28
0.268399 28
0.26827 28
0.268142 28
0.26801 28
0.267865 28
0.267722 28
0.267581 28
0.26745 28
0.26731 28
0.267191 28
0.26704 28
0.266908 28
0.266769 28
0.266643 28
0.266514 28
0.26638 28
0.266246 28
0.266144 28
0.266011 28
0.266011 27
0.265864 27
0.265721 27
0.265587 27
0.265451 27
0.265321 27
0.26519 27
0.265044 27
0.264916 27
0.26478 27
0.264632 27
0.264508 27
0.264379 27
0.26423 27
0.264092 27
0.263957 27
0.263827 27
0.263693 27
0.263556 27
0.263425 27
0.263288 27
0.263148 27
0.262995 27
0.262856 27
0.262715 27
0.26257 27
0.262421 27
0.262272 27
0.262128 27
0.261993 27
0.261893 27
0.261756 27
0.261607 27
0.261482 27
0.261432 26
0.261301 26
0.261155 26
0.261018 26
0.260868 26
0.260731 26
0.260583 26
0.260446 26
0.26032 26
0.260196 26
0.260049 26
0.259909 26
0.259763 26
0.259634 26
0.259634 25
0.259493 25
0.259348 25
0.259202 25
0.259073 25
0.258929 25
0.258794 25
0.258662 25
0.258522 25
0.258377 25
0.258255 25
0.258119 25
0.257973 25
0.25785 25
0.257716 25
0.257577 25
0.257431 25
0.257294 25
0.257174 25
0.257035 25
0.256891 25
0.256756 25
0.256636 25
0.256497 25
0.256357 25
0.256213 25
0.256066 25
0.255932 25
0.255787 25
0.255642 25
0.255508 25
0.255367 25
0.255238 25
0.255104 25
0.25497 25
0.254838 25
0.254707 25
0.254578 25
0.254439 25
0.254297 25
0.254152 25
0.254013 25
0.25387 25
0.253731 25
0.253578 25
0.25345 25
0.25345 24
0.253313 24
0.253183 24
0.253047 24
0.2529 24
0.252792 24
0.252654 24
0.252514 24
0.252381 24
0.252237 24
0.252107 24
0.251968 24
0.25185 24
0.251713 24
0.25159 24
0.251458 24
0.251319 24
0.251191 24
0.251045 24
0.25091 24
0.250775 24
0.25063 24
0.250492 24
0.250363 24
0.250231 24
0.250098 24
0.249962 24
0.24983 24
0.249702 24
0.249558 24
0.249413 24
0.249279 24
0.24914 24
0.249003 24
0.248878 24
0.248875 23
0.248727 23
0.248584 23
0.248435 23
0.248298 23
0.248172 23
0.248036 23
0.247903 23
0.247759 23
0.247621 23
0.247482 23
0.247351 23
0.247217 23
0.247075 23
0.246932 23
0.246793 23
0.246681 23
0.246641 22
0.246508 22
0.246358 22
0.246226 22
0.246085 22
0.245946 22
0.245846 22
0.245697 22
0.245562 22
0.245412 22
0.24527 22
0.245137 22
0.244979 22
0.244831 22
0.244712 22
0.244597 22
0.244457 22
0.244366 21
0.244223 21
0.244091 21
0.243825 21
0.243687 21
0.24355 21
0.243423 21
0.243307 21
0.243184 21
0.243049 21
0.242901 21
0.242764 21
0.242629 21
0.24254 20
0.242411 20
0.242256 20
0.24212 20
0.241976 20
0.24184 20
0.241715 20
0.241576 20
0.241426 20
0.241284 20
0.241136 20
0.241007 20
0.240866 20
0.240707 20
0.24057 20
0.240437 20
0.240289 20
0.240159 20
0.240014 20
0.239868 20
0.239731 20
0.239589 20
0.239457 20
0.239323 20
0.23919 20
0.239049 20
0.23891 20
0.238782 20
0.238624 20
0.238484 20
0.238342 20
0.238219 20
0.23808 20
0.237947 20
0.23781 20
0.237672 20
0.237538 20
0.237391 20
0.237261 20
0.237123 20
0.236992 20
0.236852 20
0.23674 20
0.236592 20
0.236453 20
0.236317 20
0.236174 20
0.236028 20
0.236028 19
0.235886 19
0.235746 19
0.235601 19
0.235478 19
0.235336 19
0.235195 19
0.235068 19
0.23493 19
0.234786 19
0.234641 19
0.234502 19
0.234356 19
0.234222 19
0.234087 19
0.233946 19
0.233807 19
0.233774 18
0.233636 18
0.233497 18
0.23336 18
0.233223 18
0.233091 18
0.232943 18
0.232799 18
0.232659 18
0.232517 18
0.232383 18
0.232263 18
0.232125 18
0.231992 18
0.231861 18
0.231715 18
0.231585 18
0.231438 18
0.231311 18
0.231177 18
0.231032 18
0.230901 18
0.230795 18
0.230646 18
0.23051 18
0.230409 18
0.230273 18
0.230136 18
0.230008 18
0.229857 18
0.229705 18
0.229557 18
0.229422 18
0.229273 18
0.229141 18
0.228988 18
0.228849 18
0.228712 18
0.228566 18
0.228433 18
0.228293 18
0.228154 18
0.228009 18
0.227867 18
0.227733 18
0.227607 18
0.227462 18
0.227324 18
0.227185 18
0.227041 18
0.226901 18
0.226776 18
0.226642 18
0.226522 18
0.226388 18
0.226249 18
0.226106 18
0.225968 18
0.225831 18
0.225702 18
0.225579 18
0.225441 18
0.225302 18
0.225162 18
0.225027 18
0.224891 18
0.224751 18
0.224695 17
0.224559 17
0.224423 17
0.224277 17
0.224136 17
0.223997 17
0.223858 17
0.223717 17
0.223577 17
0.223444 17
0.223302 17
0.223159 17
0.223014 17
0.222895 17
0.222761 17
0.222617 17
0.222481 17
0.222337 17
0.222201 17
0.222054 17
0.221903 17
0.221769 17
0.221627 17
0.22149 17
0.221346 17
0.221202 17
0.221061 17
0.22093 17
0.220792 17
0.220652 17
0.220512 17
0.220368 17
0.220227 17
0.220085 17
0.219943 17
0.219798 17
0.219659 17
0.219535 17
0.219396 17
0.219256 17
0.219108 17
0.21896 17
0.21883 17
0.218702 17
0.218568 17
0.218416 17
0.218287 17
0.21815 17
0.218 17
0.217851 17
0.217747 17
0.217608 17
0.217447 17
0.217299 17
0.217173 17
0.217053 17
0.216901 17
0.21678 17
0.216641 17
0.2165 17
0.216356 17
0.216215 17
0.216088 17
0.215957 17
0.215826 17
0.215688 17
0.215547 17
0.215423 17
0.215291 17
0.215181 17
0.215045 17
0.214938 17
0.2148 17
0.214655 17
0.214525 17
0.21438 17
0.214236 17
0.214107 17
0.213956 17
0.213824 17
0.213689 17
0.213573 17
0.213428 17
0.213299 17
0.213159 17
0.213019 17
0.212874 17
0.21274 17
0.212603 17
0.212464 17
0.212328 17
0.212187 17
0.212046 17
0.211899 17
0.211759 17
0.211623 17
0.211486 17
0.211355 17
0.21122 17
0.211082 17
0.210939 17
0.210791 17
0.210649 17
0.210512 17
0.210414 17
0.210277 17
0.210144 17
0.21 17
0.209912 16
0.209766 16
0.209626 16
0.209486 16
0.209343 16
0.209215 16
0.209071 16
0.208932 16
0.208793 16
0.208644 16
0.208503 16
0.208378 16
0.208238 16
0.208105 16
0.208069 15
0.207927 15
0.207813 15
0.207668 15
0.207532 15
0.207388 15
0.20725 15
0.207108 15
0.206977 15
0.206849 15
0.206718 15
0.206574 15
0.20644 15
0.2063 15
0.206197 15
0.206057 15
0.205907 15
0.20576 15
0.205618 15
0.20548 15
0.205345 15
0.205226 15
0.205081 15
0.204947 15
0.204815 15
0.204671 15
0.204533 15
0.204402 15
0.204271 15
0.20413 15
0.203986 15
0.203846 15
0.203703 15
0.203581 15
0.203468 15
0.203336 15
0.203212 15
0.203079 15
0.202934 15
0.202805 15
0.202657 15
0.202506 15
0.202374 15
0.202241 15
0.202118 15
0.201974 15
0.201842 15
0.201715 15
0.201578 15
0.201443 15
0.201304 15
0.201187 15
0.201044 15
0.200893 15
0.200751 15
0.200601 15
0.20046 15
0.200316 15
0.200162 15
0.200032 15
0.199905 15
0.199905 14
0.19977 14
0.19963 14
0.199493 14
0.199364 14
0.199227 14
0.199104 14
0.198964 14
0.198831 14
0.198683 14
0.198558 14
0.198426 14
0.198288 14
0.198147 14
0.198013 14
0.197878 14
0.197738 14
0.197587 14
0.197447 14
0.197303 14
0.197162 14
0.19702 14
0.196885 14
0.196736 14
0.196593 14
0.196461 14
0.19631 14
0.196175 14
0.196026 14
0.195897 14
0.195749 14
0.195612 14
0.195468 14
0.195337 14
0.195195 14
0.195051 14
0.194927 14
0.194782 14
0.194646 14
0.194505 14
0.194357 14
0.194221 14
0.194076 14
0.193941 14
0.193798 14
0.193658 14
0.193518 14
0.193371 14
0.193236 14
0.193105 14
0.192964 14
0.192825 14
0.192681 14
0.192531 14
0.192405 14
0.192273 14
0.192131 14
0.192131 13
0.192008 13
0.191867 13
0.19176 13
0.191623 13
0.191471 13
0.191335 13
0.191195 13
0.19106 13
0.190922 13
0.190781 13
0.190657 13
0.190521 13
0.190387 13
0.190245 13
0.190114 13
0.189979 13
0.189838 13
0.189695 13
0.189569 13
0.189425 13
0.189425 12
0.189276 12
0.189134 12
0.188987 12
0.188877 12
0.18875 12
0.188629 12
0.188484 12
0.188344 12
0.188203 12
0.188068 12
0.187929 12
0.187786 12
0.187659 12
0.187515 12
0.187381 12
0.187271 12
0.187125 12
0.186988 12
0.186855 12
0.186709 12
0.186591 12
0.186451 12
0.186319 12
0.186182 12
0.186044 12
0.18589 12
0.185749 12
0.185641 12
0.185504 12
0.185369 12
0.185223 12
0.185094 12
0.184945 12
0.184799 12
0.184654 12
0.184533 12
0.184533 11
0.184384 11
0.184252 11
0.184116 11
0.183972 11
0.183826 11
0.18369 11
0.183549 11
0.183425 11
0.183285 11
0.183146 11
0.183043 11
0.182942 11
0.182802 11
0.182656 11
0.182513 11
0.182375 11
0.182234 11
0.182097 11
0.181959 11
0.18182 11
0.1817 11
0.181571 11
0.181418 11
0.181287 11
0.181146 11
0.181043 11
0.180897 11
0.180766 11
0.180623 11
0.180331 11
0.180189 11
0.180056 11
0.179925 11
0.179797 11
0.179661 11
0.179518 11
0.179371 11
0.179226 11
0.17908 11
0.178974 11
0.178837 11
0.178702 11
0.178569 11
0.178424 11
0.178273 11
0.178138 11
0.177992 11
0.177844 11
0.1777 11
0.177554 11
0.177416 11
0.177274 11
0.177126 11
0.176983 11
0.176835 11
0.176695 11
0.176551 11
0.176403 11
0.176241 11
0.1761 11
0.175972 11
0.175829 11
0.175699 11
0.175559 11
0.175436 11
0.1753 11
0.175159 11
0.175028 11
0.174902 11
0.174759 11
0.174612 11
0.174472 11
0.17434 11
0.174196 11
0.174052 11
0.173905 11
0.173777 11
0.17363 11
0.173501 11
0.173358 11
0.173218 11
0.173098 11
0.172951 11
0.172818 11
0.172684 11
0.17254 11
0.172391 11
0.172253 11
0.172121 11
0.171982 11
0.171835 11
0.171693 11
0.171565 11
0.17142 11
0.171269 11
0.171138 11
0.170997 11
0.170856 11
0.170748 11
0.170615 11
0.170483 11
0.170335 11
0.170211 11
0.170078 11
0.169932 11
0.169796 11
0.169663 11
0.169519 11
0.169375 11
0.169234 11
0.169112 11
0.168981 11
0.168864 11
0.168743 11
0.168605 11
0.168464 11
0.168327 11
0.168186 11
0.168064 11
0.167923 11
0.1678 11
0.167673 11
0.167531 11
0.167394 11
0.167252 11
0.167112 11
0.166976 11
0.166856 11
0.16672 11
0.166576 11
0.166433 11
0.166294 11
0.166171 11
0.166028 11
0.165891 11
0.165749 11
0.16562 11
0.165488 11
0.165357 11
0.165233 11
0.165095 11
0.164972 11
0.164833 11
0.164699 11
0.164555 11
0.164408 11
0.164273 11
0.164139 11
0.164032 11
0.163898 11
0.163759 11
0.163617 11
0.163475 11
0.163331 11
0.163198 11
0.163049 11
0.162913 11
0.162772 11
0.162629 11
0.162489 11
0.162389 11
0.16225 11
0.162104 11
0.161968 11
0.161846 11
0.161723 11
0.161587 11
0.161458 11
0.161317 11
0.161179 11
0.16103 11
0.160888 11
0.160746 11
0.160597 11
0.160452 11
0.160169 11
0.160027 11
0.159887 11
0.159743 11
0.159596 11
0.159453 11
0.159318 11
0.159188 11
0.15904 11
0.158904 11
0.158767 11
0.158618 11
0.158479 11
0.158355 11
0.158219 11
0.158075 11
0.157933 11
0.15779 11
0.157653 11
0.157511 11
0.157375 11
0.157228 11
0.157102 11
0.156957 11
0.156822 11
0.15669 11
0.15655 11
0.156425 11
0.156275 11
0.156129 11
0.156 11
0.155876 11
0.155729 11
0.155616 11
0.155475 11
0.155323 11
0.155185 11
0.155043 11
0.154889 11
0.154742 11
0.154608 11
0.154478 11
0.154351 11
0.154205 11
0.154072 11
0.153968 11
0.153833 11
0.153833 10
0.153699 10
0.15357 10
0.15343 10
0.153301 10
0.153164 10
0.153044 10
0.152902 10
0.152765 10
0.152628 10
0.152496 10
0.152371 10
0.152225 10
0.152083 10
0.151945 10
0.151806 10
0.151673 10
0.151525 10
0.151392 10
0.151248 10
0.151126 10
0.150991 10
0.150847 10
0.150705 10
0.150584 10
0.150446 10
0.150301 10
0.150156 10
0.150015 10
0.149874 10
0.149745 10
0.149602 10
0.149465 10
0.149311 10
0.149171 10
0.149053 10
0.148915 10
0.148789 10
0.148651 10
0.148509 10
0.148376 10
0.148236 10
0.148101 10
0.147953 10
0.147809 10
0.147664 10
0.14753 10
0.147389 10
0.147242 10
0.147111 10
0.14699 10
0.146868 10
0.146721 10
0.146582 10
0.146449 10
0.146315 10
0.146185 10
0.146033 10
0.145897 10
0.145751 10
0.145604 10
0.145464 10
0.145319 10
0.14519 10
0.145047 10
0.144907 10
0.14476 10
0.144625 10
0.144501 10
0.144353 10
0.144205 10
0.144054 10
0.143914 10
0.143775 10
0.143631 10
0.143492 10
0.143354 10
0.143218 10
0.143091 10
0.142944 10
0.142796 10
0.14265 10
0.142504 10
0.14238 10
0.142242 10
0.142105 10
0.141959 10
0.141823 10
0.14168 10
0.141539 10
0.141396 10
0.141251 10
0.141111 10
0.140969 10
0.140861 10
0.140713 10
0.140576 10
0.140423 10
0.140277 10
0.140126 10
0.139994 10
0.139851 10
0.139717 10
0.139577 10
0.139434 10
0.139299 10
0.139154 10
0.139009 10
0.13887 10
0.13887 9
0.138739 9
0.138591 9
0.13846 9
0.138311 9
0.138179 9
0.138179 8
0.138045 8
0.13791 8
0.13776 8
0.13761 8
0.137467 8
0.137326 8
0.137186 8
0.137043 8
0.136906 8
0.13676 8
0.136616 8
0.136468 8
0.136329 8
0.136173 8
0.136042 8
0.135903 8
0.135771 8
0.135668 8
0.135536 8
0.135391 8
0.135251 8
0.135111 8
0.134964 8
0.134831 8
0.134696 8
0.134555 8
0.134405 8
0.134274 8
0.13413 8
0.133989 8
0.133863 8
0.133717 8
0.133571 8
0.133447 8
0.133297 8
0.133162 8
0.13303 8
0.132899 8
0.132766 8
0.132624 8
0.132471 8
0.132332 8
0.132188 8
0.132049 8
0.131908 8
0.131758 8
0.13163 8
0.131503 8
0.131355 8
0.131218 8
0.131081 8
0.13094 8
0.1308 8
0.130651 8
0.130508 8
0.130361 8
0.130237 8
0.130095 8
0.12997 8
0.129846 8
0.129714 8
0.12957 8
0.129418 8
0.129285 8
0.129151 8
0.129041 8
0.128889 8
0.128754 8
0.128617 8
0.128475 8
0.12833 8
0.128209 8
0.128063 8
0.127929 8
0.127779 8
0.127635 8
0.127499 8
0.127362 8
0.127223 8
0.12708 8
0.126945 8
0.126804 8
0.126653 8
0.126518 8
0.126373 8
0.126241 8
0.126101 8
0.125982 8
0.125858 8
0.125717 8
0.125443 8
0.125301 8
0.125163 8
0.125018 8
0.124875 8
0.124732 8
0.124606 8
0.124472 8
0.124472 7
0.124328 7
0.124203 7
0.124053 7
0.123914 7
0.123764 7
0.123622 7
0.123472 7
0.123331 7
0.123183 7
0.123037 7
0.122898 7
0.12278 7
0.122646 7
0.122526 7
0.12239 7
0.122254 7
0.122111 7
0.121985 7
0.121866 7
0.121717 7
0.121576 7
0.121434 7
0.121297 7
0.121188 7
0.121051 7
0.120909 7
0.120802 7
0.120658 7
0.120545 7
0.120398 7
0.120253 7
0.120122 7
0.11999 7
0.119844 7
0.119704 7
0.119566 7
0.119415 7
0.11927 7
0.119127 7
0.118989 7
0.118846 7
0.118704 7
0.118579 7
0.118434 7
0.118322 7
0.118184 7
0.11806 7
0.11792 7
0.11777 7
0.117635 7
0.117485 7
0.117345 7
0.117226 7
0.117082 7
0.11694 7
0.116793 7
0.116652 7
0.11651 7
0.116372 7
0.116248 7
0.116107 7
0.115982 7
0.115841 7
0.1157 7
0.115572 7
0.115429 7
0.115274 7
0.11512 7
0.114981 7
0.114836 7
0.114705 7
0.114577 7
0.114445 7
0.114299 7
0.114162 7
0.114024 7
0.113887 7
0.113749 7
0.113609 7
0.113467 7
0.11333 7
0.113178 7
0.11303 7
0.112889 7
0.112759 7
0.112629 7
0.112475 7
0.112333 7
0.11219 7
0.112044 7
0.1119 7
0.111759 7
0.111617 7
0.111475 7
0.111333 7
0.111198 7
0.11107 7
0.110918 7
0.110769 7
0.110635 7
0.110493 7
0.110348 7
0.110206 7
0.11007 7
0.109973 6
0.109847 6
0.109707 6
0.109588 6
0.109444 6
0.109312 6
0.109162 6
0.109021 6
0.108868 6
0.10873 6
0.108614 6
0.108325 6
0.108189 6
0.108048 6
0.107904 6
0.107758 6
0.107617 6
0.107474 6
0.107335 6
0.107198 6
0.107058 6
0.106913 6
0.106791 6
0.106653 6
0.106512 6
0.106367 6
0.106232 6
0.106086 6
0.105947 6
0.1058 6
0.105669 6
0.105531 6
0.105386 6
0.105248 6
0.105106 6
0.104974 6
0.10483 6
0.104685 6
0.104538 6
0.104394 6
0.104263 6
0.104118 6
0.10398 6
0.103832 6
0.103694 6
0.103575 6
0.103436 6
0.103288 6
0.10315 6
0.103002 6
0.102867 6
0.102725 6
0.102575 6
0.102439 6
0.102304 6
0.102161 6
0.10203 6
0.101891 6
0.101768 6
0.101638 6
0.101497 6
0.101357 6
0.101219 6
0.101075 6
0.100796 6
0.100652 6
0.100506 6
0.100364 6
0.10024 6
0.1001 6
0.0999578 6
0.0999578 5
0.0998259 5
0.0996906 5
0.0995512 5
0.0994092 5
0.0992659 5
0.0991204 5
0.0989841 5
0.0988402 5
0.0987136 5
0.0985749 5
0.0984365 5
0.0982973 5
0.0981636 5
0.0980323 5
0.0978943 5
0.09775 5
0.0976187 5
0.0974846 5
0.0973449 5
0.0972133 5
0.0970803 5
0.096946 5
0.0968082 5
0.0966636 5
0.0965136 5
0.0963673 5
0.0962202 5
0.0960713 5
0.0959415 5
0.0958167 5
0.0956759 5
0.0955384 5
0.0953961 5
0.0952473 5
0.0950983 5
0.0949673 5
0.0948382 5
0.094686 5
0.0945438 5
0.0943957 5
0.0942603 5
0.0941224 5
0.0939934 5
0.093844 5
0.0937062 5
0.0935627 5
0.0934278 5
0.093302 5
0.0931586 5
0.0930229 5
0.0928823 5
0.0927201 5
0.0925723 5
0.0924403 5
0.0923121 5
0.0921882 5
0.0920559 5
0.0919127 5
0.0917726 5
0.0916403 5
0.0915036 5
0.0913613 5
0.0912177 5
0.0910862 5
0.0909472 5
0.090798 5
0.0906667 5
0.0905239 5
0.0903893 5
0.090247 5
0.0901262 5
0.0899847 5
0.0898458 5
0.0897029 5
0.0895482 5
0.0894004 5
0.0892475 5
0.0891199 5
0.0889645 5
0.088846 5
0.0887069 5
0.08858 5
0.0884357 5
0.0882944 5
0.0881769 5
0.0880506 5
0.0879111 5
0.0877709 5
0.0876391 5
0.0875028 5
0.0873593 5
0.0872282 5
0.0871014 5
0.0869547 5
0.0868182 5
0.0866703 5
0.0865273 5
0.0863733 5
0.0862489 5
0.0861034 5
0.0859545 5
0.0858152 5
0.0856687 5
0.0855457 5
0.0854249 5
0.0852849 5
0.085146 5
0.0850035 5
0.0848904 5
0.0847574 5
0.0846204 5
0.0844676 5
0.0843384 5
0.0842049 5
0.0840649 5
0.0839214 5
0.0837769 5
0.0836286 5
0.0834795 5
0.0833467 5
0.0832072 5
0.0830671 5
0.0829324 5
0.0828102 5
0.0826629 5
0.0825121 5
0.0823626 5
0.082229 5
0.0820959 5
0.0819646 5
0.0818363 5
0.0817034 5
0.0815731 5
0.081448 5
0.0813128 5
0.08119 5
0.0810524 5
0.080916 5
0.0807833 5
0.0806471 5
0.0805125 5
0.0803871 5
0.080232 5
0.0801027 5
0.0799607 5
0.0798178 5
0.0796768 5
0.0795365 5
0.0793904 5
0.0792516 5
0.0791181 5
0.0789763 5
0.0788281 5
0.0786884 5
0.0785542 5
0.0784308 5
0.0782871 5
0.0781565 5
0.0780198 5
0.0778808 5
0.0777425 5
0.0776194 5
0.077489 5
0.0773491 5
0.0772216 5
0.077081 5
0.0769468 5
0.0768154 5
0.0766741 5
0.0765299 5
0.0764029 5
0.0762616 5
0.0761311 5
0.075991 5
0.0758463 5
0.0757068 5
0.0755833 5
0.0754356 5
0.0753021 5
0.0751705 5
0.0750287 5
0.0748927 5
0.0747552 5
0.0746299 5
0.074486 5
0.0743662 5
0.0742746 4
0.0741343 4
0.0739848 4
0.0738524 4
0.0737243 4
0.073576 4
0.0734396 4
0.0732981 4
0.0731579 4
0.0730198 4
0.0728919 4
0.0727528 4
0.0726115 4
0.0724644 4
0.072325 4
0.0721822 4
0.0720416 4
0.071896 4
0.0717555 4
0.0716116 4
0.071489 4
0.0713444 4
0.0712183 4
0.071082 4
0.07095 4
0.0708166 4
0.0706695 4
0.0705282 4
0.0703806 4
0.0702584 4
0.0701188 4
0.0699936 4
0.0698594 4
0.0697196 4
0.0695635 4
0.0694208 4
0.0692873 4
0.0691544 4
0.0690061 4
0.0688612 4
0.0687193 4
0.0685944 4
0.0684483 4
0.0683133 4
0.0681682 4
0.0680505 4
0.0679056 4
0.0677607 4
0.0676574 4
0.0675207 4
0.067384 4
0.067256 4
0.0671157 4
0.0669769 4
0.0668332 4
0.0666954 4
0.0665829 4
0.0664491 4
0.0663126 4
0.06616 4
0.0660225 4
0.0659025 4
0.0657674 4
0.0656381 4
0.0654924 4
0.0653478 4
0.0652042 4
0.0650614 4
0.0649455 4
0.0648148 4
0.0646661 4
0.0645229 4
0.0643866 4
0.0642512 4
0.0641063 4
0.0639582 4
0.0638252 4
0.063682 4
0.0635575 4
0.0634113 4
0.0632651 4
0.063143 4
0.0630065 4
0.0628691 4
0.0627308 4
0.0625804 4
0.0624432 4
0.0623204 4
0.0621723 4
0.062039 4
0.0618969 4
0.0617694 4
0.0616774 3
0.0615264 3
0.0613935 3
0.0612543 3
0.0611245 3
0.0610189 3
0.0608686 3
0.0607329 3
0.0606106 3
0.0604742 3
0.0603452 3
0.0602052 3
0.0600689 3
0.0599352 3
0.0598026 3
0.0596627 3
0.0595217 3
0.0593793 3
0.0592337 3
0.059093 3
0.0589663 3
0.0588205 3
0.0586817 3
0.058544 3
0.0584165 3
0.0582842 3
0.0581466 3
0.0580034 3
0.0578709 3
0.0577305 3
0.0576118 3
0.0574641 3
0.0574419 2
0.0573 2
0.0571851 2
0.0570563 2
0.0569123 2
0.0567673 2
0.0566264 2
0.0564906 2
0.0563496 2
0.0562088 2
0.0560609 2
0.0559226 2
0.0557976 2
0.0556857 2
0.0555501 2
0.05541 2
0.0552747 2
0.0551478 2
0.0550061 2
0.054877 2
0.0547422 2
0.0545952 2
0.0544566 2
0.054312 2
0.0542075 2
0.0540963 2
0.0539488 2
0.0538336 2
0.0536893 2
0.0535395 2
0.0534089 2
0.0532654 2
0.053121 2
0.0529728 2
0.0528363 2
0.052693 2
0.0525524 2
0.0524089 2
0.052265 2
0.0521243 2
0.0519948 2
0.0518508 2
0.0517153 2
0.0515836 2
0.0514347 2
0.0512977 2
0.0511608 2
0.0510224 2
0.0508815 2
0.050742 2
0.0506031 2
0.0504645 2
0.0503291 2
0.0501892 2
0.0500414 2
0.0498987 2
0.0497571 2
0.0496146 2
0.0494629 2
0.0493179 2
0.0491761 2
0.049051 2
0.0489081 2
0.0487868 2
0.04865 2
0.0485101 2
0.0483813 2
0.0482397 2
0.0481105 2
0.0479654 2
0.0478212 2
0.0476756 2
0.0475376 2
0.047393 2
0.0472492 2
0.0471079 2
0.0469684 2
0.0468375 2
0.0466949 2
0.0465562 2
0.0464176 2
0.0462706 2
0.0461212 2
0.0460041 2
0.0458582 2
0.0457203 2
0.0455824 2
0.0454383 2
0.0452963 2
0.0451656 2
0.0450256 2
0.0448861 2
0.0447406 2
0.0446043 2
0.0444571 2
0.0443059 2
0.0442054 2
0.0440584 2
0.0439291 2
0.0438048 2
0.0436674 2
0.0435189 2
0.0433754 2
0.0432359 2
0.0430999 2
0.042969 2
0.0428228 2
0.0426805 2
0.0425342 2
0.0423974 2
0.0422612 2
0.0421362 2
0.0419988 2
0.0418565 2
0.0417307 2
0.0415777 2
0.0414451 2
0.0413056 2
0.0411631 2
0.0410111 2
0.040866 2
0.0407273 2
0.0405768 2
0.0404346 2
0.0402999 2
0.0401654 2
0.0400243 2
0.0398665 2
0.0397301 2
0.0395946 2
0.0394515 2
0.0393521 2
0.0392028 2
0.0390588 2
0.0389152 2
0.0387865 2
0.0386426 2
0.038497 2
0.0383702 2
0.0382305 2
0.0380959 2
0.0379474 2
0.0378025 2
0.0376612 2
0.0375403 2
0.0374132 2
0.0372639 2
0.0371254 2
0.0369805 2
0.036842 2
0.036695 2
0.0365582 2
0.0364147 2
0.0362667 2
0.0361232 2
0.0359784 2
0.0358459 2
0.0357003 2
0.0355756 2
0.0354364 2
0.0353026 2
0.0351668 2
0.0350044 2
0.0348748 2
0.0347342 2
0.0345835 2
0.034444 2
0.0342927 2
0.0341649 2
0.0340245 2
0.0338758 2
0.0337394 2
0.0336078 2
0.0334632 2
0.0333197 2
0.033186 2
0.0330444 2
0.0329037 2
0.0327649 2
0.0326291 2
0.0324969 2
0.0323598 2
0.0322379 2
0.0320952 2
0.0319471 2
0.0317957 2
0.0316635 2
0.0315182 2
0.0313856 2
0.0312538 2
0.0311212 2
0.0309809 2
0.0308457 2
0.0306981 2
0.0305558 2
0.0304122 2
0.0302837 2
0.0301425 2
0.0299939 2
0.0298492 2
0.0297048 2
0.0295792 2
0.029435 2
0.0293021 2
0.029149 2
0.0290146 2
0.0288727 2
0.0287409 2
0.0286107 2
0.0284673 2
0.02833 2
0.028193 2
0.0280556 2
0.0279256 2
0.0277992 2
0.0276617 2
0.0275326 2
0.0273941 2
0.0272477 2
0.0271173 2
0.0269773 2
0.0268333 2
0.0266864 2
0.0265594 2
0.0264143 2
0.0262685 2
0.026127 2
0.0259963 2
0.0259021 1
0.0257628 1
0.0256293 1
0.0254893 1
0.0253412 1
0.0252191 1
0.0250859 1
0.0249479 1
0.0248244 1
0.024683 1
0.0245365 1
0.0244077 1
0.0242682 1
0.0241291 1
0.0239968 1
0.0238536 1
0.0237282 1
0.0235773 1
0.0234349 1
0.0232962 1
0.0231484 1
0.0230032 1
0.0228627 1
0.0227304 1
0.0225876 1
0.0224592 1
0.0223365 1
0.0222063 1
0.0220657 1
0.0219192 1
0.0217932 1
0.021648 1
0.0215056 1
0.0213689 1
0.0212343 1
0.0210987 1
0.0209596 1
0.0208144 1
0.0206878 1
0.0205543 1
0.0204062 1
0.0202591 1
0.0201391 1
0.0199984 1
0.0198518 1
0.0195799 1
0.0194393 1
0.0193117 1
0.0191752 1
0.0190313 1
0.0188894 1
0.0187591 1
0.018614 1
0.0184729 1
0.01835 1
0.0182025 1
0.0180597 1
0.017912 1
0.0177652 1
0.0176181 1
0.0174788 1
0.0173379 1
0.0172 1
0.0170595 1
0.0169146 1
0.0168069 1
0.0166708 1
0.0165276 1
0.0163922 1
0.0162515 1
0.0161235 1
0.0159801 1
0.0158567 1
0.0157109 1
0.0155702 1
0.0154296 1
0.0153119 1
0.015171 1
0.015032 1
0.0148849 1
0.014739 1
0.0145923 1
0.0144542 1
0.0143068 1
0.0141593 1
0.0140286 1
0.0138805 1
0.0137323 1
0.0135904 1
0.0134578 1
0.0133407 1
0.0132321 1
0.013082 1
0.0129476 1
0.0128163 1
0.0126859 1
0.0125405 1
0.0124043 1
0.0122756 1
0.0121441 1
0.0119998 1
0.0118629 1
0.0117169 1
0.0115714 1
0.0114644 1
0.0113407 1
0.0112114 1
0.0110758 1
0.0109322 1
0.0107868 1
0.0106471 1
0.0105031 1
0.0103742 1
0.0102316 1
0.0101026 1
0.00996504 1
0.00982303 1
0.00967528 1
0.00954402 1
0.00940718 1
0.0092746 1
0.00913637 1
0.00898749 1
0.00884191 1
0.00870095 1
0.00856002 1
0.0084163 1
0.00830164 1
0.00815641 1
0.00802974 1
0.00787887 1
0.00774306 1
0.00760054 1
0.00745636 1
0.0073073 1
0.00716119 1
0.00702068 1
0.00688314 1
0.0067397 1
0.00660277 1
0.00645771 1
0.00631727 1
0.00619522 1
0.0060544 1
0.00590835 1
0.00577875 1
0.00563691 1
0.00550011 1
0.00534663 1
0.00520353 1
0.00506412 1
0.00492745 1
0.00477063 1
0.00462966 1
0.00447994 1
0.00434412 1
0.00420906 1
0.004058 1
0.0039185 1
0.00377624 1
0.00362972 1
0.00348166 1
0.00335611 1
0.00321981 1
0.00308904 1
0.00295308 1
0.00280656 1
0.0026692 1
0.00251871 1
0.00238254 1
0.00225163 1
0.00211771 1
0.00197876 1
0.00185198 1
0.00172578 1
0.00158919 1
0.00143508 1
0.00135081 0
0.00121019 0
0.00108622 0
0.000946169 0
0.000829769 0
0.00067871 0
0.000545078 0
0.000418689 0
0.000284939 0
0.000132219 0
0 0

