0.567284 0
0.594395 1
0.625613 2
0.637298 3
0.647608 4
0.651358 5
0.656350 6
0.662605 7
0.665991 8
0.668950 9
0.671649 10
0.674188 11
0.675288 12
0.676825 13
0.677308 14
0.678471 15
0.679682 16
0.680889 17
0.681681 18
0.682993 19
0.683430 20
0.684968 21
0.685545 22
0.686037 23
0.686427 24
0.686554 25
0.687255 26
0.687971 27
0.688312 28
0.689492 29
0.690054 30
0.690495 31
0.690848 32
0.690972 33
0.691267 34
0.691729 35
0.692156 36
0.692307 37
0.692394 38
0.693059 39
0.693187 40
0.693287 41
0.693353 42
0.693353 43
0.693634 44
0.693743 45
0.693743 46
0.693882 47
0.694367 48
0.694525 49
0.694627 50
0.694746 51
0.694802 52
0.695501 53
0.695765 54
0.696071 55
0.696269 56
0.696363 57
0.696547 58
0.696601 59
0.696753 60
0.696896 61
0.697231 62
0.697550 63
0.697916 64
0.698022 65
0.698547 66
0.698897 67
0.699274 68
0.699311 69
0.699568 70
0.699936 71
0.699936 72
0.700247 73
0.700376 74
0.700376 75
0.700596 76
0.700596 77
0.700680 78
0.700757 79
0.700757 80
0.700855 81
0.700855 82
0.700982 83
0.701465 84
0.701561 85
0.701741 86
0.701854 87
0.702017 88
0.702086 89
0.702086 90
0.702484 91
0.702484 92
0.702484 93
0.702591 94
0.702621 95
0.702745 96
0.702846 97
0.702846 98
0.702846 99
0.702912 100
0.703001 101
0.703092 102
0.703227 103
0.703227 104
0.703281 105
0.703380 106
0.703722 107
0.703734 108
0.703734 109
0.703734 110
0.703746 111
0.703832 112
0.703889 113
0.704100 114
0.704100 115
0.704186 116
0.704281 117
0.704281 118
0.704281 119
0.704386 120
0.704509 121
0.704598 122
0.704700 123
0.704700 124
0.704821 125
0.705024 126
0.705116 127
0.705198 128
0.705198 129
0.705365 130
0.705454 131
0.705568 132
0.705616 133
0.705616 134
0.705616 135
0.705670 136
0.705737 137
0.705737 138
0.705760 139
0.705760 140
0.705760 141
0.705880 142
0.705880 143
0.705919 144
0.705919 145
0.705945 146
0.705945 147
0.706025 148
0.706038 149
0.706143 150
0.706534 151
0.706646 152
0.706733 153
0.706829 154
0.706962 155
0.707035 156
0.707035 157
0.707035 158
0.707270 159
0.707531 160
0.707733 161
0.707843 162
0.707843 163
0.707843 164
0.707843 165
0.707933 166
0.707933 167
0.708042 168
0.708109 169
0.708177 170
0.708177 171
0.708293 172
0.708293 173
0.708450 174
0.708529 175
0.708529 176
0.708529 177
0.708529 178
0.708562 179
0.708562 180
0.708562 181
0.708638 182
0.708638 183
0.708638 184
0.708720 185
0.708793 186
0.708995 187
0.709210 188
0.709210 189
0.709325 190
0.709332 191
0.709463 192
0.709463 193
0.709463 194
0.709632 195
0.709632 196
0.709632 197
0.709632 198
0.709632 199
0.709864 200
0.709956 201
0.709956 202
0.709956 203
0.709956 204
0.709956 205
0.710105 206
0.710192 207
0.710227 208
0.710227 209
0.710227 210
0.710297 211
0.710390 212
0.710390 213
0.710390 214
0.710399 215
0.710442 216
0.710524 217
0.710524 218
0.710524 219
0.710626 220
0.710626 221
0.710801 222
0.710801 223
0.710801 224
0.710801 225
0.710801 226
0.710801 227
0.710938 228
0.711042 229
0.711140 230
0.711140 231
0.711140 232
0.711140 233
0.711140 234
0.711140 235
0.711195 236
0.711195 237
0.711249 238
0.711519 239
0.711519 240
0.711519 241
0.711622 242
0.711622 243
0.711784 244
0.711954 245
0.712093 246
0.712318 247
0.712318 248
0.712566 249
0.712586 250
0.712697 251
0.712697 252
0.712697 253
0.712697 254
0.712800 255
0.712800 256
0.712897 257
0.712897 258
0.712897 259
0.712897 260
0.712897 261
0.712897 262
0.712897 263
0.712897 264
0.713029 265
0.713149 266
0.713275 267
0.713275 268
0.713351 269
0.713448 270
0.713557 271
0.713702 272
0.713778 273
0.713778 274
0.713996 275
0.714105 276
0.714201 277
0.714201 278
0.714201 279
0.714256 280
0.714272 281
0.714291 282
0.714416 283
0.714416 284
0.714416 285
0.714515 286
0.714634 287
0.714729 288
0.714750 289
0.714750 290
0.714750 291
0.714750 292
0.714825 293
0.714871 294
0.714871 295
0.714871 296
0.715003 297
0.715101 298
0.715101 299
0.715199 300
0.715262 301
0.715287 302
0.715364 303
0.715364 304
0.715399 305
0.715399 306
0.715399 307
0.715399 308
0.715574 309
0.715654 310
0.715654 311
0.715759 312
0.715842 313
0.715842 314
0.715842 315
0.715887 316
0.715887 317
0.715959 318
0.715959 319
0.716146 320
0.716146 321
0.716269 322
0.716300 323
0.716300 324
0.716544 325
0.716557 326
0.716557 327
0.716557 328
0.716557 329
0.716564 330
0.716564 331
0.716655 332
0.716655 333
0.716656 334
0.716656 335
0.716656 336
0.716656 337
0.716656 338
0.716656 339
0.716656 340
0.716656 341
0.716656 342
0.716656 343
0.716711 344
0.716711 345
0.716711 346
0.716711 347
0.716711 348
0.716711 349
0.716711 350
0.716711 351
0.716711 352
0.716841 353
0.716841 354
0.716841 355
0.716841 356
0.716841 357
0.716875 358
0.716961 359
0.716961 360
0.716961 361
0.716961 362
0.716961 363
0.716961 364
0.717106 365
0.717107 366
0.717232 367
0.717331 368
0.717331 369
0.717331 370
0.717430 371
0.717533 372
0.717533 373
0.717535 374
0.717535 375
0.717535 376
0.717535 377
0.717535 378
0.717535 379
0.717535 380
0.717535 381
0.717594 382
0.717731 383
0.717731 384
0.717731 385
0.717731 386
0.717813 387
0.717813 388
0.717813 389
0.717813 390
0.717813 391
0.717895 392
0.717919 393
0.717919 394
0.717919 395
0.717919 396
0.717919 397
0.717919 398
0.717919 399
0.717919 400
0.717919 401
0.717919 402
0.717919 403
0.717919 404
0.717937 405
0.717937 406
0.718023 407
0.718023 408
0.718023 409
0.718071 410
0.718071 411
0.718175 412
0.718232 413
0.718232 414
0.718232 415
0.718232 416
0.718232 417
0.718232 418
0.718416 419
0.718416 420
0.718416 421
0.718567 422
0.718567 423
0.718567 424
0.718726 425
0.718882 426
0.718882 427
0.718882 428
0.718882 429
0.718882 430
0.718882 431
0.718882 432
0.718882 433
0.718882 434
0.718882 435
0.718882 436
0.718882 437
0.718882 438
0.718882 439
0.718882 440
0.718882 441
0.718882 442
0.718882 443
0.718952 444
0.719086 445
0.719133 446
0.719133 447
0.719133 448
0.719133 449
0.719133 450
0.719133 451
0.719133 452
0.719232 453
0.719232 454
0.719232 455
0.719232 456
0.719232 457
0.719232 458
0.719334 459
0.719394 460
0.719394 461
0.719401 462
0.719401 463
0.719401 464
0.719401 465
0.719401 466
0.719504 467
0.719504 468
0.719504 469
0.719629 470
0.719629 471
0.719629 472
0.719629 473
0.719629 474
0.719629 475
0.719709 476
0.719709 477
0.719709 478
0.719709 479
0.719709 480
0.719709 481
0.719709 482
0.719709 483
0.719709 484
0.719720 485
0.719720 486
0.719720 487
0.719720 488
0.719812 489
0.719812 490
0.719812 491
0.719812 492
0.719820 493
0.719820 494
0.719822 495
0.719840 496
0.719840 497
0.719981 498
0.719981 499
0.719992 500
0.719992 501
0.719992 502
0.720091 503
0.720189 504
0.720189 505
0.720189 506
0.720189 507
0.720189 508
0.720228 509
0.720228 510
0.720228 511
0.720228 512
0.720228 513
0.720228 514
0.720228 515
0.720228 516
0.720228 517
0.720228 518
0.720228 519
0.720228 520
0.720288 521
0.720288 522
0.720288 523
0.720288 524
0.720379 525
0.720428 526
0.720428 527
0.720428 528
0.720428 529
0.720428 530
0.720428 531
0.720428 532
0.720428 533
0.720545 534
0.720547 535
0.720547 536
0.720547 537
0.720547 538
0.720547 539
0.720547 540
0.720547 541
0.720547 542
0.720547 543
0.720547 544
0.720547 545
0.720588 546
0.720588 547
0.720588 548
0.720730 549
0.720730 550
0.720730 551
0.720730 552
0.720730 553
0.720730 554
0.720730 555
0.720840 556
0.720850 557
0.720850 558
0.721044 559
0.721044 560
0.721044 561
0.721223 562
0.721223 563
0.721223 564
0.721258 565
0.721258 566
0.721258 567
0.721258 568
0.721274 569
0.721343 570
0.721343 571
0.721428 572
0.721505 573
0.721505 574
0.721529 575
0.721529 576
0.721529 577
0.721529 578
0.721529 579
0.721558 580
0.721558 581
0.721558 582
0.721558 583
0.721685 584
0.721685 585
0.721727 586
0.721727 587
0.721727 588
0.721727 589
0.721727 590
0.721749 591
0.721749 592
0.721749 593
0.721749 594
0.721749 595
0.721765 596
0.721880 597
0.721880 598
0.721880 599
0.721880 600
0.721880 601
0.721880 602
0.721880 603
0.721880 604
0.721880 605
0.721880 606
0.721880 607
0.721907 608
0.722012 609
0.722012 610
0.722012 611
0.722164 612
0.722263 613
0.722263 614
0.722328 615
0.722409 616
0.722409 617
0.722409 618
0.722490 619
0.722490 620
0.722490 621
0.722669 622
0.722669 623
0.722669 624
0.722669 625
0.722669 626
0.722669 627
0.722669 628
0.722669 629
0.722669 630
0.722669 631
0.722669 632
0.722669 633
0.722669 634
0.722684 635
0.722767 636
0.722811 637
0.722811 638
0.722811 639
0.722907 640
0.723010 641
0.723010 642
0.723010 643
0.723010 644
0.723058 645
0.723140 646
0.723140 647
0.723140 648
0.723140 649
0.723140 650
0.723267 651
0.723267 652
0.723267 653
0.723283 654
0.723283 655
0.723283 656
0.723283 657
0.723283 658
0.723283 659
0.723283 660
0.723283 661
0.723290 662
0.723290 663
0.723290 664
0.723290 665
0.723290 666
0.723290 667
0.723290 668
0.723290 669
0.723290 670
0.723389 671
0.723389 672
0.723389 673
0.723389 674
0.723483 675
0.723483 676
0.723483 677
0.723483 678
0.723483 679
0.723483 680
0.723483 681
0.723483 682
0.723483 683
0.723573 684
0.723606 685
0.723606 686
0.723606 687
0.723606 688
0.723776 689
0.723776 690
0.723776 691
0.723776 692
0.723776 693
0.723853 694
0.723853 695
0.723933 696
0.723933 697
0.724054 698
0.724054 699
0.724054 700
0.724054 701
0.724054 702
0.724054 703
0.724054 704
0.724054 705
0.724097 706
0.724097 707
0.724097 708
0.724097 709
0.724097 710
0.724192 711
0.724192 712
0.724192 713
0.724192 714
0.724192 715
0.724288 716
0.724297 717
0.724297 718
0.724297 719
0.724297 720
0.724310 721
0.724310 722
0.724310 723
0.724310 724
0.724310 725
0.724310 726
0.724310 727
0.724310 728
0.724353 729
0.724353 730
0.724353 731
0.724353 732
0.724353 733
0.724422 734
0.724460 735
0.724460 736
0.724460 737
0.724460 738
0.724460 739
0.724460 740
0.724467 741
0.724467 742
0.724467 743
0.724467 744
0.724467 745
0.724467 746
0.724467 747
0.724467 748
0.724467 749
0.724467 750
0.724467 751
0.724494 752
0.724557 753
0.724563 754
0.724563 755
0.724563 756
0.724563 757
0.724596 758
0.724596 759
0.724596 760
0.724596 761
0.724672 762
0.724672 763
0.724672 764
0.724672 765
0.724672 766
0.724672 767
0.724672 768
0.724672 769
0.724672 770
0.724672 771
0.724672 772
0.724672 773
0.724672 774
0.724672 775
0.724672 776
0.724693 777
0.724693 778
0.724693 779
0.724693 780
0.724693 781
0.724693 782
0.724693 783
0.724693 784
0.724693 785
0.724693 786
0.724693 787
0.724693 788
0.724693 789
0.724693 790
0.724731 791
0.724731 792
0.724731 793
0.724731 794
0.724731 795
0.724731 796
0.724731 797
0.724731 798
0.724731 799
0.724731 800
0.724790 801
0.724790 802
0.724915 803
0.724966 804
0.724966 805
0.724966 806
0.724966 807
0.724966 808
0.724966 809
0.724966 810
0.724966 811
0.724966 812
0.724966 813
0.724966 814
0.725029 815
0.725029 816
0.725029 817
0.725029 818
0.725029 819
0.725029 820
0.725029 821
0.725029 822
0.725029 823
0.725126 824
0.725126 825
0.725126 826
0.725126 827
0.725126 828
0.725138 829
0.725138 830
0.725138 831
0.725138 832
0.725138 833
0.725138 834
0.725147 835
0.725147 836
0.725147 837
0.725147 838
0.725147 839
0.725147 840
0.725147 841
0.725147 842
0.725147 843
0.725147 844
0.725147 845
0.725147 846
0.725245 847
0.725245 848
0.725245 849
0.725245 850
0.725245 851
0.725258 852
0.725258 853
0.725258 854
0.725258 855
0.725258 856
0.725258 857
0.725258 858
0.725308 859
0.725308 860
0.725356 861
0.725356 862
0.725458 863
0.725458 864
0.725458 865
0.725458 866
0.725458 867
0.725458 868
0.725458 869
0.725488 870
0.725564 871
0.725564 872
0.725564 873
0.725564 874
0.725564 875
0.725579 876
0.725579 877
0.725579 878
0.725586 879
0.725650 880
0.725747 881
0.725747 882
0.725747 883
0.725747 884
0.725896 885
0.725896 886
0.725915 887
0.726015 888
0.726015 889
0.726015 890
0.726015 891
0.726104 892
0.726104 893
0.726104 894
0.726104 895
0.726104 896
0.726104 897
0.726104 898
0.726104 899
0.726104 900
0.726104 901
0.726179 902
0.726179 903
0.726179 904
0.726179 905
0.726179 906
0.726179 907
0.726179 908
0.726288 909
0.726288 910
0.726288 911
0.726288 912
0.726317 913
0.726317 914
0.726431 915
0.726431 916
0.726431 917
0.726431 918
0.726431 919
0.726431 920
0.726431 921
0.726497 922
0.726497 923
0.726497 924
0.726497 925
0.726497 926
0.726499 927
0.726499 928
0.726554 929
0.726554 930
0.726554 931
0.726554 932
0.726554 933
0.726554 934
0.726554 935
0.726554 936
0.726554 937
0.726554 938
0.726554 939
0.726563 940
0.726563 941
0.726563 942
0.726563 943
0.726563 944
0.726574 945
0.726645 946
0.726645 947
0.726645 948
0.726645 949
0.726645 950
0.726645 951
0.726645 952
0.726747 953
0.726747 954
0.726747 955
0.726747 956
0.726747 957
0.726747 958
0.726747 959
0.726747 960
0.726888 961
0.727011 962
0.727011 963
0.727011 964
0.727011 965
0.727011 966
0.727011 967
0.727011 968
0.727011 969
0.727011 970
0.727011 971
0.727011 972
0.727143 973
0.727143 974
0.727143 975
0.727143 976
0.727219 977
0.727219 978
0.727305 979
0.727305 980
0.727305 981
0.727305 982
0.727449 983
0.727449 984
0.727471 985
0.727471 986
0.727471 987
0.727474 988
0.727474 989
0.727474 990
0.727474 991
0.727474 992
0.727496 993
0.727496 994
0.727527 995
0.727527 996
0.727527 997
0.727581 998
0.727581 999
0.727581 1000
0.727581 1001
0.727581 1002
0.727581 1003
0.727581 1004
0.727581 1005
0.727581 1006
0.727581 1007
0.727581 1008
0.727581 1009
0.727581 1010
0.727659 1011
0.727789 1012
0.727789 1013
0.727789 1014
0.727849 1015
0.727849 1016
0.727940 1017
0.727940 1018
0.727940 1019
0.727940 1020
0.727940 1021
0.727940 1022
0.727940 1023
0.727940 1024
0.727940 1025
0.727940 1026
0.727940 1027
0.727940 1028
0.727940 1029
0.727940 1030
0.727940 1031
0.727940 1032
0.727940 1033
0.727940 1034
0.727940 1035
0.727940 1036
0.727940 1037
0.727940 1038
0.727940 1039
0.727940 1040
0.727940 1041
0.727940 1042
0.727940 1043
0.727940 1044
0.727940 1045
0.727940 1046
0.727940 1047
0.727940 1048
0.727940 1049
0.727940 1050
0.727940 1051
0.727940 1052
0.727940 1053
0.728044 1054
0.728044 1055
0.728044 1056
0.728044 1057
0.728044 1058
0.728044 1059
0.728044 1060
0.728044 1061
0.728044 1062
0.728044 1063
0.728047 1064
0.728047 1065
0.728047 1066
0.728047 1067
0.728047 1068
0.728098 1069
0.728151 1070
0.728151 1071
0.728151 1072
0.728151 1073
0.728151 1074
0.728151 1075
0.728151 1076
0.728151 1077
0.728151 1078
0.728151 1079
0.728151 1080
0.728151 1081
0.728151 1082
0.728217 1083
0.728337 1084
0.728337 1085
0.728337 1086
0.728337 1087
0.728339 1088
0.728416 1089
0.728416 1090
0.728416 1091
0.728416 1092
0.728416 1093
0.728416 1094
0.728454 1095
0.728454 1096
0.728454 1097
0.728454 1098
0.728454 1099
0.728454 1100
0.728530 1101
0.728530 1102
0.728530 1103
0.728530 1104
0.728542 1105
0.728660 1106
0.728660 1107
0.728660 1108
0.728660 1109
0.728660 1110
0.728694 1111
0.728694 1112
0.728694 1113
0.728694 1114
0.728694 1115
0.728694 1116
0.728694 1117
0.728694 1118
0.728694 1119
0.728694 1120
0.728694 1121
0.728694 1122
0.728694 1123
0.728694 1124
0.728696 1125
0.728696 1126
0.728696 1127
0.728696 1128
0.728696 1129
0.728696 1130
0.728696 1131
0.728696 1132
0.728696 1133
0.728696 1134
0.728696 1135
0.728696 1136
0.728709 1137
0.728709 1138
0.728709 1139
0.728709 1140
0.728709 1141
0.728709 1142
0.728709 1143
0.728709 1144
0.728709 1145
0.728709 1146
0.728709 1147
0.728709 1148
0.728709 1149
0.728709 1150
0.728709 1151
0.728709 1152
0.728709 1153
0.728709 1154
0.728709 1155
0.728709 1156
0.728838 1157
0.728838 1158
0.728838 1159
0.728870 1160
0.728870 1161
0.728870 1162
0.728870 1163
0.728870 1164
0.728870 1165
0.728954 1166
0.728954 1167
0.728954 1168
0.728954 1169
0.728954 1170
0.728954 1171
0.728954 1172
0.728954 1173
0.728954 1174
0.728954 1175
0.728954 1176
0.728954 1177
0.728954 1178
0.728954 1179
0.728954 1180
0.728954 1181
0.728954 1182
0.728954 1183
0.728954 1184
0.728954 1185
0.728954 1186
0.728954 1187
0.728954 1188
0.729063 1189
0.729063 1190
0.729063 1191
0.729063 1192
0.729063 1193
0.729167 1194
0.729167 1195
0.729167 1196
0.729167 1197
0.729167 1198
0.729167 1199
0.729167 1200
0.729167 1201
0.729167 1202
0.729167 1203
0.729167 1204
0.729198 1205
0.729198 1206
0.729198 1207
0.729220 1208
0.729322 1209
0.729322 1210
0.729322 1211
0.729322 1212
0.729322 1213
0.729322 1214
0.729322 1215
0.729322 1216
0.729322 1217
0.729322 1218
0.729322 1219
0.729322 1220
0.729322 1221
0.729322 1222
0.729322 1223
0.729353 1224
0.729353 1225
0.729353 1226
0.729353 1227
0.729353 1228
0.729353 1229
0.729353 1230
0.729353 1231
0.729353 1232
0.729353 1233
0.729353 1234
0.729360 1235
0.729360 1236
0.729360 1237
0.729360 1238
0.729360 1239
0.729360 1240
0.729360 1241
0.729360 1242
0.729360 1243
0.729360 1244
0.729360 1245
0.729360 1246
0.729360 1247
0.729360 1248
0.729455 1249
0.729455 1250
0.729455 1251
0.729455 1252
0.729455 1253
0.729455 1254
0.729455 1255
0.729550 1256
0.729550 1257
0.729550 1258
0.729550 1259
0.729550 1260
0.729550 1261
0.729550 1262
0.729550 1263
0.729550 1264
0.729550 1265
0.729550 1266
0.729551 1267
0.729551 1268
0.729551 1269
0.729551 1270
0.729551 1271
0.729551 1272
0.729551 1273
0.729551 1274
0.729551 1275
0.729551 1276
0.729551 1277
0.729551 1278
0.729551 1279
0.729551 1280
0.729551 1281
0.729551 1282
0.729551 1283
0.729551 1284
0.729551 1285
0.729551 1286
0.729551 1287
0.729551 1288
0.729551 1289
0.729551 1290
0.729551 1291
0.729551 1292
0.729551 1293
0.729551 1294
0.729551 1295
0.729551 1296
0.729551 1297
0.729613 1298
0.729613 1299
0.729613 1300
0.729613 1301
0.729613 1302
0.729613 1303
0.729613 1304
0.729613 1305
0.729613 1306
0.729613 1307
0.729681 1308
0.729681 1309
0.729681 1310
0.729681 1311
0.729681 1312
0.729681 1313
0.729780 1314
0.729780 1315
0.729780 1316
0.729780 1317
0.729780 1318
0.729780 1319
0.729780 1320
0.729780 1321
0.729780 1322
0.729780 1323
0.729780 1324
0.729780 1325
0.729780 1326
0.729780 1327
0.729780 1328
0.729780 1329
0.729780 1330
0.729780 1331
0.729838 1332
0.729838 1333
0.729959 1334
0.729972 1335
0.729972 1336
0.729972 1337
0.730004 1338
0.730004 1339
0.730004 1340
0.730004 1341
0.730004 1342
0.730061 1343
0.730061 1344
0.730194 1345
0.730194 1346
0.730194 1347
0.730194 1348
0.730194 1349
0.730194 1350
0.730194 1351
0.730194 1352
0.730194 1353
0.730199 1354
0.730199 1355
0.730199 1356
0.730199 1357
0.730199 1358
0.730199 1359
0.730199 1360
0.730199 1361
0.730199 1362
0.730199 1363
0.730199 1364
0.730199 1365
0.730199 1366
0.730315 1367
0.730315 1368
0.730315 1369
0.730315 1370
0.730315 1371
0.730315 1372
0.730315 1373
0.730315 1374
0.730315 1375
0.730315 1376
0.730353 1377
0.730353 1378
0.730390 1379
0.730390 1380
0.730390 1381
0.730390 1382
0.730390 1383
0.730390 1384
0.730390 1385
0.730390 1386
0.730390 1387
0.730390 1388
0.730390 1389
0.730390 1390
0.730390 1391
0.730404 1392
0.730404 1393
0.730404 1394
0.730404 1395
0.730404 1396
0.730472 1397
0.730472 1398
0.730472 1399
0.730472 1400
0.730472 1401
0.730472 1402
0.730472 1403
0.730472 1404
0.730472 1405
0.730472 1406
0.730472 1407
0.730472 1408
0.730472 1409
0.730472 1410
0.730472 1411
0.730575 1412
0.730575 1413
0.730575 1414
0.730575 1415
0.730575 1416
0.730575 1417
0.730575 1418
0.730575 1419
0.730575 1420
0.730575 1421
0.730626 1422
0.730626 1423
0.730626 1424
0.730626 1425
0.730658 1426
0.730658 1427
0.730658 1428
0.730658 1429
0.730658 1430
0.730658 1431
0.730757 1432
0.730757 1433
0.730757 1434
0.730757 1435
0.730757 1436
0.730757 1437
0.730757 1438
0.730757 1439
0.730757 1440
0.730757 1441
0.730757 1442
0.730757 1443
0.730757 1444
0.730757 1445
0.730757 1446
0.730757 1447
0.730757 1448
0.730757 1449
0.730757 1450
0.730757 1451
0.730757 1452
0.730757 1453
0.730757 1454
0.730757 1455
0.730757 1456
0.730757 1457
0.730757 1458
0.730757 1459
0.730757 1460
0.730757 1461
0.730757 1462
0.730757 1463
0.730757 1464
0.730757 1465
0.730757 1466
0.730757 1467
0.730757 1468
0.730757 1469
0.730757 1470
0.730757 1471
0.730757 1472
0.730757 1473
0.730757 1474
0.730757 1475
0.730757 1476
0.730757 1477
0.730757 1478
0.730757 1479
0.730757 1480
0.730757 1481
0.730757 1482
0.730757 1483
0.730757 1484
0.730757 1485
0.730757 1486
0.730757 1487
0.730757 1488
0.730757 1489
0.730757 1490
0.730757 1491
0.730757 1492
0.730757 1493
0.730763 1494
0.730763 1495
0.730763 1496
0.730763 1497
0.730763 1498
0.730763 1499
0.730763 1500
0.730763 1501
0.730763 1502
0.730776 1503
0.730776 1504
0.730776 1505
0.730776 1506
0.730776 1507
0.730776 1508
0.730776 1509
0.730776 1510
0.730776 1511
0.730845 1512
0.730845 1513
0.730845 1514
0.730845 1515
0.730845 1516
0.730845 1517
0.730845 1518
0.730845 1519
0.730845 1520
0.730845 1521
0.730845 1522
0.730845 1523
0.730845 1524
0.730845 1525
0.730845 1526
0.730845 1527
0.730845 1528
0.730845 1529
0.730845 1530
0.730845 1531
0.730845 1532
0.730845 1533
0.730845 1534
0.730845 1535
0.730845 1536
0.730845 1537
0.730845 1538
0.730845 1539
0.730845 1540
0.730845 1541
0.730845 1542
0.730845 1543
0.730845 1544
0.730845 1545
0.730845 1546
0.730845 1547
0.730845 1548
0.730845 1549
0.730845 1550
0.730845 1551
0.730845 1552
0.730845 1553
0.730845 1554
0.730845 1555
0.730845 1556
0.730845 1557
0.730845 1558
0.730845 1559
0.730845 1560
0.730845 1561
0.730845 1562
0.730845 1563
0.730845 1564
0.730845 1565
0.730845 1566
0.730845 1567
0.730845 1568
0.730845 1569
0.730845 1570
0.730845 1571
0.730845 1572
0.730845 1573
0.730845 1574
0.730845 1575
0.730845 1576
0.730845 1577
0.730845 1578
0.730845 1579
0.730845 1580
0.730845 1581
0.730845 1582
0.730845 1583
0.730845 1584
0.730845 1585
0.730845 1586
0.730845 1587
0.730845 1588
0.730845 1589
0.730845 1590
0.730845 1591
0.730845 1592
0.730845 1593
0.730845 1594
0.730845 1595
0.730845 1596
0.730845 1597
0.730845 1598
0.730845 1599
0.730845 1600
0.730845 1601
0.730845 1602
0.730845 1603
0.730845 1604
0.730845 1605
0.730845 1606
0.730845 1607
0.730845 1608
0.730845 1609
0.730845 1610
0.730845 1611
0.730845 1612
0.730845 1613
0.730845 1614
0.730845 1615
0.730845 1616
0.730845 1617
0.730845 1618
0.730845 1619
0.730845 1620
0.730845 1621
0.730845 1622
0.730845 1623
0.730845 1624
0.730845 1625
0.730845 1626
0.730845 1627
0.730845 1628
0.730845 1629
0.730845 1630
0.730845 1631
0.730845 1632
0.730845 1633
0.730845 1634
0.730845 1635
0.730845 1636
0.730845 1637
0.730845 1638
0.730845 1639
0.730845 1640
0.730845 1641
0.730845 1642
0.730845 1643
0.730845 1644
0.730845 1645
0.730845 1646
0.730845 1647
0.730845 1648
0.730845 1649
0.730845 1650
0.730845 1651
0.730845 1652
0.730845 1653
0.730845 1654
0.730845 1655
0.730845 1656
0.730845 1657
0.730845 1658
0.730845 1659
0.730845 1660
0.730845 1661
0.730845 1662
0.730845 1663
0.730845 1664
0.730845 1665
0.730845 1666
0.730845 1667
0.730845 1668
0.730845 1669
0.730845 1670
0.730845 1671
0.730845 1672
0.730845 1673
0.730845 1674
0.730845 1675
0.730845 1676
0.730845 1677
0.730845 1678
0.730845 1679
0.730845 1680
0.730845 1681
0.730845 1682
0.730845 1683
0.730845 1684
0.730845 1685
0.730845 1686
0.730845 1687
0.730845 1688
0.730845 1689
0.730845 1690
0.730845 1691
0.730845 1692
0.730845 1693
0.730845 1694
0.730845 1695
0.730845 1696
0.730845 1697
0.730845 1698
0.730845 1699
0.730845 1700
0.730845 1701
0.730845 1702
0.730845 1703
0.730845 1704
0.730845 1705
0.730845 1706
0.730845 1707
0.730845 1708
0.730845 1709
0.730845 1710
0.730845 1711
0.730845 1712
0.730845 1713
0.730845 1714
0.730845 1715
0.730845 1716
0.730845 1717
0.730845 1718
0.730845 1719
0.730845 1720
0.730845 1721
0.730845 1722
0.730845 1723
0.730845 1724
0.730845 1725
0.730845 1726
0.730845 1727
0.730845 1728
0.730845 1729
0.730845 1730
0.730845 1731
0.730845 1732
0.730845 1733
0.730845 1734
0.730845 1735
0.730845 1736
0.730845 1737
0.730845 1738
0.730845 1739
0.730845 1740
0.730845 1741
0.730845 1742
0.730845 1743
0.730845 1744
0.730845 1745
0.730845 1746
0.730845 1747
0.730845 1748
0.730845 1749
0.730845 1750
0.730845 1751
0.730845 1752
0.730845 1753
0.730845 1754
0.730845 1755
0.730845 1756
0.730845 1757
0.730845 1758
0.730845 1759
0.730845 1760
0.730845 1761
0.730845 1762
0.730845 1763
0.730845 1764
0.730845 1765
0.730845 1766
0.730845 1767
0.730845 1768
0.730845 1769
0.730845 1770
0.730845 1771
0.730845 1772
0.730845 1773
0.730845 1774
0.730845 1775
0.730845 1776
0.730845 1777
0.730845 1778
0.730845 1779
0.730845 1780
0.730845 1781
0.730845 1782
0.730845 1783
0.730845 1784
0.730845 1785
0.730845 1786
0.730845 1787
0.730845 1788
0.730845 1789
0.730845 1790
0.730845 1791
0.730845 1792
0.730845 1793
0.730845 1794
0.730845 1795
0.730845 1796
0.730845 1797
0.730845 1798
0.730845 1799
0.730845 1800
0.730845 1801
0.730845 1802
0.730845 1803
0.730845 1804
0.730845 1805
0.730845 1806
0.730845 1807
0.730845 1808
0.730845 1809
0.730845 1810
0.730845 1811
0.730845 1812
0.730845 1813
0.730845 1814
0.730845 1815
0.730845 1816
0.730845 1817
0.730845 1818
0.730845 1819
0.730845 1820
0.730845 1821
0.730845 1822
0.730845 1823
0.730845 1824
0.730845 1825
0.730845 1826
0.730845 1827
0.730845 1828
0.730845 1829
0.730845 1830
0.730845 1831
0.730845 1832
0.730845 1833
0.730845 1834
0.730845 1835
0.730845 1836
0.730845 1837
0.730845 1838
0.730845 1839
0.730845 1840
0.730845 1841
0.730845 1842
0.730845 1843
0.730845 1844
0.730845 1845
0.730845 1846
0.730845 1847
0.730845 1848
0.730845 1849
0.730845 1850
0.730845 1851
0.730845 1852
0.730845 1853
0.730845 1854
0.730845 1855
0.730845 1856
0.730845 1857
0.730845 1858
0.730845 1859
0.730845 1860
0.730845 1861
0.730845 1862
0.730845 1863
0.730845 1864
0.730845 1865
0.730845 1866
0.730845 1867
0.730845 1868
0.730845 1869
0.730845 1870
0.730845 1871
0.730845 1872
0.730845 1873
0.730845 1874
0.730845 1875
0.730845 1876
0.730845 1877
0.730845 1878
0.730845 1879
0.730845 1880
0.730845 1881
0.730845 1882
0.730845 1883
0.730845 1884
0.730845 1885
0.730845 1886
0.730845 1887
0.730845 1888
0.730845 1889
0.730845 1890
0.730845 1891
0.730845 1892
0.730845 1893
0.730845 1894
0.730845 1895
0.730845 1896
0.730845 1897
0.730845 1898
0.730845 1899
0.730845 1900
0.730845 1901
0.730845 1902
0.730845 1903
0.730845 1904
0.730845 1905
0.730845 1906
0.730845 1907
0.730845 1908
0.730845 1909
0.730845 1910
0.730845 1911
0.730845 1912
0.730845 1913
0.730845 1914
0.730845 1915
0.730845 1916
0.730845 1917
0.730845 1918
0.730845 1919
0.730845 1920
0.730845 1921
0.730845 1922
0.730845 1923
0.730845 1924
0.730845 1925
0.730845 1926
0.730845 1927
0.730845 1928
0.730845 1929
0.730845 1930
0.730845 1931
0.730845 1932
0.730845 1933
0.730845 1934
0.730845 1935
0.730845 1936
0.730845 1937
0.730845 1938
0.730845 1939
0.730845 1940
0.730845 1941
0.730845 1942
0.730845 1943
0.730845 1944
0.730845 1945
0.730845 1946
0.730845 1947
0.730845 1948
0.730845 1949
0.730845 1950
0.730845 1951
0.730845 1952
0.730845 1953
0.730845 1954
0.730845 1955
0.730845 1956
0.730845 1957
0.730845 1958
0.730845 1959
0.730845 1960
0.730845 1961
0.730845 1962
0.730845 1963
0.730845 1964
0.730845 1965
0.730845 1966
0.730845 1967
0.730845 1968
0.730845 1969
0.730845 1970
0.730845 1971
0.730845 1972
0.730845 1973
0.730845 1974
0.730845 1975
0.730845 1976
0.730845 1977
0.730845 1978
0.730845 1979
0.730845 1980
0.730845 1981
0.730845 1982
0.730845 1983
0.730845 1984
0.730845 1985
0.730845 1986
0.730845 1987
0.730845 1988
0.730845 1989
0.730845 1990
0.730845 1991
0.730845 1992
0.730845 1993
0.730845 1994
0.730845 1995
0.730845 1996
0.730845 1997
0.730845 1998
0.730845 1999
0.730845 2000
