0.707657 0
0.742846 1
0.784526 2
0.799447 3
0.813577 4
0.818400 5
0.825564 6
0.834258 7
0.838132 8
0.841998 9
0.845290 10
0.848383 11
0.849743 12
0.852059 13
0.852637 14
0.853993 15
0.855730 16
0.857477 17
0.858440 18
0.859797 19
0.860377 20
0.862308 21
0.862889 22
0.863469 23
0.864052 24
0.864245 25
0.864825 26
0.865985 27
0.866373 28
0.867724 29
0.868305 30
0.868500 31
0.868888 32
0.869080 33
0.869467 34
0.870046 35
0.870431 36
0.870625 37
0.870625 38
0.871398 39
0.871592 40
0.871785 41
0.871785 42
0.871785 43
0.871977 44
0.872169 45
0.872169 46
0.872361 47
0.873138 48
0.873333 49
0.873333 50
0.873526 51
0.873526 52
0.874493 53
0.874878 54
0.875071 55
0.875266 56
0.875266 57
0.875459 58
0.875459 59
0.875653 60
0.875653 61
0.876233 62
0.876620 63
0.877200 64
0.877394 65
0.877973 66
0.878554 67
0.878942 68
0.878942 69
0.879328 70
0.879910 71
0.879910 72
0.880295 73
0.880487 74
0.880487 75
0.880873 76
0.880873 77
0.880873 78
0.880873 79
0.880873 80
0.881066 81
0.881066 82
0.881259 83
0.882034 84
0.882034 85
0.882227 86
0.882420 87
0.882613 88
0.882613 89
0.882613 90
0.883001 91
0.883001 92
0.883001 93
0.883194 94
0.883194 95
0.883387 96
0.883581 97
0.883581 98
0.883581 99
0.883581 100
0.883581 101
0.883581 102
0.883773 103
0.883773 104
0.883773 105
0.883966 106
0.884354 107
0.884354 108
0.884354 109
0.884354 110
0.884354 111
0.884354 112
0.884354 113
0.884741 114
0.884741 115
0.884741 116
0.884741 117
0.884741 118
0.884741 119
0.884934 120
0.884934 121
0.884934 122
0.885126 123
0.885126 124
0.885321 125
0.885514 126
0.885514 127
0.885514 128
0.885514 129
0.885709 130
0.885709 131
0.885902 132
0.885902 133
0.885902 134
0.885902 135
0.885902 136
0.885902 137
0.885902 138
0.885902 139
0.885902 140
0.885902 141
0.886095 142
0.886095 143
0.886095 144
0.886095 145
0.886095 146
0.886095 147
0.886095 148
0.886095 149
0.886287 150
0.886675 151
0.886868 152
0.886868 153
0.886868 154
0.887063 155
0.887063 156
0.887063 157
0.887063 158
0.887256 159
0.887450 160
0.887645 161
0.887839 162
0.887839 163
0.887839 164
0.887839 165
0.887839 166
0.887839 167
0.888032 168
0.888032 169
0.888032 170
0.888032 171
0.888032 172
0.888032 173
0.888226 174
0.888226 175
0.888226 176
0.888226 177
0.888226 178
0.888226 179
0.888226 180
0.888226 181
0.888226 182
0.888226 183
0.888226 184
0.888226 185
0.888226 186
0.888419 187
0.888806 188
0.888806 189
0.888998 190
0.888998 191
0.889190 192
0.889190 193
0.889190 194
0.889385 195
0.889385 196
0.889385 197
0.889385 198
0.889385 199
0.889577 200
0.889577 201
0.889577 202
0.889577 203
0.889577 204
0.889577 205
0.889770 206
0.889963 207
0.889963 208
0.889963 209
0.889963 210
0.889963 211
0.889963 212
0.889963 213
0.889963 214
0.889963 215
0.889963 216
0.889963 217
0.889963 218
0.889963 219
0.890157 220
0.890157 221
0.890350 222
0.890350 223
0.890350 224
0.890350 225
0.890350 226
0.890350 227
0.890350 228
0.890543 229
0.890736 230
0.890736 231
0.890736 232
0.890736 233
0.890736 234
0.890736 235
0.890736 236
0.890736 237
0.890736 238
0.891125 239
0.891125 240
0.891125 241
0.891317 242
0.891317 243
0.891511 244
0.891511 245
0.891704 246
0.892091 247
0.892091 248
0.892283 249
0.892283 250
0.892476 251
0.892476 252
0.892476 253
0.892476 254
0.892669 255
0.892669 256
0.892863 257
0.892863 258
0.892863 259
0.892863 260
0.892863 261
0.892863 262
0.892863 263
0.892863 264
0.892863 265
0.893057 266
0.893251 267
0.893251 268
0.893251 269
0.893444 270
0.893639 271
0.893832 272
0.893832 273
0.893832 274
0.894025 275
0.894025 276
0.894025 277
0.894025 278
0.894025 279
0.894025 280
0.894025 281
0.894025 282
0.894218 283
0.894218 284
0.894218 285
0.894413 286
0.894607 287
0.894607 288
0.894607 289
0.894607 290
0.894607 291
0.894607 292
0.894607 293
0.894607 294
0.894607 295
0.894607 296
0.894801 297
0.894995 298
0.894995 299
0.895187 300
0.895187 301
0.895187 302
0.895187 303
0.895187 304
0.895187 305
0.895187 306
0.895187 307
0.895187 308
0.895380 309
0.895380 310
0.895380 311
0.895575 312
0.895575 313
0.895575 314
0.895575 315
0.895575 316
0.895575 317
0.895575 318
0.895575 319
0.895961 320
0.895961 321
0.895961 322
0.895961 323
0.895961 324
0.896153 325
0.896153 326
0.896153 327
0.896153 328
0.896153 329
0.896153 330
0.896153 331
0.896153 332
0.896153 333
0.896153 334
0.896153 335
0.896153 336
0.896153 337
0.896153 338
0.896153 339
0.896153 340
0.896153 341
0.896153 342
0.896153 343
0.896153 344
0.896153 345
0.896153 346
0.896153 347
0.896153 348
0.896153 349
0.896153 350
0.896153 351
0.896153 352
0.896347 353
0.896347 354
0.896347 355
0.896347 356
0.896347 357
0.896347 358
0.896347 359
0.896347 360
0.896347 361
0.896347 362
0.896347 363
0.896347 364
0.896541 365
0.896541 366
0.896734 367
0.896927 368
0.896927 369
0.896927 370
0.897120 371
0.897314 372
0.897314 373
0.897314 374
0.897314 375
0.897314 376
0.897314 377
0.897314 378
0.897314 379
0.897314 380
0.897314 381
0.897314 382
0.897508 383
0.897508 384
0.897508 385
0.897508 386
0.897508 387
0.897508 388
0.897508 389
0.897508 390
0.897508 391
0.897508 392
0.897508 393
0.897508 394
0.897508 395
0.897508 396
0.897508 397
0.897508 398
0.897508 399
0.897508 400
0.897508 401
0.897508 402
0.897508 403
0.897508 404
0.897508 405
0.897508 406
0.897508 407
0.897508 408
0.897508 409
0.897508 410
0.897508 411
0.897702 412
0.897702 413
0.897702 414
0.897702 415
0.897702 416
0.897702 417
0.897702 418
0.897895 419
0.897895 420
0.897895 421
0.898088 422
0.898088 423
0.898088 424
0.898280 425
0.898280 426
0.898280 427
0.898280 428
0.898280 429
0.898280 430
0.898280 431
0.898280 432
0.898280 433
0.898280 434
0.898280 435
0.898280 436
0.898280 437
0.898280 438
0.898280 439
0.898280 440
0.898280 441
0.898280 442
0.898280 443
0.898280 444
0.898473 445
0.898473 446
0.898473 447
0.898473 448
0.898473 449
0.898473 450
0.898473 451
0.898473 452
0.898667 453
0.898667 454
0.898667 455
0.898667 456
0.898667 457
0.898667 458
0.898860 459
0.898860 460
0.898860 461
0.898860 462
0.898860 463
0.898860 464
0.898860 465
0.898860 466
0.898860 467
0.898860 468
0.898860 469
0.899055 470
0.899055 471
0.899055 472
0.899055 473
0.899055 474
0.899055 475
0.899055 476
0.899055 477
0.899055 478
0.899055 479
0.899055 480
0.899055 481
0.899055 482
0.899055 483
0.899055 484
0.899055 485
0.899055 486
0.899055 487
0.899055 488
0.899055 489
0.899055 490
0.899055 491
0.899055 492
0.899055 493
0.899055 494
0.899055 495
0.899055 496
0.899055 497
0.899249 498
0.899249 499
0.899249 500
0.899249 501
0.899249 502
0.899442 503
0.899637 504
0.899637 505
0.899637 506
0.899637 507
0.899637 508
0.899637 509
0.899637 510
0.899637 511
0.899637 512
0.899637 513
0.899637 514
0.899637 515
0.899637 516
0.899637 517
0.899637 518
0.899637 519
0.899637 520
0.899637 521
0.899637 522
0.899637 523
0.899637 524
0.899637 525
0.899637 526
0.899637 527
0.899637 528
0.899637 529
0.899637 530
0.899637 531
0.899637 532
0.899637 533
0.899831 534
0.899831 535
0.899831 536
0.899831 537
0.899831 538
0.899831 539
0.899831 540
0.899831 541
0.899831 542
0.899831 543
0.899831 544
0.899831 545
0.899831 546
0.899831 547
0.899831 548
0.900024 549
0.900024 550
0.900024 551
0.900024 552
0.900024 553
0.900024 554
0.900024 555
0.900218 556
0.900218 557
0.900218 558
0.900411 559
0.900411 560
0.900411 561
0.900604 562
0.900604 563
0.900604 564
0.900604 565
0.900604 566
0.900604 567
0.900604 568
0.900604 569
0.900604 570
0.900604 571
0.900604 572
0.900604 573
0.900604 574
0.900604 575
0.900604 576
0.900604 577
0.900604 578
0.900604 579
0.900604 580
0.900604 581
0.900604 582
0.900604 583
0.900797 584
0.900797 585
0.900797 586
0.900797 587
0.900797 588
0.900797 589
0.900797 590
0.900797 591
0.900797 592
0.900797 593
0.900797 594
0.900797 595
0.900797 596
0.900991 597
0.900991 598
0.900991 599
0.900991 600
0.900991 601
0.900991 602
0.900991 603
0.900991 604
0.900991 605
0.900991 606
0.900991 607
0.900991 608
0.900991 609
0.900991 610
0.900991 611
0.901185 612
0.901379 613
0.901379 614
0.901379 615
0.901379 616
0.901379 617
0.901379 618
0.901379 619
0.901379 620
0.901379 621
0.901379 622
0.901379 623
0.901379 624
0.901379 625
0.901379 626
0.901379 627
0.901379 628
0.901379 629
0.901379 630
0.901379 631
0.901379 632
0.901379 633
0.901379 634
0.901379 635
0.901379 636
0.901379 637
0.901379 638
0.901379 639
0.901379 640
0.901379 641
0.901379 642
0.901379 643
0.901379 644
0.901379 645
0.901379 646
0.901379 647
0.901379 648
0.901379 649
0.901379 650
0.901572 651
0.901572 652
0.901572 653
0.901572 654
0.901572 655
0.901572 656
0.901572 657
0.901572 658
0.901572 659
0.901572 660
0.901572 661
0.901572 662
0.901572 663
0.901572 664
0.901572 665
0.901572 666
0.901572 667
0.901572 668
0.901572 669
0.901572 670
0.901764 671
0.901764 672
0.901764 673
0.901764 674
0.901764 675
0.901764 676
0.901764 677
0.901764 678
0.901764 679
0.901764 680
0.901764 681
0.901764 682
0.901764 683
0.901764 684
0.901764 685
0.901764 686
0.901764 687
0.901764 688
0.901957 689
0.901957 690
0.901957 691
0.901957 692
0.901957 693
0.901957 694
0.901957 695
0.901957 696
0.901957 697
0.902150 698
0.902150 699
0.902150 700
0.902150 701
0.902150 702
0.902150 703
0.902150 704
0.902150 705
0.902150 706
0.902150 707
0.902150 708
0.902150 709
0.902150 710
0.902150 711
0.902150 712
0.902150 713
0.902150 714
0.902150 715
0.902150 716
0.902150 717
0.902150 718
0.902150 719
0.902150 720
0.902150 721
0.902150 722
0.902150 723
0.902150 724
0.902150 725
0.902150 726
0.902150 727
0.902150 728
0.902150 729
0.902150 730
0.902150 731
0.902150 732
0.902150 733
0.902150 734
0.902150 735
0.902150 736
0.902150 737
0.902150 738
0.902150 739
0.902150 740
0.902150 741
0.902150 742
0.902150 743
0.902150 744
0.902150 745
0.902150 746
0.902150 747
0.902150 748
0.902150 749
0.902150 750
0.902150 751
0.902150 752
0.902150 753
0.902150 754
0.902150 755
0.902150 756
0.902150 757
0.902150 758
0.902150 759
0.902150 760
0.902150 761
0.902150 762
0.902150 763
0.902150 764
0.902150 765
0.902150 766
0.902150 767
0.902150 768
0.902150 769
0.902150 770
0.902150 771
0.902150 772
0.902150 773
0.902150 774
0.902150 775
0.902150 776
0.902150 777
0.902150 778
0.902150 779
0.902150 780
0.902150 781
0.902150 782
0.902150 783
0.902150 784
0.902150 785
0.902150 786
0.902150 787
0.902150 788
0.902150 789
0.902150 790
0.902150 791
0.902150 792
0.902150 793
0.902150 794
0.902150 795
0.902150 796
0.902150 797
0.902150 798
0.902150 799
0.902150 800
0.902150 801
0.902150 802
0.902344 803
0.902344 804
0.902344 805
0.902344 806
0.902344 807
0.902344 808
0.902344 809
0.902344 810
0.902344 811
0.902344 812
0.902344 813
0.902344 814
0.902344 815
0.902344 816
0.902344 817
0.902344 818
0.902344 819
0.902344 820
0.902344 821
0.902344 822
0.902344 823
0.902536 824
0.902536 825
0.902536 826
0.902536 827
0.902536 828
0.902536 829
0.902536 830
0.902536 831
0.902536 832
0.902536 833
0.902536 834
0.902536 835
0.902536 836
0.902536 837
0.902536 838
0.902536 839
0.902536 840
0.902536 841
0.902536 842
0.902536 843
0.902536 844
0.902536 845
0.902536 846
0.902729 847
0.902729 848
0.902729 849
0.902729 850
0.902729 851
0.902729 852
0.902729 853
0.902729 854
0.902729 855
0.902729 856
0.902729 857
0.902729 858
0.902729 859
0.902729 860
0.902729 861
0.902729 862
0.902922 863
0.902922 864
0.902922 865
0.902922 866
0.902922 867
0.902922 868
0.902922 869
0.902922 870
0.902922 871
0.902922 872
0.902922 873
0.902922 874
0.902922 875
0.902922 876
0.902922 877
0.902922 878
0.902922 879
0.902922 880
0.903115 881
0.903115 882
0.903115 883
0.903115 884
0.903310 885
0.903310 886
0.903310 887
0.903504 888
0.903504 889
0.903504 890
0.903504 891
0.903504 892
0.903504 893
0.903504 894
0.903504 895
0.903504 896
0.903504 897
0.903504 898
0.903504 899
0.903504 900
0.903504 901
0.903504 902
0.903504 903
0.903504 904
0.903504 905
0.903504 906
0.903504 907
0.903504 908
0.903697 909
0.903697 910
0.903697 911
0.903697 912
0.903697 913
0.903697 914
0.903890 915
0.903890 916
0.903890 917
0.903890 918
0.903890 919
0.903890 920
0.903890 921
0.903890 922
0.903890 923
0.903890 924
0.903890 925
0.903890 926
0.903890 927
0.903890 928
0.903890 929
0.903890 930
0.903890 931
0.903890 932
0.903890 933
0.903890 934
0.903890 935
0.903890 936
0.903890 937
0.903890 938
0.903890 939
0.903890 940
0.903890 941
0.903890 942
0.903890 943
0.903890 944
0.903890 945
0.903890 946
0.903890 947
0.903890 948
0.903890 949
0.903890 950
0.903890 951
0.903890 952
0.904083 953
0.904083 954
0.904083 955
0.904083 956
0.904083 957
0.904083 958
0.904083 959
0.904083 960
0.904278 961
0.904470 962
0.904470 963
0.904470 964
0.904470 965
0.904470 966
0.904470 967
0.904470 968
0.904470 969
0.904470 970
0.904470 971
0.904470 972
0.904663 973
0.904663 974
0.904663 975
0.904663 976
0.904663 977
0.904663 978
0.904663 979
0.904663 980
0.904663 981
0.904663 982
0.904856 983
0.904856 984
0.904856 985
0.904856 986
0.904856 987
0.904856 988
0.904856 989
0.904856 990
0.904856 991
0.904856 992
0.904856 993
0.904856 994
0.904856 995
0.904856 996
0.904856 997
0.904856 998
0.904856 999
0.904856 1000
0.904856 1001
0.904856 1002
0.904856 1003
0.904856 1004
0.904856 1005
0.904856 1006
0.904856 1007
0.904856 1008
0.904856 1009
0.904856 1010
0.904856 1011
0.905049 1012
0.905049 1013
0.905049 1014
0.905049 1015
0.905049 1016
0.905049 1017
0.905049 1018
0.905049 1019
0.905049 1020
0.905049 1021
0.905049 1022
0.905049 1023
0.905049 1024
0.905049 1025
0.905049 1026
0.905049 1027
0.905049 1028
0.905049 1029
0.905049 1030
0.905049 1031
0.905049 1032
0.905049 1033
0.905049 1034
0.905049 1035
0.905049 1036
0.905049 1037
0.905049 1038
0.905049 1039
0.905049 1040
0.905049 1041
0.905049 1042
0.905049 1043
0.905049 1044
0.905049 1045
0.905049 1046
0.905049 1047
0.905049 1048
0.905049 1049
0.905049 1050
0.905049 1051
0.905049 1052
0.905049 1053
0.905242 1054
0.905242 1055
0.905242 1056
0.905242 1057
0.905242 1058
0.905242 1059
0.905242 1060
0.905242 1061
0.905242 1062
0.905242 1063
0.905242 1064
0.905242 1065
0.905242 1066
0.905242 1067
0.905242 1068
0.905242 1069
0.905242 1070
0.905242 1071
0.905242 1072
0.905242 1073
0.905242 1074
0.905242 1075
0.905242 1076
0.905242 1077
0.905242 1078
0.905242 1079
0.905242 1080
0.905242 1081
0.905242 1082
0.905242 1083
0.905436 1084
0.905436 1085
0.905436 1086
0.905436 1087
0.905436 1088
0.905436 1089
0.905436 1090
0.905436 1091
0.905436 1092
0.905436 1093
0.905436 1094
0.905436 1095
0.905436 1096
0.905436 1097
0.905436 1098
0.905436 1099
0.905436 1100
0.905436 1101
0.905436 1102
0.905436 1103
0.905436 1104
0.905436 1105
0.905629 1106
0.905629 1107
0.905629 1108
0.905629 1109
0.905629 1110
0.905629 1111
0.905629 1112
0.905629 1113
0.905629 1114
0.905629 1115
0.905629 1116
0.905629 1117
0.905629 1118
0.905629 1119
0.905629 1120
0.905629 1121
0.905629 1122
0.905629 1123
0.905629 1124
0.905629 1125
0.905629 1126
0.905629 1127
0.905629 1128
0.905629 1129
0.905629 1130
0.905629 1131
0.905629 1132
0.905629 1133
0.905629 1134
0.905629 1135
0.905629 1136
0.905629 1137
0.905629 1138
0.905629 1139
0.905629 1140
0.905629 1141
0.905629 1142
0.905629 1143
0.905629 1144
0.905629 1145
0.905629 1146
0.905629 1147
0.905629 1148
0.905629 1149
0.905629 1150
0.905629 1151
0.905629 1152
0.905629 1153
0.905629 1154
0.905629 1155
0.905629 1156
0.905822 1157
0.905822 1158
0.905822 1159
0.905822 1160
0.905822 1161
0.905822 1162
0.905822 1163
0.905822 1164
0.905822 1165
0.905822 1166
0.905822 1167
0.905822 1168
0.905822 1169
0.905822 1170
0.905822 1171
0.905822 1172
0.905822 1173
0.905822 1174
0.905822 1175
0.905822 1176
0.905822 1177
0.905822 1178
0.905822 1179
0.905822 1180
0.905822 1181
0.905822 1182
0.905822 1183
0.905822 1184
0.905822 1185
0.905822 1186
0.905822 1187
0.905822 1188
0.906016 1189
0.906016 1190
0.906016 1191
0.906016 1192
0.906016 1193
0.906209 1194
0.906209 1195
0.906209 1196
0.906209 1197
0.906209 1198
0.906209 1199
0.906209 1200
0.906209 1201
0.906209 1202
0.906209 1203
0.906209 1204
0.906209 1205
0.906209 1206
0.906209 1207
0.906209 1208
0.906209 1209
0.906209 1210
0.906209 1211
0.906209 1212
0.906209 1213
0.906209 1214
0.906209 1215
0.906209 1216
0.906209 1217
0.906209 1218
0.906209 1219
0.906209 1220
0.906209 1221
0.906209 1222
0.906209 1223
0.906209 1224
0.906209 1225
0.906209 1226
0.906209 1227
0.906209 1228
0.906209 1229
0.906209 1230
0.906209 1231
0.906209 1232
0.906209 1233
0.906209 1234
0.906209 1235
0.906209 1236
0.906209 1237
0.906209 1238
0.906209 1239
0.906209 1240
0.906209 1241
0.906209 1242
0.906209 1243
0.906209 1244
0.906209 1245
0.906209 1246
0.906209 1247
0.906209 1248
0.906209 1249
0.906209 1250
0.906209 1251
0.906209 1252
0.906209 1253
0.906209 1254
0.906209 1255
0.906402 1256
0.906402 1257
0.906402 1258
0.906402 1259
0.906402 1260
0.906402 1261
0.906402 1262
0.906402 1263
0.906402 1264
0.906402 1265
0.906402 1266
0.906402 1267
0.906402 1268
0.906402 1269
0.906402 1270
0.906402 1271
0.906402 1272
0.906402 1273
0.906402 1274
0.906402 1275
0.906402 1276
0.906402 1277
0.906402 1278
0.906402 1279
0.906402 1280
0.906402 1281
0.906402 1282
0.906402 1283
0.906402 1284
0.906402 1285
0.906402 1286
0.906402 1287
0.906402 1288
0.906402 1289
0.906402 1290
0.906402 1291
0.906402 1292
0.906402 1293
0.906402 1294
0.906402 1295
0.906402 1296
0.906402 1297
0.906402 1298
0.906402 1299
0.906402 1300
0.906402 1301
0.906402 1302
0.906402 1303
0.906402 1304
0.906402 1305
0.906402 1306
0.906402 1307
0.906402 1308
0.906402 1309
0.906402 1310
0.906402 1311
0.906402 1312
0.906402 1313
0.906595 1314
0.906595 1315
0.906595 1316
0.906595 1317
0.906595 1318
0.906595 1319
0.906595 1320
0.906595 1321
0.906595 1322
0.906595 1323
0.906595 1324
0.906595 1325
0.906595 1326
0.906595 1327
0.906595 1328
0.906595 1329
0.906595 1330
0.906595 1331
0.906595 1332
0.906595 1333
0.906789 1334
0.906789 1335
0.906789 1336
0.906789 1337
0.906789 1338
0.906789 1339
0.906789 1340
0.906789 1341
0.906789 1342
0.906789 1343
0.906789 1344
0.906981 1345
0.906981 1346
0.906981 1347
0.906981 1348
0.906981 1349
0.906981 1350
0.906981 1351
0.906981 1352
0.906981 1353
0.906981 1354
0.906981 1355
0.906981 1356
0.906981 1357
0.906981 1358
0.906981 1359
0.906981 1360
0.906981 1361
0.906981 1362
0.906981 1363
0.906981 1364
0.906981 1365
0.906981 1366
0.907174 1367
0.907174 1368
0.907174 1369
0.907174 1370
0.907174 1371
0.907174 1372
0.907174 1373
0.907174 1374
0.907174 1375
0.907174 1376
0.907174 1377
0.907174 1378
0.907174 1379
0.907174 1380
0.907174 1381
0.907174 1382
0.907174 1383
0.907174 1384
0.907174 1385
0.907174 1386
0.907174 1387
0.907174 1388
0.907174 1389
0.907174 1390
0.907174 1391
0.907174 1392
0.907174 1393
0.907174 1394
0.907174 1395
0.907174 1396
0.907174 1397
0.907174 1398
0.907174 1399
0.907174 1400
0.907174 1401
0.907174 1402
0.907174 1403
0.907174 1404
0.907174 1405
0.907174 1406
0.907174 1407
0.907174 1408
0.907174 1409
0.907174 1410
0.907174 1411
0.907368 1412
0.907368 1413
0.907368 1414
0.907368 1415
0.907368 1416
0.907368 1417
0.907368 1418
0.907368 1419
0.907368 1420
0.907368 1421
0.907368 1422
0.907368 1423
0.907368 1424
0.907368 1425
0.907368 1426
0.907368 1427
0.907368 1428
0.907368 1429
0.907368 1430
0.907368 1431
0.907560 1432
0.907560 1433
0.907560 1434
0.907560 1435
0.907560 1436
0.907560 1437
0.907560 1438
0.907560 1439
0.907560 1440
0.907560 1441
0.907560 1442
0.907560 1443
0.907560 1444
0.907560 1445
0.907560 1446
0.907560 1447
0.907560 1448
0.907560 1449
0.907560 1450
0.907560 1451
0.907560 1452
0.907560 1453
0.907560 1454
0.907560 1455
0.907560 1456
0.907560 1457
0.907560 1458
0.907560 1459
0.907560 1460
0.907560 1461
0.907560 1462
0.907560 1463
0.907560 1464
0.907560 1465
0.907560 1466
0.907560 1467
0.907560 1468
0.907560 1469
0.907560 1470
0.907560 1471
0.907560 1472
0.907560 1473
0.907560 1474
0.907560 1475
0.907560 1476
0.907560 1477
0.907560 1478
0.907560 1479
0.907560 1480
0.907560 1481
0.907560 1482
0.907560 1483
0.907560 1484
0.907560 1485
0.907560 1486
0.907560 1487
0.907560 1488
0.907560 1489
0.907560 1490
0.907560 1491
0.907560 1492
0.907560 1493
0.907560 1494
0.907560 1495
0.907560 1496
0.907560 1497
0.907560 1498
0.907560 1499
0.907560 1500
0.907560 1501
0.907560 1502
0.907560 1503
0.907560 1504
0.907560 1505
0.907560 1506
0.907560 1507
0.907560 1508
0.907560 1509
0.907560 1510
0.907560 1511
0.907560 1512
0.907560 1513
0.907560 1514
0.907560 1515
0.907560 1516
0.907560 1517
0.907560 1518
0.907560 1519
0.907560 1520
0.907560 1521
0.907560 1522
0.907560 1523
0.907560 1524
0.907560 1525
0.907560 1526
0.907560 1527
0.907560 1528
0.907560 1529
0.907560 1530
0.907560 1531
0.907560 1532
0.907560 1533
0.907560 1534
0.907560 1535
0.907560 1536
0.907560 1537
0.907560 1538
0.907560 1539
0.907560 1540
0.907560 1541
0.907560 1542
0.907560 1543
0.907560 1544
0.907560 1545
0.907560 1546
0.907560 1547
0.907560 1548
0.907560 1549
0.907560 1550
0.907560 1551
0.907560 1552
0.907560 1553
0.907560 1554
0.907560 1556
0.907560 1557
0.907560 1558
0.907560 1559
0.907560 1560
0.907560 1561
0.907560 1562
0.907560 1563
0.907560 1564
0.907560 1565
0.907560 1566
0.907560 1567
0.907560 1568
0.907560 1569
0.907560 1570
0.907560 1571
0.907560 1572
0.907560 1573
0.907560 1574
0.907560 1575
0.907560 1576
0.907560 1577
0.907560 1578
0.907560 1579
0.907560 1580
0.907560 1581
0.907560 1582
0.907560 1583
0.907560 1584
0.907560 1585
0.907560 1586
0.907560 1587
0.907560 1588
0.907560 1589
0.907560 1590
0.907560 1591
0.907560 1592
0.907560 1593
0.907560 1594
0.907560 1595
0.907560 1596
0.907560 1597
0.907560 1598
0.907560 1599
0.907560 1600
0.907560 1601
0.907560 1602
0.907560 1603
0.907560 1604
0.907560 1605
0.907560 1606
0.907560 1607
0.907560 1608
0.907560 1609
0.907560 1610
0.907560 1611
0.907560 1612
0.907560 1613
0.907560 1614
0.907560 1615
0.907560 1616
0.907560 1617
0.907560 1618
0.907560 1619
0.907560 1620
0.907560 1621
0.907560 1622
0.907560 1623
0.907560 1624
0.907560 1625
0.907560 1626
0.907560 1627
0.907560 1628
0.907560 1629
0.907560 1630
0.907560 1631
0.907560 1632
0.907560 1633
0.907560 1634
0.907560 1635
0.907560 1636
0.907560 1637
0.907560 1638
0.907560 1639
0.907560 1640
0.907560 1641
0.907560 1642
0.907560 1643
0.907560 1644
0.907560 1645
0.907560 1646
0.907560 1647
0.907560 1648
0.907560 1649
0.907560 1650
0.907560 1651
0.907560 1652
0.907560 1653
0.907560 1654
0.907560 1655
0.907560 1656
0.907560 1657
0.907560 1658
0.907560 1659
0.907560 1660
0.907560 1661
0.907560 1662
0.907560 1663
0.907560 1664
0.907560 1665
0.907560 1666
0.907560 1667
0.907560 1668
0.907560 1669
0.907560 1670
0.907560 1671
0.907560 1672
0.907560 1673
0.907560 1674
0.907560 1675
0.907560 1676
0.907560 1677
0.907560 1678
0.907560 1679
0.907560 1680
0.907560 1681
0.907560 1682
0.907560 1683
0.907560 1684
0.907560 1685
0.907560 1686
0.907560 1687
0.907560 1688
0.907560 1689
0.907560 1690
0.907560 1691
0.907560 1692
0.907560 1693
0.907560 1694
0.907560 1695
0.907560 1696
0.907560 1697
0.907560 1698
0.907560 1699
0.907560 1700
0.907560 1701
0.907560 1702
0.907560 1703
0.907560 1704
0.907560 1705
0.907560 1706
0.907560 1707
0.907560 1708
0.907560 1709
0.907560 1710
0.907560 1711
0.907560 1712
0.907560 1713
0.907560 1714
0.907560 1715
0.907560 1716
0.907560 1717
0.907560 1718
0.907560 1719
0.907560 1720
0.907560 1721
0.907560 1722
0.907560 1723
0.907560 1724
0.907560 1725
0.907560 1726
0.907560 1727
0.907560 1728
0.907560 1729
0.907560 1730
0.907560 1731
0.907560 1732
0.907560 1733
0.907560 1734
0.907560 1735
0.907560 1736
0.907560 1737
0.907560 1738
0.907560 1739
0.907560 1740
0.907560 1741
0.907560 1742
0.907560 1743
0.907560 1744
0.907560 1745
0.907560 1746
0.907560 1747
0.907560 1748
0.907560 1749
0.907560 1750
0.907560 1751
0.907560 1752
0.907560 1753
0.907560 1754
0.907560 1755
0.907560 1756
0.907560 1757
0.907560 1758
0.907560 1759
0.907560 1760
0.907560 1761
0.907560 1762
0.907560 1763
0.907560 1764
0.907560 1765
0.907560 1766
0.907560 1767
0.907560 1768
0.907560 1769
0.907560 1770
0.907560 1771
0.907560 1772
0.907560 1773
0.907560 1774
0.907560 1775
0.907560 1776
0.907560 1777
0.907560 1778
0.907560 1779
0.907560 1780
0.907560 1781
0.907560 1782
0.907560 1783
0.907560 1784
0.907560 1785
0.907560 1786
0.907560 1787
0.907560 1788
0.907560 1789
0.907560 1790
0.907560 1791
0.907560 1792
0.907560 1793
0.907560 1794
0.907560 1795
0.907560 1796
0.907560 1797
0.907560 1798
0.907560 1799
0.907560 1800
0.907560 1801
0.907560 1802
0.907560 1803
0.907560 1804
0.907560 1805
0.907560 1806
0.907560 1807
0.907560 1808
0.907560 1809
0.907560 1810
0.907560 1811
0.907560 1812
0.907560 1813
0.907560 1814
0.907560 1815
0.907560 1816
0.907560 1817
0.907560 1818
0.907560 1819
0.907560 1820
0.907560 1821
0.907560 1822
0.907560 1823
0.907560 1824
0.907560 1825
0.907560 1826
0.907560 1827
0.907560 1828
0.907560 1829
0.907560 1830
0.907560 1831
0.907560 1832
0.907560 1833
0.907560 1834
0.907560 1835
0.907560 1836
0.907560 1837
0.907560 1838
0.907560 1839
0.907560 1840
0.907560 1841
0.907560 1842
0.907560 1843
0.907560 1844
0.907560 1845
0.907560 1846
0.907560 1847
0.907560 1848
0.907560 1849
0.907560 1850
0.907560 1851
0.907560 1852
0.907560 1853
0.907560 1854
0.907560 1855
0.907560 1856
0.907560 1857
0.907560 1858
0.907560 1859
0.907560 1860
0.907560 1861
0.907560 1862
0.907560 1863
0.907560 1864
0.907560 1865
0.907560 1866
0.907560 1867
0.907560 1868
0.907560 1869
0.907560 1870
0.907560 1871
0.907560 1872
0.907560 1873
0.907560 1874
0.907560 1875
0.907560 1876
0.907560 1877
0.907560 1878
0.907560 1879
0.907560 1880
0.907560 1881
0.907560 1882
0.907560 1883
0.907560 1884
0.907560 1885
0.907560 1886
0.907560 1887
0.907560 1888
0.907560 1889
0.907560 1890
0.907560 1891
0.907560 1892
0.907560 1893
0.907560 1894
0.907560 1895
0.907560 1896
0.907560 1897
0.907560 1898
0.907560 1899
0.907560 1900
0.907560 1901
0.907560 1902
0.907560 1903
0.907560 1904
0.907560 1905
0.907560 1906
0.907560 1907
0.907560 1908
0.907560 1909
0.907560 1910
0.907560 1911
0.907560 1912
0.907560 1913
0.907560 1914
0.907560 1915
0.907560 1916
0.907560 1917
0.907560 1918
0.907560 1919
0.907560 1920
0.907560 1921
0.907560 1922
0.907560 1923
0.907560 1924
0.907560 1925
0.907560 1926
0.907560 1927
0.907560 1928
0.907560 1929
0.907560 1930
0.907560 1931
0.907560 1932
0.907560 1933
0.907560 1934
0.907560 1935
0.907560 1936
0.907560 1937
0.907560 1938
0.907560 1939
0.907560 1940
0.907560 1941
0.907560 1942
0.907560 1943
0.907560 1944
0.907560 1945
0.907560 1946
0.907560 1947
0.907560 1948
0.907560 1949
0.907560 1950
0.907560 1951
0.907560 1952
0.907560 1953
0.907560 1954
0.907560 1955
0.907560 1956
0.907560 1957
0.907560 1958
0.907560 1959
0.907560 1960
0.907560 1961
0.907560 1962
0.907560 1963
0.907560 1964
0.907560 1965
0.907560 1966
0.907560 1967
0.907560 1968
0.907560 1969
0.907560 1970
0.907560 1971
0.907560 1972
0.907560 1973
0.907560 1974
0.907560 1975
0.907560 1976
0.907560 1977
0.907560 1978
0.907560 1979
0.907560 1980
0.907560 1981
0.907560 1982
0.907560 1983
0.907560 1984
0.907560 1985
0.907560 1986
0.907560 1987
0.907560 1988
0.907560 1989
0.907560 1990
0.907560 1991
0.907560 1992
0.907560 1993
0.907560 1994
0.907560 1995
0.907560 1996
0.907560 1997
0.907560 1998
0.907560 1999
0.907560 2000
0.907560 2001
