0.506798 2256
0.506798 2255
0.506798 2254
0.506798 2253
0.506693 2253
0.506693 2252
0.506693 2251
0.506693 2250
0.506693 2249
0.506693 2248
0.506693 2247
0.506693 2246
0.506693 2245
0.506693 2244
0.506666 2243
0.506666 2242
0.506666 2241
0.506666 2240
0.506666 2239
0.506666 2238
0.506666 2237
0.506666 2236
0.506666 2235
0.506666 2234
0.506666 2233
0.506666 2232
0.506666 2231
0.506666 2230
0.506666 2229
0.506666 2228
0.506666 2227
0.506666 2226
0.506666 2225
0.506666 2224
0.506656 2223
0.506656 2222
0.506656 2221
0.506656 2220
0.506656 2219
0.50662 2218
0.50662 2217
0.50662 2216
0.50662 2215
0.506495 2215
0.506444 2214
0.506444 2213
0.506444 2212
0.506444 2211
0.506444 2210
0.506444 2209
0.506444 2208
0.506444 2207
0.506444 2206
0.506444 2205
0.506444 2204
0.506444 2203
0.506444 2202
0.506444 2201
0.506444 2200
0.506376 2199
0.506376 2198
0.506376 2197
0.506376 2196
0.506376 2195
0.506376 2194
0.506338 2193
0.506338 2192
0.506338 2191
0.506338 2190
0.506338 2189
0.506299 2188
0.506299 2187
0.506148 2187
0.506148 2186
0.506148 2185
0.506148 2184
0.506118 2183
0.506118 2182
0.506118 2181
0.506118 2180
0.506118 2179
0.506118 2178
0.506118 2177
0.506118 2176
0.506207 2174
0.506207 2173
0.506207 2172
0.506207 2171
0.506094 2171
0.506094 2170
0.506094 2169
0.506094 2168
0.506094 2167
0.506094 2166
0.506094 2165
0.506094 2164
0.506094 2163
0.506094 2162
0.506094 2161
0.506094 2160
0.506094 2159
0.506094 2158
0.506094 2157
0.506094 2156
0.506094 2155
0.506094 2154
0.506094 2153
0.506094 2152
0.506094 2151
0.506094 2150
0.505984 2150
0.505984 2149
0.505984 2148
0.505984 2147
0.505984 2146
0.505959 2145
0.505959 2144
0.505936 2143
0.505936 2142
0.505915 2141
0.505911 2140
0.505911 2139
0.505911 2138
0.505911 2137
0.505911 2136
0.505911 2135
0.505911 2134
0.505911 2133
0.505911 2132
0.505911 2131
0.505911 2130
0.505911 2129
0.505911 2128
0.505911 2127
0.505911 2126
0.505911 2125
0.50583 2124
0.50583 2123
0.50583 2122
0.50583 2121
0.50583 2120
0.50583 2119
0.505794 2118
0.505794 2117
0.505794 2116
0.505794 2115
0.505794 2114
0.505794 2113
0.505794 2112
0.505723 2111
0.505723 2110
0.505723 2109
0.505723 2108
0.505723 2107
0.505723 2106
0.505723 2105
0.505723 2104
0.505723 2103
0.505723 2102
0.505723 2101
0.505678 2100
0.505678 2099
0.505678 2098
0.505678 2097
0.505678 2096
0.505672 2095
0.505672 2094
0.505672 2093
0.505672 2092
0.505672 2091
0.505549 2091
0.505549 2090
0.505549 2089
0.505529 2088
0.505529 2087
0.505416 2087
0.505416 2085
0.505416 2084
0.505416 2083
0.505416 2082
0.505416 2081
0.505368 2080
0.505368 2079
0.505368 2078
0.505368 2077
0.505368 2076
0.505368 2075
0.505368 2074
0.505368 2073
0.505368 2072
0.505368 2071
0.505243 2071
0.505243 2070
0.505243 2069
0.505132 2069
0.505063 2068
0.505063 2067
0.505063 2066
0.505063 2065
0.505063 2064
0.505063 2063
0.50506 2062
0.50506 2061
0.50506 2060
0.50506 2059
0.50506 2058
0.50506 2057
0.50506 2056
0.504998 2055
0.504998 2054
0.504998 2053
0.504998 2052
0.504998 2051
0.504998 2050
0.504998 2049
0.504998 2048
0.504998 2047
0.504978 2046
0.504978 2045
0.504978 2044
0.504853 2044
0.504853 2043
0.504853 2042
0.504853 2041
0.504853 2040
0.504853 2039
0.504853 2038
0.504853 2037
0.504853 2036
0.504826 2035
0.504826 2034
0.504826 2033
0.504826 2032
0.504826 2031
0.504826 2030
0.504826 2029
0.504826 2028
0.504826 2027
0.504826 2026
0.504735 2025
0.504735 2024
0.504735 2023
0.504735 2022
0.504735 2021
0.504735 2020
0.504603 2020
0.504603 2019
0.504603 2018
0.504603 2017
0.504603 2016
0.504603 2015
0.504603 2014
0.504603 2013
0.504603 2012
0.504598 2011
0.504598 2010
0.504598 2009
0.504598 2008
0.504598 2007
0.504598 2006
0.504598 2005
0.504598 2004
0.504598 2003
0.504598 2002
0.504598 2001
0.504598 2000
0.504598 1999
0.504598 1998
0.504598 1997
0.504598 1996
0.504537 1995
0.504537 1994
0.504537 1993
0.504537 1992
0.504537 1991
0.504537 1990
0.504537 1989
0.504537 1988
0.504537 1987
0.504537 1986
0.504537 1985
0.504537 1984
0.504537 1983
0.504537 1982
0.504403 1982
0.504403 1981
0.504403 1980
0.504403 1979
0.504403 1978
0.504403 1977
0.504403 1976
0.504403 1975
0.504403 1974
0.504403 1973
0.504308 1972
0.504308 1971
0.504308 1970
0.504308 1969
0.504308 1968
0.504308 1967
0.504308 1966
0.504308 1965
0.504308 1964
0.504308 1963
0.504308 1962
0.50429 1961
0.50429 1960
0.50429 1959
0.504283 1958
0.504283 1957
0.504283 1956
0.504176 1956
0.504062 1956
0.504062 1955
0.504062 1954
0.504062 1953
0.504062 1952
0.504062 1951
0.504062 1950
0.504062 1949
0.504062 1948
0.504062 1947
0.504062 1946
0.504062 1945
0.504062 1944
0.504062 1943
0.504062 1942
0.504062 1941
0.504062 1940
0.504001 1939
0.504001 1938
0.504001 1937
0.504001 1936
0.504001 1935
0.503996 1934
0.503996 1933
0.503996 1932
0.503996 1931
0.503996 1930
0.503996 1929
0.503996 1928
0.503996 1927
0.503996 1926
0.503996 1925
0.503996 1924
0.503996 1923
0.503992 1922
0.503992 1921
0.503992 1920
0.503992 1919
0.503992 1918
0.503992 1917
0.503992 1916
0.503992 1915
0.50399 1914
0.50399 1913
0.50399 1912
0.50399 1911
0.50399 1910
0.50399 1909
0.50399 1908
0.50399 1907
0.50399 1906
0.50396 1905
0.50396 1904
0.503846 1904
0.503846 1903
0.503846 1902
0.503846 1901
0.503846 1900
0.503846 1899
0.503846 1898
0.503846 1897
0.503846 1896
0.503846 1895
0.503846 1894
0.503846 1893
0.503846 1892
0.503846 1891
0.503846 1890
0.503846 1889
0.503846 1888
0.503846 1887
0.503846 1886
0.503846 1885
0.503846 1884
0.503846 1883
0.503846 1882
0.503846 1881
0.503846 1880
0.503846 1879
0.503846 1878
0.503831 1877
0.503831 1876
0.503831 1875
0.503831 1874
0.503831 1873
0.503831 1872
0.503831 1871
0.5037 1871
0.5037 1870
0.5037 1869
0.5037 1868
0.5037 1867
0.5037 1866
0.5037 1865
0.50367 1864
0.503511 1864
0.503511 1863
0.503511 1862
0.503511 1861
0.503511 1860
0.503511 1859
0.503395 1859
0.50331 1859
0.50331 1858
0.50331 1857
0.50331 1856
0.50331 1855
0.50331 1854
0.50331 1853
0.50331 1852
0.50331 1851
0.50331 1850
0.50331 1849
0.50331 1848
0.50331 1847
0.503254 1846
0.503254 1845
0.503254 1844
0.503254 1843
0.503254 1842
0.503254 1841
0.503254 1840
0.503254 1839
0.503254 1838
0.503254 1837
0.503254 1836
0.503254 1835
0.503254 1834
0.503254 1833
0.503254 1832
0.503254 1831
0.503254 1830
0.503254 1829
0.503254 1828
0.503254 1827
0.503254 1826
0.503254 1825
0.503254 1824
0.503254 1823
0.503254 1822
0.503254 1821
0.503254 1820
0.503254 1819
0.503254 1818
0.503254 1817
0.503245 1816
0.50312 1816
0.50312 1815
0.50312 1814
0.502991 1814
0.502991 1813
0.502991 1812
0.502991 1811
0.502991 1810
0.502969 1809
0.502969 1808
0.502969 1807
0.502969 1806
0.502969 1805
0.502969 1804
0.502831 1804
0.502831 1803
0.502831 1802
0.502831 1801
0.502831 1800
0.502812 1799
0.502812 1798
0.502812 1797
0.502787 1796
0.502787 1795
0.502787 1794
0.502787 1793
0.502787 1792
0.502772 1791
0.502772 1790
0.502772 1789
0.502772 1788
0.502772 1787
0.502772 1786
0.502772 1785
0.502772 1784
0.502768 1783
0.502768 1782
0.502768 1781
0.502768 1780
0.50275 1779
0.50275 1778
0.50275 1777
0.502707 1776
0.502707 1775
0.502707 1774
0.502707 1773
0.502707 1772
0.502707 1771
0.502577 1771
0.502577 1770
0.502577 1769
0.502577 1768
0.502577 1767
0.502577 1766
0.502577 1765
0.502577 1764
0.502577 1763
0.502577 1762
0.502577 1761
0.502577 1760
0.502577 1759
0.502577 1758
0.502577 1757
0.502577 1756
0.502577 1755
0.502564 1754
0.502564 1753
0.502564 1752
0.502564 1751
0.502456 1751
0.502456 1750
0.502456 1749
0.502456 1748
0.502389 1747
0.502389 1746
0.502315 1745
0.502315 1744
0.502238 1743
0.502238 1742
0.502238 1741
0.502238 1740
0.502238 1739
0.502238 1738
0.502101 1738
0.502101 1737
0.502019 1736
0.502019 1735
0.502019 1734
0.502019 1733
0.502019 1732
0.502019 1731
0.502019 1730
0.501935 1730
0.501814 1730
0.50171 1730
0.50171 1729
0.501573 1729
0.501573 1728
0.501573 1727
0.501573 1726
0.501573 1725
0.501573 1724
0.501573 1723
0.501448 1723
0.501448 1722
0.501448 1721
0.501448 1720
0.501448 1719
0.501372 1718
0.501372 1717
0.501372 1716
0.501372 1715
0.501372 1714
0.501372 1713
0.501372 1712
0.501372 1711
0.501372 1710
0.501294 1709
0.501294 1708
0.501279 1707
0.501279 1706
0.501279 1705
0.501279 1704
0.501279 1703
0.501279 1702
0.501279 1701
0.501279 1700
0.501279 1699
0.501279 1698
0.501279 1697
0.501279 1696
0.501279 1695
0.501279 1694
0.501279 1693
0.501279 1692
0.501279 1691
0.501177 1691
0.501177 1690
0.501177 1689
0.501177 1688
0.501177 1687
0.501177 1686
0.501177 1685
0.501177 1684
0.501177 1683
0.50105 1683
0.500963 1682
0.500963 1681
0.500827 1681
0.500827 1680
0.500827 1679
0.500827 1678
0.500751 1677
0.500661 1676
0.500661 1675
0.500661 1674
0.500661 1673
0.500661 1672
0.500661 1671
0.500629 1671
0.500629 1670
0.500629 1669
0.500629 1668
0.500629 1667
0.500629 1666
0.500629 1665
0.500629 1664
0.500543 1663
0.500543 1662
0.500543 1661
0.500543 1660
0.500478 1659
0.500478 1658
0.500478 1657
0.500478 1656
0.500473 1655
0.500473 1654
0.500371 1654
0.500371 1653
0.500371 1652
0.500371 1651
0.500371 1650
0.500371 1649
0.500371 1648
0.500371 1647
0.500371 1646
0.500371 1645
0.500371 1644
0.500371 1643
0.500371 1642
0.500273 1642
0.500141 1642
0.500141 1641
0.500141 1640
0.500028 1640
0.500028 1639
0.500028 1638
0.500028 1637
0.500028 1636
0.500028 1635
0.500028 1634
0.500028 1633
0.500028 1632
0.500028 1631
0.500028 1630
0.500028 1629
0.500028 1628
0.500028 1627
0.500028 1626
0.500028 1625
0.500028 1624
0.500028 1623
0.500028 1622
0.500028 1621
0.499934 1620
0.499823 1620
0.499823 1619
0.499823 1618
0.499823 1617
0.499769 1616
0.499769 1615
0.499769 1614
0.499769 1613
0.499769 1612
0.499769 1611
0.499769 1610
0.499769 1609
0.499685 1608
0.499685 1607
0.499685 1606
0.499685 1605
0.499685 1604
0.499685 1603
0.499685 1602
0.499685 1601
0.499685 1600
0.499685 1599
0.499685 1598
0.499685 1597
0.49967 1596
0.499533 1596
0.499533 1595
0.499533 1594
0.499533 1593
0.499533 1592
0.499533 1591
0.499533 1590
0.499508 1589
0.499508 1588
0.499508 1587
0.499508 1586
0.499508 1585
0.499508 1583
0.499367 1583
0.499367 1582
0.49929 1581
0.499171 1581
0.499171 1580
0.499171 1579
0.499171 1578
0.499171 1577
0.499171 1576
0.499171 1575
0.499171 1574
0.499081 1574
0.499081 1573
0.499081 1572
0.499081 1571
0.499081 1570
0.499081 1569
0.499081 1568
0.499081 1567
0.499081 1566
0.498929 1566
0.498929 1565
0.498929 1564
0.498929 1563
0.498929 1562
0.498929 1561
0.498929 1560
0.498929 1559
0.498929 1558
0.498929 1557
0.498929 1556
0.498929 1555
0.498929 1554
0.498929 1553
0.498929 1552
0.498852 1551
0.498852 1550
0.498852 1549
0.498852 1548
0.498852 1547
0.498838 1546
0.498838 1545
0.498838 1544
0.498694 1544
0.498694 1543
0.498694 1542
0.498694 1541
0.498694 1540
0.498694 1539
0.498607 1538
0.498607 1537
0.498607 1536
0.498607 1535
0.498607 1534
0.498607 1533
0.498482 1533
0.498482 1532
0.498482 1531
0.498482 1530
0.498482 1529
0.498482 1528
0.498358 1528
0.498358 1527
0.498358 1526
0.498358 1525
0.498358 1524
0.498358 1523
0.498358 1522
0.498358 1521
0.498338 1520
0.498338 1519
0.498338 1518
0.498338 1517
0.498202 1517
0.49808 1517
0.49808 1516
0.49808 1515
0.49808 1514
0.497961 1514
0.497961 1513
0.497961 1512
0.497961 1511
0.497961 1510
0.497961 1509
0.497954 1508
0.497888 1507
0.497888 1506
0.497888 1505
0.497888 1504
0.497888 1503
0.497888 1502
0.497888 1501
0.497888 1500
0.497884 1499
0.497757 1499
0.497757 1498
0.497757 1497
0.497838 1495
0.497838 1494
0.497838 1493
0.497838 1492
0.497838 1491
0.497838 1490
0.497838 1489
0.497838 1488
0.497838 1487
0.497838 1486
0.497838 1485
0.497838 1484
0.497838 1483
0.497838 1482
0.497838 1481
0.497838 1480
0.497838 1479
0.497838 1478
0.497838 1477
0.497838 1476
0.497838 1475
0.497838 1474
0.497838 1473
0.497838 1472
0.497838 1471
0.497838 1470
0.497838 1469
0.497838 1468
0.497718 1468
0.497718 1467
0.497718 1466
0.497706 1465
0.497706 1464
0.497706 1463
0.497706 1462
0.497706 1461
0.497706 1460
0.497706 1459
0.497706 1458
0.497561 1458
0.497561 1457
0.497561 1456
0.497561 1455
0.497561 1454
0.497561 1453
0.497561 1452
0.497561 1451
0.497561 1450
0.497423 1450
0.497423 1449
0.497423 1448
0.497422 1447
0.497422 1446
0.497422 1445
0.497422 1444
0.497422 1443
0.497422 1442
0.497422 1441
0.497422 1440
0.497422 1439
0.497422 1438
0.497422 1437
0.497422 1436
0.497422 1435
0.497422 1434
0.497422 1433
0.497422 1432
0.497422 1431
0.497422 1430
0.497422 1429
0.497422 1428
0.497422 1427
0.497422 1426
0.497422 1425
0.497422 1424
0.497422 1423
0.497422 1422
0.497422 1421
0.497311 1421
0.497311 1420
0.497311 1419
0.497256 1418
0.497256 1417
0.497122 1417
0.497122 1416
0.496999 1416
0.496999 1415
0.496999 1414
0.496999 1413
0.496999 1412
0.496999 1411
0.496999 1410
0.496999 1409
0.496999 1408
0.496999 1407
0.496885 1407
0.496884 1406
0.496884 1405
0.496884 1404
0.496789 1403
0.496789 1402
0.496653 1402
0.496653 1401
0.496653 1400
0.496653 1399
0.496653 1398
0.496653 1397
0.496653 1396
0.496653 1395
0.496653 1394
0.496653 1393
0.496628 1392
0.496628 1391
0.496628 1390
0.496628 1389
0.496628 1388
0.496628 1387
0.496628 1386
0.496628 1385
0.496628 1384
0.496628 1383
0.496628 1382
0.496628 1381
0.496628 1380
0.496628 1379
0.496628 1378
0.496628 1377
0.496628 1376
0.496628 1375
0.496628 1374
0.496628 1373
0.496628 1372
0.496628 1371
0.496628 1370
0.496628 1369
0.496528 1369
0.496528 1368
0.496528 1367
0.496528 1366
0.496528 1365
0.49647 1364
0.49647 1363
0.49647 1362
0.49647 1361
0.49647 1360
0.49647 1359
0.496336 1359
0.496336 1358
0.496336 1357
0.496252 1356
0.496252 1355
0.496252 1354
0.496242 1353
0.496242 1352
0.496242 1351
0.496242 1350
0.496121 1350
0.496121 1349
0.496121 1348
0.496121 1347
0.496121 1346
0.496121 1345
0.496121 1344
0.496121 1343
0.496121 1342
0.496121 1341
0.496121 1340
0.496121 1339
0.496012 1339
0.495983 1338
0.49591 1337
0.49591 1336
0.49591 1335
0.495812 1335
0.495749 1334
0.495749 1333
0.495749 1332
0.495749 1331
0.495749 1330
0.495749 1329
0.495749 1328
0.495749 1327
0.495749 1326
0.495749 1325
0.495749 1324
0.495749 1323
0.495749 1322
0.495749 1321
0.495749 1320
0.495749 1319
0.495749 1318
0.495749 1317
0.495749 1316
0.495637 1316
0.495637 1315
0.495637 1314
0.495585 1313
0.495585 1312
0.495482 1312
0.495413 1311
0.495413 1310
0.495413 1309
0.49536 1308
0.495233 1308
0.495233 1307
0.495233 1306
0.495233 1305
0.495233 1304
0.495233 1303
0.495233 1302
0.495233 1301
0.495233 1300
0.495124 1300
0.495124 1299
0.495034 1298
0.49503 1297
0.49503 1296
0.49503 1295
0.49503 1294
0.49503 1293
0.495024 1292
0.495024 1291
0.495024 1290
0.494923 1290
0.494923 1289
0.494923 1288
0.494922 1287
0.494922 1286
0.494922 1285
0.494922 1284
0.494835 1283
0.494835 1282
0.494835 1281
0.494835 1280
0.494835 1279
0.494835 1278
0.494835 1277
0.494835 1276
0.494835 1275
0.494835 1274
0.494835 1273
0.494835 1272
0.494835 1271
0.494826 1270
0.494826 1269
0.494826 1268
0.494826 1267
0.494826 1266
0.494826 1265
0.494826 1264
0.494804 1263
0.494804 1262
0.494761 1261
0.494761 1260
0.494761 1259
0.494761 1258
0.494761 1257
0.494677 1256
0.494677 1255
0.494677 1254
0.494556 1254
0.494447 1254
0.494447 1253
0.494447 1252
0.494447 1251
0.49444 1250
0.49444 1249
0.49444 1248
0.49444 1247
0.49444 1246
0.49444 1245
0.49444 1244
0.49444 1243
0.49444 1242
0.49444 1241
0.49444 1240
0.49444 1239
0.49444 1238
0.49444 1237
0.49444 1236
0.49444 1235
0.49444 1234
0.49444 1233
0.49444 1232
0.49444 1231
0.49444 1230
0.49444 1229
0.49444 1228
0.49444 1227
0.49444 1226
0.49444 1225
0.49444 1224
0.49444 1223
0.49444 1222
0.49444 1221
0.494301 1221
0.494295 1220
0.494295 1219
0.494295 1218
0.494295 1217
0.494295 1216
0.494285 1215
0.494285 1214
0.494285 1213
0.494285 1212
0.494285 1211
0.494285 1210
0.494285 1209
0.494285 1208
0.494267 1207
0.494147 1207
0.494147 1206
0.494063 1205
0.494061 1204
0.494061 1203
0.494061 1202
0.494061 1201
0.494061 1200
0.494061 1199
0.494061 1198
0.494061 1197
0.494053 1196
0.494053 1195
0.494053 1194
0.494053 1193
0.494053 1192
0.494053 1191
0.494053 1190
0.494053 1189
0.494053 1188
0.494053 1187
0.494053 1186
0.494053 1185
0.494033 1184
0.494033 1183
0.494033 1182
0.494033 1181
0.494033 1180
0.494033 1179
0.494033 1178
0.494008 1177
0.494008 1176
0.494008 1175
0.494008 1174
0.493894 1174
0.493894 1173
0.493894 1172
0.493886 1171
0.493886 1170
0.493886 1169
0.493886 1168
0.493886 1167
0.493886 1166
0.493832 1165
0.493832 1164
0.493832 1163
0.493832 1162
0.493719 1162
0.493703 1161
0.493703 1160
0.493703 1159
0.493703 1158
0.493703 1157
0.493703 1156
0.493703 1155
0.493703 1154
0.493703 1153
0.493703 1152
0.493669 1151
0.493669 1150
0.493669 1149
0.493669 1148
0.493669 1147
0.493669 1146
0.493603 1145
0.493603 1144
0.493603 1143
0.493603 1142
0.493603 1141
0.493603 1140
0.493603 1139
0.493603 1138
0.493603 1137
0.493603 1136
0.493603 1135
0.493603 1134
0.493603 1133
0.493602 1132
0.493602 1131
0.49359 1130
0.49359 1129
0.49359 1128
0.493466 1128
0.493339 1128
0.493209 1128
0.493209 1127
0.493209 1126
0.493209 1125
0.493209 1124
0.493209 1123
0.493209 1122
0.493209 1121
0.493209 1120
0.493209 1119
0.493209 1118
0.493208 1117
0.493208 1116
0.493208 1115
0.493208 1114
0.493208 1113
0.493208 1112
0.493208 1111
0.493208 1110
0.493208 1109
0.493208 1108
0.493208 1107
0.493208 1106
0.493208 1105
0.493208 1104
0.493125 1103
0.493054 1102
0.492933 1102
0.492933 1101
0.492933 1100
0.492933 1099
0.492933 1098
0.492888 1097
0.492888 1096
0.492888 1095
0.492888 1094
0.492888 1093
0.492865 1092
0.492865 1091
0.492865 1090
0.492865 1089
0.492739 1089
0.492663 1088
0.492663 1087
0.492663 1086
0.492663 1085
0.492663 1084
0.492663 1083
0.492663 1082
0.492663 1081
0.492528 1081
0.492523 1080
0.492636 1078
0.492636 1077
0.492508 1077
0.492498 1076
0.492498 1075
0.492498 1074
0.49236 1074
0.492285 1073
0.492285 1072
0.492285 1071
0.492285 1070
0.492285 1069
0.492156 1069
0.492156 1068
0.492156 1067
0.492156 1066
0.492156 1065
0.492156 1064
0.492156 1063
0.492156 1062
0.492156 1061
0.492156 1060
0.49206 1059
0.49206 1058
0.49206 1057
0.49206 1056
0.492022 1055
0.492022 1054
0.492022 1053
0.492022 1052
0.492022 1051
0.492022 1050
0.492022 1049
0.492022 1048
0.492022 1047
0.492022 1046
0.492022 1045
0.492022 1044
0.492022 1043
0.492022 1042
0.491896 1042
0.491896 1041
0.491896 1040
0.491896 1039
0.491896 1038
0.491896 1037
0.491896 1036
0.491896 1035
0.491896 1034
0.491896 1033
0.491896 1032
0.491896 1031
0.491896 1030
0.491896 1029
0.491896 1028
0.491896 1027
0.491896 1026
0.491896 1025
0.491896 1024
0.491896 1023
0.491896 1022
0.491896 1021
0.491896 1020
0.491896 1019
0.491896 1018
0.491896 1017
0.491887 1016
0.491887 1015
0.491887 1014
0.491887 1013
0.491756 1013
0.491737 1012
0.491636 1012
0.491636 1011
0.491489 1011
0.491489 1010
0.491489 1009
0.491473 1008
0.491473 1007
0.491473 1006
0.491473 1005
0.491461 1004
0.491405 1003
0.491405 1002
0.491274 1002
0.491274 1001
0.491274 1000
0.491274 999
0.491164 999
0.491164 998
0.491164 997
0.49107 996
0.491031 995
0.491031 994
0.490888 994
0.490783 994
0.490783 992
0.490727 991
0.490727 990
0.490727 989
0.490697 988
0.490569 988
0.490569 987
0.490569 986
0.490569 985
0.490569 984
0.490557 983
0.490557 982
0.49043 982
0.490312 982
0.490312 981
0.490312 980
0.490187 980
0.490097 979
0.490008 978
0.489861 978
0.489861 977
0.489861 976
0.489763 976
0.489763 975
0.489763 974
0.489763 973
0.48973 972
0.489729 971
0.489729 970
0.489729 969
0.489729 968
0.489729 967
0.489729 966
0.489711 965
0.489711 964
0.489604 964
0.489488 964
0.489488 963
0.489488 962
0.489488 961
0.489488 960
0.489488 959
0.489382 959
0.489382 958
0.489382 957
0.489382 956
0.489382 955
0.489382 954
0.489272 954
0.489171 954
0.489171 953
0.489171 952
0.489171 951
0.489171 950
0.489171 949
0.489171 948
0.489168 947
0.489168 946
0.489168 945
0.489168 944
0.489045 944
0.489045 943
0.489045 942
0.489045 941
0.489045 940
0.489031 939
0.489031 938
0.489031 937
0.489031 936
0.489031 935
0.488907 935
0.488782 935
0.488654 935
0.488654 934
0.488654 933
0.488654 932
0.488654 931
0.488654 930
0.488654 929
0.488654 928
0.488654 927
0.488654 926
0.488654 925
0.488654 924
0.488654 923
0.488654 922
0.488654 921
0.488654 920
0.488654 919
0.488654 918
0.488654 917
0.488654 916
0.488543 916
0.488543 915
0.488543 914
0.488543 913
0.488543 912
0.488543 911
0.488543 910
0.488543 909
0.488543 908
0.488541 907
0.488541 906
0.488541 905
0.488541 904
0.488541 903
0.488541 902
0.488541 901
0.488408 901
0.488408 900
0.488408 899
0.488408 898
0.488408 897
0.488408 896
0.488408 895
0.488408 894
0.488408 893
0.488408 892
0.488408 891
0.488408 890
0.488408 889
0.488408 888
0.488408 887
0.488408 886
0.488408 885
0.488408 884
0.488286 884
0.488286 883
0.488151 883
0.488151 882
0.488151 881
0.488151 880
0.488151 879
0.488151 878
0.488151 877
0.488151 876
0.488151 875
0.488151 874
0.488151 873
0.48803 873
0.48803 872
0.48803 871
0.487949 870
0.487949 869
0.487949 868
0.487949 867
0.487949 866
0.487949 865
0.487949 864
0.487949 863
0.487829 863
0.487829 862
0.487829 861
0.487829 860
0.487829 859
0.487829 858
0.487829 857
0.487829 856
0.487829 855
0.487701 855
0.487671 854
0.487659 853
0.487659 852
0.487659 851
0.487659 850
0.487659 849
0.487659 848
0.487522 848
0.487522 847
0.487522 846
0.487522 845
0.487522 844
0.487522 843
0.487522 842
0.487522 841
0.487522 840
0.487522 839
0.4874 839
0.4874 838
0.4874 837
0.4874 836
0.487299 836
0.487299 835
0.487299 834
0.487184 834
0.487184 833
0.487184 832
0.487184 831
0.487184 830
0.48711 829
0.48711 828
0.487026 827
0.486907 827
0.486858 826
0.486858 825
0.486858 824
0.486858 823
0.486858 822
0.486724 822
0.486724 821
0.486724 820
0.486724 819
0.486724 818
0.486724 817
0.486724 816
0.486718 815
0.486578 815
0.486578 814
0.486578 813
0.486578 812
0.486578 811
0.486475 811
0.486357 811
0.486357 810
0.486357 809
0.486357 808
0.486345 807
0.486344 806
0.486344 805
0.486344 804
0.486344 803
0.486344 802
0.486344 801
0.486272 800
0.486272 799
0.486272 798
0.486272 797
0.486148 797
0.486022 797
0.48589 797
0.48589 796
0.48589 795
0.48589 794
0.48589 793
0.485783 793
0.485783 792
0.485783 791
0.485743 790
0.485743 789
0.485743 788
0.485743 787
0.485607 787
0.485607 786
0.485607 785
0.485607 784
0.485607 783
0.485607 782
0.485607 781
0.485584 780
0.485668 778
0.485668 777
0.485668 776
0.485668 775
0.485668 774
0.485668 773
0.485668 772
0.485667 771
0.485667 770
0.485667 769
0.485667 768
0.485667 767
0.485667 766
0.485536 766
0.485536 765
0.485536 764
0.485412 764
0.485412 763
0.485412 762
0.485412 761
0.485286 761
0.485286 760
0.485286 759
0.485286 758
0.485286 757
0.48526 756
0.48526 755
0.48526 754
0.48526 753
0.485201 752
0.485201 751
0.485201 750
0.485201 749
0.485201 748
0.485201 747
0.485201 746
0.485201 745
0.485201 744
0.485201 743
0.485201 742
0.485201 741
0.485201 740
0.485201 739
0.485071 739
0.48498 738
0.48498 737
0.48486 737
0.48486 736
0.48486 735
0.48486 734
0.484849 733
0.484849 732
0.484838 731
0.484838 730
0.484702 730
0.484579 730
0.484449 730
0.484449 729
0.484333 729
0.484333 728
0.484333 727
0.484333 726
0.484232 726
0.484115 726
0.484115 725
0.484115 724
0.484115 723
0.484002 723
0.484002 722
0.484002 721
0.484002 720
0.484002 719
0.484002 718
0.484002 717
0.483883 717
0.483883 716
0.483883 715
0.483883 714
0.483883 713
0.483883 712
0.483883 711
0.483813 710
0.483716 710
0.483716 709
0.483716 708
0.483716 707
0.483617 707
0.483492 707
0.483492 706
0.483492 705
0.483492 704
0.483492 703
0.483492 702
0.483384 702
0.483384 701
0.483384 700
0.483384 699
0.483384 698
0.483307 697
0.483307 696
0.483245 695
0.483245 694
0.483245 693
0.483245 692
0.483119 692
0.483119 691
0.483119 690
0.483119 689
0.483119 688
0.483119 687
0.483119 686
0.483116 685
0.483116 684
0.483116 683
0.483116 682
0.483116 681
0.483116 680
0.483116 679
0.483116 678
0.483016 678
0.483016 677
0.483016 676
0.483016 675
0.483016 674
0.482992 673
0.482992 672
0.482992 671
0.482991 670
0.482991 669
0.482915 669
0.482915 668
0.482915 667
0.482915 666
0.482915 665
0.482915 664
0.482914 663
0.482914 662
0.482914 661
0.482793 661
0.482793 660
0.482793 659
0.482793 658
0.482793 657
0.482793 656
0.482789 655
0.482789 654
0.482789 653
0.482778 652
0.48265 652
0.48265 651
0.48265 650
0.48265 649
0.48265 648
0.482564 647
0.482564 646
0.482564 645
0.482458 645
0.482458 644
0.482444 643
0.482432 642
0.482432 641
0.482432 640
0.482432 639
0.482432 638
0.48242 637
0.482358 637
0.482358 636
0.482358 635
0.482358 634
0.482358 633
0.482358 632
0.482251 632
0.482251 631
0.482191 630
0.482181 629
0.482038 629
0.481907 629
0.481907 628
0.481907 627
0.481804 627
0.481696 627
0.481696 626
0.481614 626
0.481582 625
0.481493 624
0.481493 623
0.481493 622
0.481493 621
0.481493 620
0.481493 619
0.481493 618
0.481493 617
0.481493 616
0.481493 615
0.481366 615
0.481366 614
0.481366 613
0.4813 612
0.4813 611
0.4813 610
0.4813 609
0.4813 608
0.4813 607
0.4813 606
0.4813 605
0.4813 604
0.4813 603
0.4813 602
0.4813 601
0.481175 601
0.481175 600
0.481175 599
0.481166 598
0.481166 597
0.481039 597
0.481039 596
0.481039 595
0.481039 594
0.480889 594
0.480771 594
0.480771 593
0.480771 592
0.480729 591
0.480713 590
0.480709 589
0.480709 588
0.480709 587
0.480709 586
0.480709 585
0.480631 584
0.480489 584
0.480489 583
0.480489 582
0.480489 581
0.480489 580
0.480489 579
0.480489 578
0.480489 577
0.480489 576
0.480489 575
0.480489 574
0.480395 573
0.480285 573
0.480267 572
0.480143 572
0.480081 571
0.479953 571
0.479953 570
0.479953 569
0.479953 568
0.479881 567
0.479773 567
0.479773 566
0.479773 565
0.479773 564
0.479673 564
0.479673 563
0.479547 563
0.479547 562
0.479547 561
0.479547 560
0.479547 559
0.479547 558
0.479436 558
0.479436 557
0.479436 556
0.479296 556
0.479296 555
0.479296 554
0.479296 553
0.479209 552
0.479209 551
0.479209 550
0.479209 549
0.479071 549
0.479071 548
0.479071 547
0.479071 546
0.479071 545
0.478912 545
0.478912 544
0.478826 543
0.478826 542
0.478826 541
0.478826 540
0.478826 539
0.478826 538
0.478826 537
0.478826 536
0.478826 535
0.47881 534
0.478802 533
0.478661 533
0.478523 533
0.478523 532
0.478508 531
0.478508 530
0.478451 529
0.478451 528
0.478321 528
0.478321 527
0.478247 527
0.478247 526
0.478247 525
0.478247 524
0.478247 523
0.478247 522
0.478194 521
0.478194 520
0.478194 519
0.478143 518
0.478143 517
0.478048 516
0.478048 515
0.477963 514
0.477835 514
0.477835 513
0.477835 512
0.477828 511
0.477753 510
0.477753 509
0.477753 508
0.477753 507
0.477641 507
0.477641 506
0.477641 505
0.477641 504
0.47751 504
0.47751 503
0.47751 502
0.47751 501
0.47751 500
0.477388 500
0.477388 499
0.477342 498
0.477342 497
0.477342 496
0.477342 495
0.477342 494
0.477342 493
0.477342 492
0.477218 492
0.477218 491
0.477092 491
0.47697 491
0.47697 490
0.47697 489
0.47697 488
0.476845 488
0.476845 487
0.476723 487
0.476723 486
0.476676 485
0.476583 484
0.476583 483
0.476583 482
0.476583 481
0.476583 480
0.476583 479
0.476583 478
0.476449 478
0.476323 478
0.476323 477
0.476323 476
0.476222 476
0.476222 475
0.476222 474
0.476222 473
0.476222 472
0.476222 471
0.476222 470
0.476222 469
0.476105 469
0.476105 468
0.476105 467
0.476046 466
0.475921 466
0.475921 465
0.475921 464
0.475816 464
0.475816 463
0.475756 462
0.475647 462
0.475647 461
0.475647 460
0.475515 460
0.475515 459
0.475515 458
0.475515 457
0.475515 456
0.475515 455
0.475515 454
0.475431 453
0.475431 452
0.475431 451
0.475364 450
0.475364 449
0.475364 448
0.475364 447
0.475364 446
0.475364 445
0.475239 445
0.475179 444
0.475161 443
0.475071 442
0.475071 441
0.475071 440
0.474959 440
0.474959 439
0.47493 438
0.474825 438
0.474825 437
0.474763 436
0.474763 435
0.474763 434
0.474763 433
0.474721 433
0.474721 432
0.474721 431
0.474713 430
0.47459 430
0.47459 429
0.47459 428
0.474471 428
0.474471 427
0.474351 427
0.474291 426
0.474173 426
0.474142 425
0.474142 424
0.474023 424
0.473904 424
0.473904 423
0.473875 422
0.473785 421
0.473785 420
0.473662 420
0.473662 419
0.473662 418
0.473662 417
0.473662 416
0.473662 415
0.473662 414
0.473662 413
0.473534 413
0.473534 412
0.473534 411
0.473534 410
0.473534 409
0.473534 408
0.473534 407
0.47341 407
0.47341 406
0.473287 406
0.473196 405
0.473093 405
0.473093 404
0.472985 404
0.472985 403
0.472985 402
0.472898 401
0.472793 401
0.472655 401
0.472527 401
0.472527 400
0.472527 399
0.47237 399
0.47225 399
0.47225 398
0.47225 397
0.47225 396
0.47225 395
0.47225 394
0.47218 393
0.47218 392
0.472061 392
0.471994 391
0.472114 389
0.472114 388
0.471987 388
0.471987 387
0.471964 386
0.471964 385
0.471964 384
0.471838 384
0.471838 383
0.471838 382
0.47172 382
0.47172 381
0.47172 380
0.471606 380
0.471476 380
0.471476 379
0.471344 379
0.471212 379
0.471212 378
0.471212 377
0.471212 376
0.471212 375
0.471056 375
0.471056 374
0.471056 373
0.471056 372
0.471056 371
0.471056 370
0.471056 369
0.471056 368
0.471056 367
0.471056 366
0.471056 365
0.471056 364
0.470916 364
0.470916 363
0.47091 362
0.470799 362
0.470766 361
0.470766 360
0.470631 360
0.470524 360
0.470524 359
0.470395 359
0.470395 358
0.470395 357
0.470395 356
0.470352 355
0.470352 354
0.470352 353
0.470232 353
0.470104 353
0.470104 352
0.470104 351
0.470104 350
0.470104 349
0.470104 348
0.470104 347
0.470104 346
0.469989 346
0.469985 345
0.469872 345
0.469872 344
0.469872 343
0.469872 342
0.469872 341
0.469868 340
0.469868 339
0.469868 338
0.469868 337
0.469868 336
0.469868 335
0.469868 334
0.469868 333
0.469868 332
0.469868 331
0.469868 330
0.469868 329
0.469731 329
0.469731 328
0.469696 327
0.469572 327
0.469572 326
0.469461 326
0.469461 325
0.469461 324
0.469461 323
0.469387 322
0.469387 321
0.469387 320
0.469387 319
0.469238 319
0.469125 319
0.469101 318
0.469101 317
0.469101 316
0.468989 316
0.468938 315
0.468938 314
0.468938 313
0.468938 312
0.468929 311
0.468929 310
0.468929 309
0.468929 308
0.468929 307
0.468929 306
0.468929 305
0.468929 304
0.468929 303
0.468773 303
0.468773 302
0.468636 302
0.468504 302
0.468389 302
0.468261 302
0.468145 302
0.468145 301
0.468145 300
0.46801 300
0.46801 299
0.46801 298
0.467874 298
0.467874 297
0.467874 296
0.467757 296
0.467683 295
0.467683 294
0.46761 293
0.46752 292
0.46752 291
0.467387 291
0.46728 291
0.46728 290
0.46728 289
0.46728 288
0.46728 287
0.46728 286
0.467144 286
0.467144 285
0.46707 284
0.466976 283
0.466976 282
0.466976 281
0.466976 280
0.466976 279
0.466869 279
0.466869 278
0.466869 277
0.466869 276
0.466869 275
0.466869 274
0.466747 274
0.466729 273
0.466729 272
0.466704 271
0.466704 270
0.466704 269
0.466704 268
0.466704 267
0.466704 266
0.466704 265
0.466586 265
0.466586 264
0.466468 264
0.466468 263
0.466468 262
0.466468 261
0.46635 261
0.46635 260
0.466245 260
0.466245 259
0.466124 259
0.466007 259
0.466007 258
0.465871 258
0.465871 257
0.46577 257
0.465644 257
0.465543 257
0.465458 256
0.465454 255
0.465454 254
0.465454 253
0.465453 252
0.465453 251
0.465453 250
0.465453 249
0.465453 248
0.465453 247
0.465338 247
0.465338 246
0.465237 246
0.465164 245
0.465129 244
0.464997 244
0.464997 243
0.464997 242
0.464997 241
0.464997 240
0.464997 239
0.464997 238
0.464997 237
0.464997 236
0.464997 235
0.464997 234
0.464997 233
0.46488 233
0.464799 232
0.464799 231
0.464799 230
0.464799 229
0.46469 229
0.464636 228
0.464525 228
0.464525 227
0.464402 227
0.464299 227
0.464299 226
0.464299 225
0.464299 224
0.46422 223
0.46422 222
0.46422 221
0.46422 220
0.46422 219
0.464144 218
0.464088 217
0.464088 216
0.463969 216
0.463847 216
0.463847 215
0.463722 215
0.463592 215
0.463576 214
0.463576 213
0.463491 212
0.463491 211
0.463418 210
0.463333 209
0.463203 209
0.463148 208
0.463148 207
0.463148 206
0.463148 205
0.463006 205
0.463006 204
0.463006 203
0.463006 202
0.462867 202
0.46276 202
0.462645 202
0.462532 202
0.462532 201
0.462532 200
0.462532 199
0.462532 198
0.462411 198
0.462411 197
0.462411 196
0.46229 196
0.46229 195
0.46229 194
0.462173 194
0.462173 193
0.462106 192
0.462106 191
0.462106 190
0.461982 190
0.461859 190
0.461733 190
0.461607 190
0.461495 190
0.461495 189
0.461487 188
0.461451 187
0.461354 187
0.461226 187
0.46121 186
0.461079 186
0.461079 185
0.461079 184
0.460952 184
0.460828 184
0.460828 183
0.460828 182
0.460828 181
0.460828 180
0.460711 180
0.460604 180
0.460475 180
0.460475 179
0.460475 178
0.460386 177
0.460386 176
0.460386 175
0.460283 175
0.460283 174
0.460149 174
0.460031 174
0.459903 174
0.45978 174
0.45978 173
0.45978 172
0.45978 171
0.459654 171
0.459538 171
0.459443 170
0.459443 169
0.459443 168
0.459443 167
0.459443 166
0.459441 165
0.459441 164
0.459441 163
0.459323 163
0.459188 163
0.45906 163
0.45906 162
0.45894 162
0.458863 161
0.458738 161
0.458738 160
0.458738 159
0.458615 159
0.458615 158
0.458615 157
0.458495 157
0.458395 157
0.458292 157
0.458177 157
0.458039 157
0.457964 156
0.457964 155
0.457964 154
0.457929 153
0.457813 153
0.457813 152
0.457718 151
0.457589 151
0.457491 151
0.457356 151
0.457227 151
0.457129 151
0.457129 150
0.456991 150
0.456991 149
0.456877 149
0.456753 149
0.456613 149
0.456613 148
0.456481 148
0.456481 147
0.456481 146
0.456357 146
0.456237 146
0.456108 146
0.456108 145
0.456108 144
0.456108 143
0.456108 142
0.455966 142
0.455887 141
0.455749 141
0.455613 141
0.455613 140
0.455485 140
0.455365 140
0.45523 140
0.45523 139
0.455099 139
0.454964 139
0.454833 139
0.454743 138
0.454625 138
0.454625 137
0.454625 136
0.454623 135
0.454623 134
0.454623 133
0.454517 133
0.454401 133
0.454401 132
0.454272 132
0.454141 132
0.454037 132
0.453918 132
0.453794 132
0.453698 131
0.453698 130
0.453565 130
0.453565 129
0.453565 128
0.453445 128
0.453315 128
0.453178 128
0.453178 127
0.453053 127
0.453053 126
0.452962 125
0.452962 124
0.45283 124
0.4527 124
0.4527 123
0.4527 122
0.452558 122
0.452444 122
0.452363 121
0.452325 120
0.452325 119
0.452325 118
0.452188 118
0.452058 118
0.451934 118
0.451808 118
0.451702 118
0.451702 117
0.451587 117
0.45148 117
0.451363 117
0.451237 117
0.451095 117
0.450985 117
0.450861 117
0.450729 117
0.450729 116
0.450588 116
0.450474 116
0.450381 115
0.450381 114
0.450254 114
0.450121 114
0.449992 114
0.449854 114
0.449744 114
0.44962 114
0.449479 114
0.449361 114
0.449208 114
0.449208 113
0.449094 113
0.448982 113
0.448863 113
0.448735 113
0.448619 113
0.448527 112
0.448421 112
0.448325 111
0.448215 111
0.448128 110
0.448128 109
0.448006 109
0.448006 108
0.44788 108
0.44788 107
0.447813 106
0.447697 106
0.447583 106
0.447583 105
0.447475 105
0.447337 105
0.44721 105
0.447084 105
0.446952 105
0.446829 105
0.446744 104
0.446744 103
0.446624 103
0.446548 102
0.446548 101
0.446548 100
0.446452 99
0.446361 98
0.446232 98
0.446109 98
0.445987 98
0.445879 98
0.445879 97
0.445879 96
0.445765 96
0.445645 96
0.445512 96
0.44539 96
0.445269 96
0.445269 95
0.445269 94
0.445163 94
0.445069 93
0.444955 93
0.444847 93
0.444847 92
0.444697 92
0.444592 92
0.444592 91
0.444461 91
0.444346 91
0.444241 91
0.444133 91
0.444133 90
0.44404 89
0.44404 88
0.443919 88
0.443919 87
0.443919 86
0.443806 86
0.443681 86
0.443562 86
0.443474 85
0.443363 85
0.443226 85
0.443108 85
0.44299 85
0.442915 84
0.44279 84
0.442664 84
0.442664 83
0.442548 83
0.442429 83
0.442343 82
0.442247 81
0.442117 81
0.441978 81
0.441871 81
0.441763 81
0.441763 80
0.441638 80
0.441513 80
0.441513 79
0.441513 78
0.441406 78
0.441273 78
0.441145 78
0.441015 78
0.441015 77
0.440908 77
0.44078 77
0.440684 76
0.440599 75
0.440484 75
0.440401 74
0.440285 74
0.440153 74
0.440153 73
0.440005 73
0.440005 72
0.439877 72
0.439751 72
0.43962 72
0.439492 72
0.439397 71
0.439277 71
0.439135 71
0.439012 71
0.438882 71
0.438786 70
0.438652 70
0.438542 70
0.438542 69
0.438417 69
0.438417 68
0.438417 67
0.438268 67
0.438162 67
0.438036 67
0.437908 67
0.437773 67
0.437669 67
0.437541 67
0.437419 67
0.437314 67
0.437188 67
0.437064 67
0.436932 67
0.436793 67
0.436669 67
0.43655 67
0.436413 67
0.436298 67
0.436181 67
0.436045 67
0.435927 67
0.435756 65
0.435743 64
0.435743 63
0.435612 63
0.435497 63
0.435361 63
0.435361 62
0.435225 62
0.435117 62
0.435 62
0.434889 62
0.434739 62
0.434616 62
0.434616 61
0.434498 61
0.434372 61
0.434297 60
0.434161 60
0.434031 60
0.433909 60
0.433909 59
0.433783 59
0.433658 59
0.433559 59
0.433453 59
0.433354 59
0.433243 59
0.433115 59
0.433001 59
0.432903 59
0.432751 59
0.432626 59
0.432508 59
0.432388 59
0.432255 59
0.432134 59
0.432021 59
0.431895 59
0.431889 58
0.43176 58
0.431612 58
0.431481 58
0.431345 58
0.431213 58
0.431103 58
0.430984 58
0.430883 58
0.430756 58
0.43061 58
0.430508 58
0.430376 58
0.430257 58
0.430138 58
0.430138 57
0.43001 57
0.42987 57
0.429742 57
0.429623 57
0.429482 57
0.429348 57
0.429216 57
0.429069 57
0.428964 57
0.42884 57
0.428723 57
0.428604 57
0.42847 57
0.428353 57
0.428244 57
0.42811 57
0.427971 57
0.427846 57
0.427707 57
0.427584 57
0.427455 57
0.427326 57
0.427178 57
0.42707 57
0.426957 57
0.426835 57
0.426719 57
0.426629 56
0.426538 55
0.426409 55
0.426318 54
0.426202 54
0.426067 54
0.425948 54
0.425831 54
0.425717 54
0.425597 54
0.425475 54
0.425345 54
0.425222 54
0.425222 53
0.425087 53
0.424985 53
0.424848 53
0.424835 52
0.424835 51
0.424697 51
0.424556 51
0.424449 51
0.424319 51
0.424173 51
0.424042 51
0.423904 51
0.423801 51
0.423713 50
0.423604 50
0.4235 50
0.423257 50
0.423138 50
0.423013 50
0.422894 50
0.422761 50
0.422623 50
0.422499 50
0.422361 50
0.422361 49
0.422231 49
0.422125 49
0.422125 48
0.421996 48
0.421872 48
0.421754 48
0.421632 48
0.421498 48
0.421367 48
0.421241 48
0.421104 48
0.421033 47
0.421033 46
0.420934 46
0.420779 46
0.420648 46
0.420648 45
0.420516 45
0.420387 45
0.420262 45
0.420133 45
0.42001 45
0.419888 45
0.419766 45
0.419635 45
0.419495 45
0.419362 45
0.419281 44
0.419143 44
0.41901 44
0.418891 44
0.418787 44
0.418651 44
0.418529 44
0.418427 44
0.418309 44
0.418202 44
0.418082 44
0.417941 44
0.417813 44
0.417709 44
0.417709 43
0.417581 43
0.417453 43
0.417321 43
0.417197 43
0.417081 43
0.416953 43
0.416847 43
0.416716 43
0.416591 43
0.41646 43
0.416347 43
0.416229 43
0.416108 43
0.415988 43
0.415858 43
0.415731 43
0.415606 43
0.415482 43
0.415355 43
0.415226 43
0.415095 43
0.414971 43
0.414836 43
0.414721 43
0.414596 43
0.414457 43
0.414334 43
0.414283 42
0.41418 42
0.414078 42
0.413954 42
0.413824 42
0.413708 42
0.413592 42
0.41347 42
0.413334 42
0.413229 42
0.413135 41
0.413012 41
0.412891 41
0.412776 41
0.412643 41
0.412515 41
0.412376 41
0.41226 41
0.412152 41
0.412033 41
0.411911 41
0.411789 41
0.411672 41
0.411557 41
0.411557 40
0.411418 40
0.411286 40
0.411167 40
0.411041 40
0.41092 40
0.410799 40
0.410672 40
0.410557 40
0.410439 40
0.410326 40
0.410205 40
0.410083 40
0.409949 40
0.409823 40
0.409689 40
0.409561 40
0.409439 40
0.409312 40
0.409224 39
0.409098 39
0.409014 38
0.408881 38
0.408754 38
0.408754 37
0.408646 37
0.408516 37
0.408393 37
0.408294 37
0.408177 37
0.40806 37
0.407937 37
0.407818 37
0.407691 37
0.407565 37
0.407461 37
0.407338 37
0.407227 37
0.407106 37
0.406985 37
0.40684 37
0.406736 37
0.406613 37
0.406494 37
0.406375 37
0.406269 37
0.40614 37
0.406013 37
0.405876 37
0.405746 37
0.405619 37
0.405492 37
0.405358 37
0.405222 37
0.405087 37
0.404946 37
0.404819 37
0.404545 37
0.404408 37
0.404295 37
0.404148 37
0.404027 37
0.404027 36
0.403906 36
0.403777 36
0.403656 36
0.403533 36
0.403406 36
0.403297 36
0.403199 36
0.403071 36
0.402932 36
0.402792 36
0.402669 36
0.402669 35
0.402549 35
0.402422 35
0.40229 35
0.402157 35
0.40204 35
0.401902 35
0.401767 35
0.401665 35
0.401547 35
0.401406 35
0.40121 35
0.401084 35
0.400965 35
0.400832 35
0.400722 35
0.400589 35
0.400457 35
0.400321 35
0.400189 35
0.400062 35
0.399952 35
0.399824 35
0.399695 35
0.399564 35
0.399437 35
0.399302 35
0.39919 35
0.399071 35
0.398954 35
0.398846 35
0.398722 35
0.398603 35
0.398469 35
0.398338 35
0.398209 35
0.398104 35
0.397974 35
0.397846 35
0.397724 35
0.397576 35
0.397447 35
0.397314 35
0.397181 35
0.397044 35
0.396927 35
0.396786 35
0.396685 35
0.396566 35
0.396442 35
0.396299 35
0.396177 35
0.396052 35
0.395928 35
0.395784 35
0.395662 35
0.395544 35
0.395415 35
0.395301 35
0.395168 35
0.395047 35
0.394968 34
0.394831 34
0.394714 34
0.394592 34
0.394492 34
0.394356 34
0.394265 33
0.394129 33
0.394006 33
0.39389 33
0.393757 33
0.393618 33
0.393492 33
0.393368 33
0.393248 33
0.39312 33
0.392995 33
0.392867 33
0.392748 33
0.392617 33
0.392483 33
0.392345 33
0.39223 33
0.392098 33
0.391962 33
0.391831 33
0.391696 33
0.391573 33
0.391451 33
0.391327 33
0.3912 33
0.391076 33
0.390935 33
0.390802 33
0.39071 32
0.390587 32
0.390452 32
0.390328 32
0.390197 32
0.390098 32
0.389966 32
0.389835 32
0.389712 32
0.389574 32
0.389442 32
0.389327 32
0.389186 32
0.389064 32
0.388953 32
0.38884 32
0.388712 32
0.388599 32
0.388475 32
0.388361 32
0.388229 32
0.388114 32
0.387981 32
0.387836 32
0.387713 32
0.387615 32
0.387498 32
0.387374 32
0.387257 32
0.387141 32
0.387008 32
0.386894 32
0.386769 32
0.386632 32
0.386501 32
0.386383 32
0.386258 32
0.386129 32
0.386008 32
0.385877 32
0.385746 32
0.385621 32
0.385495 32
0.385351 32
0.385228 32
0.385098 32
0.384965 32
0.384846 32
0.384727 32
0.384607 32
0.384478 32
0.384372 32
0.384257 32
0.384133 32
0.384004 32
0.383893 32
0.383781 32
0.383659 32
0.383533 32
0.383394 32
0.383269 32
0.383147 32
0.38302 32
0.382884 32
0.382782 32
0.382645 32
0.38252 32
0.382382 32
0.382247 32
0.382127 32
0.382004 32
0.381867 32
0.381765 32
0.381636 32
0.381512 32
0.381396 32
0.381292 32
0.381165 32
0.381035 32
0.380909 32
0.380782 32
0.380651 32
0.380532 32
0.380421 32
0.380315 32
0.380199 32
0.380084 32
0.379948 32
0.379813 32
0.379696 32
0.379575 32
0.379438 32
0.379317 32
0.379182 32
0.379053 32
0.378921 32
0.378795 32
0.378679 32
0.378552 32
0.378417 32
0.378276 32
0.37816 32
0.378029 32
0.377898 32
0.377806 31
0.377684 31
0.377581 31
0.377453 31
0.377317 31
0.377193 31
0.377065 31
0.376932 31
0.376794 31
0.376707 30
0.376603 30
0.376489 30
0.376356 30
0.376214 30
0.376074 30
0.375947 30
0.375804 30
0.375671 30
0.375535 30
0.375405 30
0.375276 30
0.375155 30
0.375024 30
0.374917 30
0.374798 30
0.374682 30
0.374555 30
0.374419 30
0.374281 30
0.374162 30
0.374022 30
0.373887 30
0.373753 30
0.373621 30
0.373489 30
0.37336 30
0.373224 30
0.373099 30
0.372965 30
0.372825 30
0.372701 30
0.37257 30
0.372476 29
0.372344 29
0.372344 28
0.372214 28
0.372077 28
0.371951 28
0.371823 28
0.371698 28
0.371578 28
0.371461 28
0.371326 28
0.37119 28
0.371059 28
0.370948 28
0.370826 28
0.370698 28
0.37057 28
0.370447 28
0.370309 28
0.37017 28
0.370037 28
0.369916 28
0.369787 28
0.369668 28
0.369545 28
0.369425 28
0.369299 28
0.369171 28
0.369031 28
0.368903 28
0.368795 28
0.36866 28
0.368548 28
0.368419 28
0.368297 28
0.368169 28
0.36803 28
0.367887 28
0.367758 28
0.367642 28
0.36751 28
0.367387 28
0.36728 28
0.367144 28
0.367004 28
0.366877 28
0.366742 28
0.366604 28
0.366478 28
0.366344 28
0.366238 28
0.366137 28
0.366017 28
0.365899 28
0.365779 28
0.365654 28
0.365532 28
0.365399 28
0.365293 28
0.36515 28
0.365045 28
0.364918 28
0.364786 28
0.364648 28
0.364523 28
0.364395 28
0.364271 28
0.364168 28
0.364058 28
0.363921 28
0.36382 28
0.363682 28
0.363552 28
0.36342 28
0.363307 28
0.363179 28
0.363047 28
0.362936 28
0.362809 28
0.362688 28
0.362559 28
0.362419 28
0.362295 28
0.362159 28
0.362049 28
0.361924 28
0.361796 28
0.361663 28
0.361541 28
0.361407 28
0.361286 28
0.361161 28
0.361021 28
0.360925 27
0.360792 27
0.360701 26
0.360569 26
0.360436 26
0.360305 26
0.360164 26
0.360038 26
0.359907 26
0.359773 26
0.359659 26
0.359527 26
0.359409 26
0.35927 26
0.35914 26
0.35901 26
0.358883 26
0.35875 26
0.358607 26
0.358485 26
0.358347 26
0.358232 26
0.358098 26
0.357964 26
0.357839 26
0.357717 26
0.357582 26
0.357479 26
0.357368 26
0.357251 26
0.357117 26
0.356992 26
0.356874 26
0.356753 26
0.356618 26
0.356504 26
0.356384 26
0.356255 26
0.356129 26
0.355994 26
0.355867 26
0.35577 26
0.355655 26
0.355526 26
0.355394 26
0.355268 26
0.355138 26
0.354997 26
0.354869 26
0.354753 26
0.354633 26
0.354509 26
0.354377 26
0.35426 26
0.354132 26
0.353998 26
0.353874 26
0.35378 25
0.353651 25
0.353531 25
0.353388 25
0.353248 25
0.353102 25
0.352959 25
0.352863 24
0.352723 24
0.352588 24
0.35245 24
0.352317 24
0.352234 23
0.352109 23
0.351982 23
0.351853 23
0.351714 23
0.351597 23
0.351481 23
0.351367 23
0.351251 23
0.351127 23
0.350998 23
0.350873 23
0.350749 23
0.350615 23
0.350484 23
0.350343 23
0.350204 23
0.350087 23
0.349956 23
0.349828 23
0.349708 23
0.349587 23
0.349468 23
0.349346 23
0.349203 23
0.349063 23
0.34893 23
0.348791 23
0.348655 23
0.348528 23
0.348417 23
0.348295 23
0.348181 23
0.348046 23
0.347949 23
0.347876 22
0.347749 22
0.347617 22
0.347491 22
0.347367 22
0.347244 22
0.347123 22
0.347006 22
0.346875 22
0.346744 22
0.346614 22
0.346495 22
0.346359 22
0.34623 22
0.346104 22
0.345973 22
0.345856 22
0.345706 22
0.345568 22
0.345459 22
0.345333 22
0.345209 22
0.345076 22
0.344956 22
0.34483 22
0.344695 22
0.344577 22
0.344461 22
0.344333 22
0.34422 22
0.344102 22
0.343982 22
0.343854 22
0.343732 22
0.343592 22
0.343471 22
0.343332 22
0.343199 22
0.34308 22
0.342944 22
0.342814 22
0.34269 22
0.342555 22
0.342438 22
0.342324 22
0.342201 22
0.342084 22
0.341968 22
0.341849 22
0.341717 22
0.341588 22
0.3415 21
0.341247 21
0.341123 21
0.340986 21
0.34086 21
0.340728 21
0.340615 21
0.340488 21
0.340355 21
0.340227 21
0.340116 21
0.340016 21
0.339891 21
0.339765 21
0.339634 21
0.339498 21
0.339371 21
0.339246 21
0.339115 21
0.338983 21
0.338851 21
0.338708 21
0.338584 21
0.338451 21
0.338335 21
0.338214 21
0.338084 21
0.337975 21
0.33785 21
0.337744 21
0.33763 21
0.337502 21
0.337418 20
0.33729 20
0.337156 20
0.337033 20
0.336912 20
0.336787 20
0.336665 20
0.336535 20
0.336402 20
0.336273 20
0.336135 20
0.336012 20
0.335877 20
0.335747 20
0.335618 20
0.33549 20
0.335368 20
0.335243 20
0.335107 20
0.334977 20
0.334846 20
0.334718 20
0.334588 20
0.334457 20
0.334328 20
0.334212 20
0.334073 20
0.333951 20
0.333818 20
0.333686 20
0.333547 20
0.333431 20
0.333301 20
0.333184 20
0.333076 20
0.332957 20
0.332833 20
0.332719 20
0.332583 20
0.33247 20
0.332332 20
0.332203 20
0.332074 20
0.33195 20
0.331814 20
0.331705 20
0.331565 20
0.33144 20
0.331304 20
0.33118 20
0.331046 20
0.3309 20
0.330767 20
0.33064 20
0.330523 20
0.3304 20
0.330112 20
0.329989 20
0.329866 20
0.32974 20
0.329618 20
0.329501 20
0.329393 20
0.329258 20
0.329138 20
0.329033 20
0.32892 20
0.3288 20
0.328662 20
0.328533 20
0.328401 20
0.328266 20
0.328136 20
0.328009 20
0.327881 20
0.327757 20
0.327622 20
0.327492 20
0.327374 20
0.327242 20
0.327114 20
0.326982 20
0.32684 20
0.326697 20
0.326558 20
0.326441 20
0.326303 20
0.326168 20
0.326046 20
0.325917 20
0.325783 20
0.325659 20
0.325529 20
0.325399 20
0.325274 20
0.325155 20
0.325051 20
0.324925 20
0.324781 20
0.32465 20
0.324524 20
0.324394 20
0.324307 19
0.32418 19
0.324046 19
0.323909 19
0.3238 19
0.323727 18
0.323603 18
0.32348 18
0.323364 18
0.323229 18
0.323137 17
0.323007 17
0.322884 17
0.322748 17
0.322622 17
0.322504 17
0.322373 17
0.32224 17
0.322108 17
0.321972 17
0.321854 17
0.321737 17
0.321614 17
0.321489 17
0.32137 17
0.321235 17
0.3211 17
0.3211 16
0.320967 16
0.320837 16
0.3207 16
0.320575 16
0.320463 16
0.32032 16
0.320193 16
0.320063 16
0.319932 16
0.319792 16
0.319677 16
0.319549 16
0.319422 16
0.3193 16
0.319183 16
0.319059 16
0.318946 16
0.318821 16
0.318694 16
0.318597 16
0.31846 16
0.318321 16
0.318196 16
0.318057 16
0.317918 16
0.317774 16
0.317641 16
0.317518 16
0.317383 16
0.317262 16
0.317132 16
0.317002 16
0.316888 16
0.316763 16
0.316618 16
0.316498 16
0.316379 16
0.31625 16
0.316125 16
0.316 16
0.315869 16
0.315766 16
0.315626 16
0.315504 16
0.315373 16
0.315245 16
0.315135 16
0.314996 16
0.314864 16
0.31478 15
0.314652 15
0.314515 15
0.314374 15
0.314267 15
0.314148 15
0.314031 15
0.313912 15
0.313793 15
0.313663 15
0.313532 15
0.313415 15
0.313271 15
0.31314 15
0.313026 15
0.312893 15
0.312772 15
0.312655 15
0.312523 15
0.312421 15
0.312283 15
0.312157 15
0.312032 15
0.311908 15
0.311781 15
0.311659 15
0.311534 15
0.311412 15
0.311279 15
0.311152 15
0.31101 15
0.310886 15
0.310752 15
0.310634 15
0.310508 15
0.310375 15
0.310249 15
0.310142 15
0.31002 15
0.30988 15
0.30976 15
0.309638 15
0.309503 15
0.309371 15
0.309252 15
0.30912 15
0.30899 15
0.308868 15
0.308761 15
0.308631 15
0.308497 15
0.308364 15
0.308228 15
0.308097 15
0.30797 15
0.307849 15
0.307719 15
0.307585 15
0.307454 15
0.307319 15
0.307198 15
0.307069 15
0.306959 15
0.306826 15
0.306695 15
0.306575 15
0.306443 15
0.306306 15
0.306172 15
0.306067 15
0.305943 15
0.30582 15
0.305699 15
0.305563 15
0.305422 15
0.305293 15
0.30518 15
0.305042 15
0.304919 15
0.304804 15
0.304673 15
0.304572 15
0.304442 15
0.304316 15
0.304178 15
0.304049 15
0.303936 15
0.303798 15
0.303682 15
0.303539 15
0.303415 15
0.30329 15
0.303171 15
0.303038 15
0.302907 15
0.302789 15
0.302668 15
0.302539 15
0.30242 15
0.302299 15
0.302177 15
0.302055 15
0.301931 15
0.301814 15
0.301675 15
0.301557 15
0.301433 15
0.301306 15
0.301187 15
0.301062 15
0.300929 15
0.300809 15
0.300676 15
0.300539 15
0.300405 15
0.300267 15
0.300172 14
0.300045 14
0.299913 14
0.299787 14
0.299668 14
0.299551 14
0.299418 14
0.299295 14
0.299171 14
0.299058 14
0.298927 14
0.298796 14
0.298672 14
0.298541 14
0.298412 14
0.298277 14
0.298143 14
0.298017 14
0.297899 14
0.297772 14
0.297653 14
0.297519 14
0.297388 14
0.297281 14
0.297145 14
0.29702 14
0.29689 14
0.296786 14
0.296655 14
0.296513 14
0.2964 14
0.296268 14
0.29615 14
0.296014 14
0.295898 14
0.295764 14
0.295635 14
0.295518 14
0.295395 14
0.295265 14
0.295133 14
0.295005 14
0.294878 14
0.294618 14
0.294492 14
0.294374 14
0.294247 14
0.294131 14
0.294006 14
0.29387 14
0.293761 14
0.29364 14
0.293514 14
0.293389 14
0.293252 14
0.29313 14
0.293015 14
0.292886 14
0.292752 14
0.292618 14
0.29248 14
0.292349 14
0.292222 14
0.292105 14
0.291976 14
0.291844 14
0.291708 14
0.291617 13
0.29147 13
0.291335 13
0.291212 13
0.291081 13
0.290952 13
0.290826 13
0.290699 13
0.290573 13
0.290477 12
0.290351 12
0.29021 12
0.290079 12
0.289948 12
0.289828 12
0.289701 12
0.289587 12
0.289458 12
0.289333 12
0.289213 12
0.289091 12
0.28897 12
0.288849 12
0.288724 12
0.288581 12
0.288457 12
0.288311 12
0.288185 12
0.288061 12
0.28794 12
0.287818 12
0.287682 12
0.28756 12
0.28742 12
0.287297 12
0.287178 12
0.287052 12
0.286925 12
0.286801 12
0.286667 12
0.286555 12
0.286421 12
0.286302 12
0.286161 12
0.28604 12
0.285914 12
0.285776 12
0.285645 12
0.285517 12
0.285395 12
0.28527 12
0.285139 12
0.285002 12
0.284884 12
0.284752 12
0.284628 12
0.284489 12
0.284356 12
0.284225 12
0.284085 12
0.283946 12
0.283814 12
0.283687 12
0.283558 12
0.283443 12
0.283359 11
0.283229 11
0.283098 11
0.282959 11
0.28285 11
0.282731 11
0.282607 11
0.282481 11
0.282344 11
0.282203 11
0.282086 11
0.281969 11
0.281836 11
0.281717 11
0.281579 11
0.281457 11
0.281332 11
0.281207 11
0.281095 11
0.280967 11
0.280856 11
0.280721 11
0.280572 11
0.280448 11
0.28032 11
0.28019 11
0.280072 11
0.279955 11
0.279826 11
0.279703 11
0.279565 11
0.279436 11
0.279298 11
0.279165 11
0.279059 11
0.278931 11
0.278802 11
0.278672 11
0.278541 11
0.278418 11
0.2783 11
0.278186 11
0.278039 11
0.277925 11
0.277801 11
0.277675 11
0.277529 11
0.277395 11
0.277261 11
0.277122 11
0.276994 11
0.276868 11
0.276759 11
0.276626 11
0.276497 11
0.276374 11
0.276243 11
0.276117 11
0.275996 11
0.275867 11
0.275736 11
0.275608 11
0.275485 11
0.275353 11
0.275215 11
0.275099 11
0.274964 11
0.274833 11
0.274699 11
0.274573 11
0.274446 11
0.274313 11
0.274191 11
0.274078 11
0.273941 11
0.273821 11
0.273692 11
0.273557 11
0.273433 11
0.273313 11
0.273193 11
0.273071 11
0.272939 11
0.272801 11
0.272661 11
0.272532 11
0.272401 11
0.272275 11
0.272154 11
0.27205 11
0.271911 11
0.271773 11
0.271651 11
0.271518 11
0.271374 11
0.271231 11
0.271114 11
0.270981 11
0.270838 11
0.270718 11
0.270601 11
0.270472 11
0.270337 11
0.270206 11
0.270069 11
0.269918 11
0.26978 11
0.269642 11
0.269509 11
0.269381 11
0.269257 11
0.269169 10
0.269037 10
0.268902 10
0.268768 10
0.268636 10
0.268505 10
0.268366 10
0.268239 10
0.268109 10
0.267981 10
0.267848 10
0.267706 10
0.267567 10
0.267446 10
0.267321 10
0.267192 10
0.267061 10
0.266927 10
0.266818 10
0.266694 10
0.266567 10
0.266442 10
0.266317 10
0.26619 10
0.266071 10
0.265942 10
0.265804 10
0.265673 10
0.265546 10
0.265422 10
0.265292 10
0.265147 10
0.265009 10
0.264874 10
0.264739 10
0.264602 10
0.264366 10
0.264237 10
0.264114 10
0.263985 10
0.263858 10
0.263718 10
0.263586 10
0.263448 10
0.263347 10
0.263204 10
0.263099 10
0.262976 10
0.262837 10
0.262707 10
0.262594 10
0.262478 10
0.262348 10
0.262208 10
0.262079 10
0.261965 10
0.261837 10
0.261706 10
0.261569 10
0.261458 10
0.261328 10
0.261201 10
0.261075 10
0.260954 10
0.260822 10
0.260693 10
0.260559 10
0.260433 10
0.260296 10
0.260178 10
0.260043 10
0.259916 10
0.259784 10
0.259675 10
0.259563 10
0.25945 10
0.259316 10
0.259183 10
0.259055 10
0.258915 10
0.258781 10
0.258642 10
0.258525 10
0.258389 10
0.258274 10
0.258153 10
0.258033 10
0.257914 10
0.25779 10
0.257662 10
0.257525 10
0.257406 10
0.257295 10
0.257164 10
0.257058 10
0.25694 10
0.256815 10
0.256684 10
0.256557 10
0.256423 10
0.256306 10
0.256198 10
0.256071 10
0.255931 10
0.255809 10
0.255679 10
0.255566 10
0.25544 10
0.255311 10
0.255169 10
0.255049 10
0.25492 10
0.254797 10
0.254672 10
0.254552 10
0.25444 10
0.254307 10
0.25419 10
0.254043 10
0.253913 10
0.253785 10
0.253661 10
0.253531 10
0.253416 10
0.25329 10
0.253174 10
0.253053 10
0.25293 10
0.252796 10
0.252662 10
0.252528 10
0.252397 10
0.252265 10
0.25214 10
0.252004 10
0.251874 10
0.251727 10
0.251596 10
0.251467 10
0.25132 10
0.251188 10
0.251077 10
0.250945 10
0.250851 9
0.250732 9
0.250606 9
0.250479 9
0.250365 9
0.250247 9
0.250122 9
0.249996 9
0.249861 9
0.24973 9
0.249607 9
0.249474 9
0.249349 9
0.249216 9
0.24909 9
0.248955 9
0.248821 9
0.248689 9
0.248557 9
0.248423 9
0.248281 9
0.24815 9
0.248025 9
0.247885 9
0.247764 9
0.247632 9
0.247509 9
0.247384 9
0.247256 9
0.247139 9
0.247001 9
0.246881 9
0.246748 9
0.246605 9
0.246479 9
0.246352 9
0.246228 9
0.246102 9
0.245974 9
0.245844 9
0.24574 9
0.245603 9
0.24548 9
0.245354 9
0.245204 9
0.245069 9
0.244942 9
0.244678 9
0.244545 9
0.244429 9
0.244296 9
0.244166 9
0.244037 9
0.243913 9
0.243774 9
0.243655 9
0.243535 9
0.243414 9
0.243298 9
0.243172 9
0.243041 9
0.242907 9
0.242797 9
0.242655 9
0.242513 9
0.242387 9
0.242249 9
0.242118 9
0.241983 9
0.241846 9
0.241719 9
0.241601 9
0.241466 9
0.241332 9
0.241198 9
0.241082 9
0.240959 9
0.240839 9
0.240687 9
0.240551 9
0.240427 9
0.240291 9
0.240171 9
0.240049 9
0.239915 9
0.239816 9
0.239681 9
0.239561 9
0.239428 9
0.2393 9
0.239175 9
0.239039 9
0.238917 9
0.238801 9
0.238671 9
0.238545 9
0.238414 9
0.238285 9
0.238148 9
0.238021 9
0.237909 9
0.237781 9
0.237671 9
0.237557 9
0.237439 9
0.237295 9
0.237172 9
0.237032 9
0.236898 9
0.236764 9
0.236631 9
0.236481 9
0.236348 9
0.236208 9
0.236093 9
0.235974 9
0.235851 9
0.23573 9
0.235598 9
0.235473 9
0.235342 9
0.235213 9
0.235069 9
0.23494 9
0.23481 9
0.234694 9
0.23457 9
0.234447 9
0.23432 9
0.234187 9
0.234057 9
0.233929 9
0.233804 9
0.233671 9
0.233535 9
0.233399 9
0.233265 9
0.233136 9
0.232998 9
0.232863 9
0.232731 9
0.232598 9
0.232467 9
0.232366 9
0.232228 9
0.232092 9
0.231963 9
0.231826 9
0.231696 9
0.231573 9
0.231437 9
0.231305 9
0.231181 9
0.23106 9
0.230924 9
0.230787 9
0.230646 9
0.230523 9
0.230404 9
0.230284 9
0.230137 9
0.230006 9
0.229868 9
0.229739 9
0.229596 9
0.22947 9
0.229336 9
0.229214 9
0.229088 9
0.228959 9
0.228832 9
0.2287 9
0.228574 9
0.228453 9
0.228343 9
0.228216 9
0.228087 9
0.227949 9
0.227839 9
0.22771 9
0.227584 9
0.227459 9
0.227332 9
0.227221 9
0.227091 9
0.226952 9
0.226828 9
0.226715 9
0.226607 9
0.226475 9
0.226352 9
0.226212 9
0.226087 9
0.225953 9
0.22583 9
0.225688 9
0.225561 9
0.225438 9
0.225301 9
0.225156 9
0.225027 9
0.224896 9
0.224775 9
0.224642 9
0.224509 9
0.224383 9
0.224248 9
0.224111 9
0.223988 9
0.223864 9
0.223733 9
0.223601 9
0.223474 9
0.223352 9
0.223261 8
0.223125 8
0.222993 8
0.222877 8
0.222748 8
0.222611 8
0.222485 8
0.222332 8
0.222212 8
0.222088 8
0.221958 8
0.221821 8
0.221694 8
0.221555 8
0.221429 8
0.221293 8
0.221162 8
0.221037 8
0.220908 8
0.220773 8
0.220655 8
0.22053 8
0.220404 8
0.220267 8
0.220143 8
0.220032 8
0.219894 8
0.219781 8
0.219652 8
0.219524 8
0.219401 8
0.219266 8
0.219143 8
0.219007 8
0.218878 8
0.218742 8
0.218611 8
0.218479 8
0.218355 8
0.218227 8
0.218089 8
0.217961 8
0.21784 8
0.217709 8
0.217562 8
0.217422 8
0.217303 8
0.217168 8
0.217045 8
0.216911 8
0.216782 8
0.216654 8
0.216521 8
0.21639 8
0.216263 8
0.216149 8
0.216013 8
0.215916 8
0.21578 8
0.215648 8
0.215542 8
0.21543 8
0.2153 8
0.215164 8
0.215036 8
0.214905 8
0.214789 8
0.214651 8
0.214534 8
0.21443 8
0.214299 8
0.214174 8
0.214045 8
0.213923 8
0.213802 8
0.213691 8
0.213562 8
0.213428 8
0.213296 8
0.213161 8
0.213031 8
0.212913 8
0.212787 8
0.212658 8
0.212542 8
0.212433 8
0.2123 8
0.212165 8
0.212042 8
0.21191 8
0.211774 8
0.211646 8
0.211516 8
0.211394 8
0.211268 8
0.211146 8
0.211028 8
0.210901 8
0.210753 8
0.210634 8
0.210519 8
0.210384 8
0.21027 8
0.21014 8
0.210023 8
0.209888 8
0.209765 8
0.209633 8
0.209508 8
0.209373 8
0.209245 8
0.209122 8
0.209002 8
0.208867 8
0.208738 8
0.208614 8
0.208481 8
0.208388 7
0.208269 7
0.208129 7
0.208006 7
0.207878 7
0.207755 7
0.207621 7
0.2075 7
0.207384 7
0.207273 7
0.207135 7
0.207016 7
0.206877 7
0.20675 7
0.206618 7
0.206506 7
0.20638 7
0.206253 7
0.206114 7
0.205978 7
0.205855 7
0.205738 7
0.20561 7
0.205484 7
0.205367 7
0.205244 7
0.20511 7
0.204987 7
0.204856 7
0.204726 7
0.204599 7
0.20447 7
0.204332 7
0.204207 7
0.204065 7
0.203945 7
0.203819 7
0.203715 7
0.203587 7
0.203459 7
0.203335 7
0.203206 7
0.203097 7
0.202966 7
0.202836 7
0.202706 7
0.202589 7
0.202482 7
0.202351 7
0.202214 7
0.202094 7
0.201961 7
0.201838 7
0.201708 7
0.201586 7
0.201457 7
0.201327 7
0.201196 7
0.201064 7
0.200938 7
0.200825 7
0.200694 7
0.200583 7
0.200456 7
0.200307 7
0.200171 7
0.20005 7
0.199942 7
0.199802 7
0.199698 7
0.199568 7
0.199439 7
0.199311 7
0.199206 7
0.199069 7
0.198935 7
0.198819 7
0.19869 7
0.198568 7
0.198458 7
0.198327 7
0.19821 7
0.198078 7
0.19794 7
0.197815 7
0.197694 7
0.197566 7
0.197444 7
0.197317 7
0.197196 7
0.197086 7
0.196839 7
0.196694 7
0.196567 7
0.196437 7
0.196301 7
0.196174 7
0.196042 7
0.195909 7
0.195772 7
0.195648 7
0.195524 7
0.195396 7
0.19528 7
0.195155 7
0.195016 7
0.194896 7
0.194763 7
0.194631 7
0.194501 7
0.194378 7
0.194244 7
0.19411 7
0.193982 7
0.193849 7
0.193732 7
0.193603 7
0.193481 7
0.193354 7
0.193216 7
0.193097 7
0.192969 7
0.192847 7
0.192719 7
0.192582 7
0.192458 7
0.19234 7
0.192207 7
0.192079 7
0.191981 7
0.191846 7
0.191732 7
0.191593 7
0.191462 7
0.191333 7
0.191211 7
0.191086 7
0.190954 7
0.19082 7
0.190703 7
0.190571 7
0.190432 7
0.19031 7
0.19017 7
0.190045 7
0.189918 7
0.189793 7
0.189675 7
0.189551 7
0.189418 7
0.189279 7
0.189162 7
0.189037 7
0.188911 7
0.18878 7
0.188658 7
0.188535 7
0.18839 7
0.188255 7
0.188121 7
0.188005 7
0.187877 7
0.187739 7
0.187623 7
0.187479 7
0.187354 7
0.187228 7
0.187104 7
0.18698 7
0.186849 7
0.186726 7
0.186599 7
0.186474 7
0.186344 7
0.186209 7
0.186073 7
0.185953 7
0.185806 7
0.185669 7
0.185545 7
0.185415 7
0.185295 7
0.185162 7
0.185028 7
0.184897 7
0.184794 7
0.184677 7
0.184552 7
0.184416 7
0.184286 7
0.184152 7
0.184027 7
0.183899 7
0.183768 7
0.183683 6
0.183555 6
0.183427 6
0.183294 6
0.183174 6
0.183054 6
0.182932 6
0.182789 6
0.182656 6
0.182521 6
0.182385 6
0.182252 6
0.182114 6
0.182 6
0.181879 6
0.181757 6
0.181634 6
0.181507 6
0.18138 6
0.181239 6
0.181106 6
0.180982 6
0.180848 6
0.180733 6
0.180616 6
0.180489 6
0.180362 6
0.180231 6
0.18013 6
0.179986 6
0.179848 6
0.179722 6
0.179595 6
0.179463 6
0.179333 6
0.179198 6
0.179065 6
0.178926 6
0.178798 6
0.178671 6
0.178541 6
0.178393 6
0.178266 6
0.17814 6
0.178022 6
0.177897 6
0.177766 6
0.177644 6
0.177517 6
0.177387 6
0.177265 6
0.177139 6
0.177023 6
0.176892 6
0.176762 6
0.176643 6
0.176511 6
0.176376 6
0.176246 6
0.176121 6
0.175985 6
0.175851 6
0.17572 6
0.175594 6
0.175473 6
0.175345 6
0.175218 6
0.175088 6
0.174955 6
0.174815 6
0.174677 6
0.174543 6
0.17442 6
0.174293 6
0.174185 6
0.174059 6
0.173937 6
0.173803 6
0.17367 6
0.173539 6
0.173418 6
0.173297 6
0.173188 6
0.17305 6
0.172925 6
0.172801 6
0.17268 6
0.172544 6
0.172409 6
0.172278 6
0.172165 6
0.17203 6
0.1719 6
0.171765 6
0.171647 6
0.17152 6
0.171386 6
0.171258 6
0.171139 6
0.170988 6
0.170861 6
0.170737 6
0.170616 6
0.170501 6
0.170376 6
0.170235 6
0.170105 6
0.169974 6
0.169839 6
0.169707 6
0.16958 6
0.169458 6
0.169339 6
0.169221 6
0.169117 6
0.168987 6
0.168865 6
0.168737 6
0.16861 6
0.168473 6
0.168353 6
0.168225 6
0.168098 6
0.167971 6
0.167837 6
0.167716 6
0.167582 6
0.167451 6
0.167322 6
0.167188 6
0.167052 6
0.166928 6
0.1668 6
0.166689 6
0.166557 6
0.166439 6
0.166324 6
0.166196 6
0.166061 6
0.165934 6
0.165804 6
0.165673 6
0.165552 6
0.165428 6
0.165297 6
0.165164 6
0.165024 6
0.164894 6
0.164767 6
0.16463 6
0.164489 6
0.164361 6
0.164231 6
0.164106 6
0.163994 6
0.163867 6
0.163734 6
0.163608 6
0.163469 6
0.163354 6
0.163224 6
0.163098 6
0.162974 6
0.162848 6
0.162706 6
0.162576 6
0.162441 6
0.162318 6
0.162188 6
0.16206 6
0.161934 6
0.161794 6
0.161657 6
0.161535 6
0.161391 6
0.161264 6
0.161133 6
0.16099 6
0.160869 6
0.160743 6
0.160619 6
0.16048 6
0.160335 6
0.160214 6
0.16009 6
0.159964 6
0.159845 6
0.159715 6
0.159593 6
0.159466 6
0.159341 6
0.159215 6
0.159086 6
0.158962 6
0.158844 6
0.158717 6
0.158603 6
0.158475 6
0.158336 6
0.158209 6
0.158072 6
0.157945 6
0.157816 6
0.15769 6
0.157562 6
0.157437 6
0.157306 6
0.15718 6
0.157076 6
0.156949 6
0.156826 6
0.156698 6
0.156561 6
0.156438 6
0.156311 6
0.156178 6
0.156048 6
0.155919 6
0.155786 6
0.155659 6
0.155532 6
0.155411 6
0.155288 6
0.155157 6
0.155034 6
0.154904 6
0.15478 6
0.154658 6
0.154525 6
0.15439 6
0.154248 6
0.154115 6
0.153984 6
0.153847 6
0.153723 6
0.153603 6
0.15348 6
0.153353 6
0.153238 6
0.153108 6
0.152971 6
0.152845 6
0.152727 6
0.152603 6
0.152478 6
0.152349 6
0.152228 6
0.152099 6
0.15197 6
0.151852 6
0.151725 6
0.151598 6
0.151491 6
0.151356 6
0.151221 6
0.151106 6
0.150975 6
0.150848 6
0.150725 6
0.150611 6
0.150548 5
0.150431 5
0.150295 5
0.150165 5
0.150055 5
0.149921 5
0.149788 5
0.149667 5
0.149535 5
0.149403 5
0.149296 5
0.149163 5
0.149031 5
0.148897 5
0.148771 5
0.148644 5
0.148512 5
0.148376 5
0.148245 5
0.148116 5
0.147983 5
0.147856 5
0.147734 5
0.147614 5
0.147488 5
0.14736 5
0.147233 5
0.147089 5
0.146962 5
0.146845 5
0.146712 5
0.146589 5
0.146447 5
0.146333 5
0.146201 5
0.146075 5
0.14595 5
0.145819 5
0.145696 5
0.145575 5
0.145436 5
0.145292 5
0.145169 5
0.145051 5
0.14493 5
0.144806 5
0.144676 5
0.144556 5
0.144418 5
0.144284 5
0.144165 5
0.144035 5
0.14391 5
0.143767 5
0.143635 5
0.143492 5
0.143365 5
0.143241 5
0.143107 5
0.142974 5
0.142846 5
0.142714 5
0.142589 5
0.14246 5
0.142343 5
0.142207 5
0.142089 5
0.141958 5
0.141842 5
0.141714 5
0.141578 5
0.141442 5
0.14131 5
0.141184 5
0.141063 5
0.140931 5
0.140806 5
0.140676 5
0.140536 5
0.140412 5
0.140285 5
0.140163 5
0.140036 5
0.139919 5
0.139798 5
0.139672 5
0.139548 5
0.139418 5
0.139291 5
0.139158 5
0.139029 5
0.138893 5
0.138766 5
0.138635 5
0.1385 5
0.138361 5
0.13824 5
0.138112 5
0.137991 5
0.137863 5
0.137738 5
0.13761 5
0.137471 5
0.137345 5
0.137216 5
0.137092 5
0.136958 5
0.136841 5
0.136714 5
0.136583 5
0.136477 5
0.136365 5
0.136225 5
0.136106 5
0.135973 5
0.13585 5
0.135725 5
0.135604 5
0.13547 5
0.135343 5
0.13521 5
0.135075 5
0.134962 5
0.134822 5
0.134704 5
0.13458 5
0.134446 5
0.134312 5
0.134181 5
0.134055 5
0.133926 5
0.133806 5
0.133676 5
0.133543 5
0.133413 5
0.133293 5
0.133162 5
0.133045 5
0.132908 5
0.132784 5
0.132654 5
0.132518 5
0.132382 5
0.132259 5
0.132132 5
0.132006 5
0.131874 5
0.131746 5
0.13162 5
0.13149 5
0.13137 5
0.131239 5
0.131113 5
0.130975 5
0.130845 5
0.13071 5
0.130579 5
0.130454 5
0.130326 5
0.130205 5
0.130074 5
0.129947 5
0.129819 5
0.129689 5
0.129564 5
0.129449 5
0.129305 5
0.129173 5
0.129062 5
0.128937 5
0.128799 5
0.128663 5
0.128542 5
0.128426 5
0.128299 5
0.128173 5
0.128038 5
0.127921 5
0.127803 5
0.127673 5
0.127545 5
0.127423 5
0.127301 5
0.127184 5
0.127067 5
0.126941 5
0.126806 5
0.126696 5
0.126576 5
0.126454 5
0.126333 5
0.126209 5
0.126087 5
0.125964 5
0.125823 5
0.125688 5
0.125551 5
0.125418 5
0.125284 5
0.125153 5
0.125017 5
0.124874 5
0.12476 5
0.124623 5
0.124486 5
0.12436 5
0.124244 5
0.124123 5
0.123997 5
0.123872 5
0.123749 5
0.123621 5
0.1235 5
0.123373 5
0.123242 5
0.123116 5
0.122984 5
0.122857 5
0.122726 5
0.122599 5
0.122468 5
0.122339 5
0.122212 5
0.12209 5
0.121958 5
0.121834 5
0.12171 5
0.121589 5
0.121462 5
0.121336 5
0.121207 5
0.12108 5
0.120938 5
0.120802 5
0.12067 5
0.120544 5
0.120413 5
0.120291 5
0.120173 5
0.120044 5
0.119906 5
0.119776 5
0.119645 5
0.119512 5
0.119374 5
0.119246 5
0.119124 5
0.118999 5
0.118863 5
0.118745 5
0.118627 5
0.118484 5
0.118356 5
0.118224 5
0.118094 5
0.117949 5
0.117818 5
0.117696 5
0.11757 5
0.117443 5
0.117303 5
0.117172 5
0.117044 5
0.11691 5
0.116784 5
0.116665 5
0.116543 5
0.116416 5
0.116288 5
0.116165 5
0.116035 5
0.115913 5
0.115793 5
0.115669 5
0.115541 5
0.115419 5
0.115292 5
0.115157 5
0.115038 5
0.114906 5
0.114782 5
0.114661 5
0.114534 5
0.114405 5
0.114269 5
0.114138 5
0.11401 5
0.113879 5
0.113749 5
0.113624 5
0.113502 5
0.113375 5
0.11324 5
0.113104 5
0.112988 5
0.112865 5
0.11274 5
0.112618 5
0.112483 5
0.112351 5
0.112228 5
0.112106 5
0.111977 5
0.111862 5
0.111742 5
0.111607 5
0.111465 5
0.111344 5
0.111217 5
0.111103 5
0.110984 5
0.110859 5
0.110737 5
0.110611 5
0.11049 5
0.110365 5
0.110222 5
0.110078 5
0.109939 5
0.109817 5
0.109684 5
0.109553 5
0.109429 5
0.109299 5
0.109171 5
0.109024 5
0.108901 5
0.108766 5
0.108624 5
0.108485 5
0.10835 5
0.108221 5
0.108091 5
0.107962 5
0.107834 5
0.107701 5
0.107574 5
0.107428 5
0.107303 5
0.107161 5
0.107049 5
0.106928 5
0.106793 5
0.10666 5
0.106525 5
0.106393 5
0.106269 5
0.106139 5
0.106017 5
0.105882 5
0.105756 5
0.105624 5
0.105484 5
0.105372 5
0.10524 5
0.105117 5
0.104985 5
0.104848 5
0.104723 5
0.104588 5
0.104455 5
0.104334 5
0.104198 5
0.104066 5
0.103911 5
0.103782 5
0.103661 5
0.103549 5
0.103429 5
0.103306 5
0.103183 5
0.103045 5
0.102925 5
0.102791 5
0.102653 5
0.102528 5
0.102409 5
0.102287 5
0.102157 5
0.102021 5
0.101907 5
0.101799 5
0.101683 5
0.101564 5
0.101442 5
0.101315 5
0.10119 5
0.10106 5
0.100931 5
0.100812 5
0.100692 5
0.100565 5
0.100442 5
0.100313 5
0.100194 5
0.100068 5
0.0999401 5
0.0998171 5
0.0996847 5
0.0995718 5
0.0994537 5
0.0993314 5
0.0992085 5
0.0990794 5
0.0989493 5
0.0988201 5
0.0986864 5
0.0985604 5
0.0984342 5
0.0983147 5
0.0981808 5
0.098062 5
0.0979271 5
0.0977963 5
0.0976644 5
0.0975369 5
0.0973979 5
0.0972779 5
0.0971536 5
0.0970193 5
0.0968902 5
0.0967509 5
0.0966084 5
0.0964875 5
0.0963628 5
0.0962356 5
0.0961084 5
0.0959794 5
0.0958542 5
0.0957205 5
0.0955981 5
0.0954678 5
0.0953455 5
0.0952192 5
0.0950913 5
0.0949721 5
0.0948444 5
0.0947182 5
0.0945995 5
0.0944835 5
0.0943597 5
0.0942302 5
0.0941089 5
0.0939816 5
0.0938445 5
0.0937235 5
0.0935994 5
0.093463 5
0.0933477 5
0.0932312 5
0.0930996 5
0.0929676 5
0.0928357 5
0.0927229 5
0.092586 5
0.0924703 5
0.0923448 5
0.0922255 5
0.0921099 5
0.0919913 5
0.0918522 5
0.0917347 5
0.0915938 5
0.0914635 5
0.0913434 5
0.091209 5
0.0910738 5
0.0909422 5
0.0908214 5
0.0906943 5
0.0905732 5
0.0904419 5
0.0903208 5
0.0901955 5
0.0900731 5
0.0899548 5
0.089822 5
0.0897001 5
0.0895631 5
0.0894327 5
0.0893135 5
0.0891876 5
0.0890665 5
0.0889361 5
0.08884 4
0.0886955 4
0.0885634 4
0.088438 4
0.0883089 4
0.0881781 4
0.0880371 4
0.0879012 4
0.0877858 4
0.0876618 4
0.0875401 4
0.0874137 4
0.0872915 4
0.0871564 4
0.0870387 4
0.086911 4
0.0867904 4
0.0866735 4
0.0865443 4
0.0864077 4
0.08627 4
0.086136 4
0.0860046 4
0.0858852 4
0.0857487 4
0.08562 4
0.0854916 4
0.0853774 4
0.0852524 4
0.085124 4
0.0849993 4
0.0848679 4
0.0847322 4
0.0845999 4
0.0844907 4
0.0843491 4
0.0842161 4
0.0840983 4
0.0839797 4
0.0838588 4
0.0837295 4
0.0835938 4
0.0834811 4
0.0833463 4
0.0832171 4
0.0830873 4
0.0829457 4
0.0828141 4
0.082685 4
0.082552 4
0.0824208 4
0.082296 4
0.0821733 4
0.0820432 4
0.0819118 4
0.0817721 4
0.0816506 4
0.0815254 4
0.0813873 4
0.0812768 4
0.0811544 4
0.0810246 4
0.0808953 4
0.0807559 4
0.0806218 4
0.08051 4
0.080378 4
0.0802549 4
0.0801374 4
0.0800131 4
0.0798779 4
0.0797552 4
0.0796292 4
0.079497 4
0.0793813 4
0.0792516 4
0.0791263 4
0.0789932 4
0.0788656 4
0.0787343 4
0.0786015 4
0.0784787 4
0.0783593 4
0.0782318 4
0.0781154 4
0.0779798 4
0.0778498 4
0.0777226 4
0.0775834 4
0.0774605 4
0.0773276 4
0.0772017 4
0.0770876 4
0.0769746 4
0.0768358 4
0.0767201 4
0.0765921 4
0.0764694 4
0.0763366 4
0.0762034 4
0.0761247 3
0.0760014 3
0.075898 3
0.0757723 3
0.0756615 3
0.0755401 3
0.075411 3
0.0752885 3
0.0751464 3
0.0750069 3
0.0748845 3
0.0747615 3
0.0746328 3
0.0744949 3
0.0743768 3
0.0742646 3
0.0741353 3
0.0740063 3
0.0738765 3
0.0737494 3
0.0736217 3
0.0734884 3
0.0733516 3
0.0732308 3
0.0731095 3
0.0729915 3
0.0728581 3
0.0727297 3
0.0726087 3
0.0724911 3
0.0723698 3
0.0722487 3
0.0721167 3
0.0719847 3
0.0718492 3
0.0717276 3
0.0715923 3
0.0714676 3
0.0713389 3
0.0712059 3
0.0710802 3
0.0709559 3
0.0708185 3
0.0706904 3
0.0705595 3
0.070441 3
0.0703078 3
0.0701801 3
0.0700578 3
0.0699253 3
0.0697971 3
0.0696763 3
0.0695598 3
0.0694419 3
0.0693099 3
0.0691818 3
0.0690463 3
0.0689178 3
0.0687853 3
0.0686659 3
0.0685416 3
0.0684144 3
0.0682871 3
0.0681486 3
0.0680113 3
0.0678946 3
0.0677667 3
0.0676305 3
0.067501 3
0.0673662 3
0.0672441 3
0.0671169 3
0.0670081 3
0.0668855 3
0.0667505 3
0.0666437 3
0.0665225 3
0.0663979 3
0.0662547 3
0.0661273 3
0.0660042 3
0.0658729 3
0.0657469 3
0.0656161 3
0.0654799 3
0.0653503 3
0.0652362 3
0.0651133 3
0.064983 3
0.0648531 3
0.0647224 3
0.064592 3
0.0644534 3
0.0643218 3
0.0640541 3
0.0639308 3
0.0638109 3
0.0636875 3
0.0635605 3
0.0634326 3
0.0632984 3
0.0631666 3
0.0630291 3
0.0629103 3
0.0627777 3
0.0626378 3
0.0624927 3
0.0623619 3
0.0622311 3
0.0621073 3
0.0619746 3
0.0618488 3
0.0617324 3
0.0616055 3
0.0614773 3
0.0613683 3
0.061243 3
0.0611252 3
0.0609893 3
0.0608686 3
0.0607336 3
0.0605997 3
0.0604657 3
0.0603243 3
0.0601949 3
0.0600692 3
0.0599541 3
0.0598159 3
0.0596875 3
0.0595677 3
0.0594452 3
0.0593147 3
0.0591789 3
0.0590553 3
0.0589143 3
0.0587908 3
0.0586504 3
0.0585263 3
0.0583961 3
0.0582644 3
0.0581282 3
0.057999 3
0.0578678 3
0.0577351 3
0.0576043 3
0.05749 3
0.0573665 3
0.0572358 3
0.0571125 3
0.0569965 3
0.05687 3
0.0567776 2
0.0566335 2
0.0565126 2
0.056388 2
0.0562678 2
0.0561333 2
0.0560046 2
0.0558803 2
0.055755 2
0.0556301 2
0.0555101 2
0.0553781 2
0.0552563 2
0.0551388 2
0.055005 2
0.0548574 2
0.0547359 2
0.0545959 2
0.0544648 2
0.0543372 2
0.0542198 2
0.0541003 2
0.0539706 2
0.0538412 2
0.0537068 2
0.053572 2
0.0534426 2
0.0533131 2
0.0531817 2
0.0530474 2
0.0529152 2
0.0527885 2
0.0526527 2
0.052514 2
0.0523935 2
0.0522705 2
0.0521446 2
0.0520102 2
0.0518844 2
0.0517665 2
0.0516359 2
0.0515038 2
0.0513874 2
0.0512526 2
0.0511211 2
0.050997 2
0.0508609 2
0.0507259 2
0.0505951 2
0.0504555 2
0.0503266 2
0.0501968 2
0.0500655 2
0.0499433 2
0.0498046 2
0.0496705 2
0.0495429 2
0.0494124 2
0.0492891 2
0.0491736 2
0.0490412 2
0.0489076 2
0.0487838 2
0.0486465 2
0.0485226 2
0.0483979 2
0.0482663 2
0.0481313 2
0.0479965 2
0.0478775 2
0.0477483 2
0.0476228 2
0.0474949 2
0.0473697 2
0.0472574 2
0.0471449 2
0.0470149 2
0.0468877 2
0.0467707 2
0.0466493 2
0.0465203 2
0.0464003 2
0.0462789 2
0.0461548 2
0.0460234 2
0.0458968 2
0.045757 2
0.045628 2
0.0455099 2
0.0453814 2
0.0452505 2
0.0451224 2
0.0449932 2
0.0448697 2
0.0447477 2
0.044628 2
0.0445047 2
0.0443767 2
0.0442634 2
0.0441495 2
0.044022 2
0.0438978 2
0.0437579 2
0.0436286 2
0.0435038 2
0.0433855 2
0.0432579 2
0.0431349 2
0.0430147 2
0.0428782 2
0.0427464 2
0.0426233 2
0.0424903 2
0.0423653 2
0.0422478 2
0.0421138 2
0.0419935 2
0.0418796 2
0.0417566 2
0.0416343 2
0.0415053 2
0.0413706 2
0.0412467 2
0.0411105 2
0.0409784 2
0.040852 2
0.0407329 2
0.0406049 2
0.0404771 2
0.0403459 2
0.040219 2
0.0400784 2
0.0399494 2
0.0398225 2
0.0396939 2
0.039557 2
0.0394377 2
0.039311 2
0.03918 2
0.0390579 2
0.038933 2
0.0387937 2
0.0386674 2
0.0385373 2
0.0384118 2
0.0382917 2
0.0381679 2
0.0380321 2
0.037905 2
0.0377743 2
0.0376456 2
0.0375226 2
0.0373964 2
0.0372591 2
0.0371451 2
0.0370168 2
0.0368852 2
0.0367467 2
0.0366129 2
0.0364845 2
0.0363473 2
0.0362108 2
0.0360848 2
0.0359532 2
0.0358226 2
0.0356916 2
0.0355492 2
0.0354253 2
0.0352969 2
0.0351723 2
0.0350461 2
0.034917 2
0.0347954 2
0.0346701 2
0.0345346 2
0.0344106 2
0.0342721 2
0.0341366 2
0.0340089 2
0.0338867 2
0.0337512 2
0.0336301 2
0.0334997 2
0.033376 2
0.0332587 2
0.033137 2
0.0330136 2
0.0328807 2
0.032754 2
0.0326195 2
0.0324883 2
0.0323417 2
0.0322273 2
0.0321057 2
0.031976 2
0.0318529 2
0.0317191 2
0.0315867 2
0.0314664 2
0.031332 2
0.0312041 2
0.0310773 2
0.0309458 2
0.0308209 2
0.0306867 2
0.0305611 2
0.0304294 2
0.0302973 2
0.0301534 2
0.0300156 2
0.0298968 2
0.0297716 2
0.0296485 2
0.0295274 2
0.0294059 2
0.029273 2
0.0291424 2
0.0290131 2
0.0288908 2
0.0287651 2
0.0286731 1
0.0285335 1
0.0284044 1
0.0282818 1
0.0281584 1
0.0280371 1
0.0279113 1
0.0277869 1
0.0276595 1
0.0275349 1
0.0274113 1
0.0272828 1
0.0271487 1
0.027022 1
0.0268998 1
0.0267678 1
0.026635 1
0.0265093 1
0.0263919 1
0.0262643 1
0.0261506 1
0.0260205 1
0.025885 1
0.0257465 1
0.0256206 1
0.0254953 1
0.0253611 1
0.0252395 1
0.0251036 1
0.024975 1
0.0248516 1
0.0247411 1
0.0246153 1
0.0244901 1
0.0243674 1
0.0242385 1
0.0240971 1
0.0239719 1
0.0238434 1
0.0237131 1
0.0235842 1
0.0234442 1
0.0233247 1
0.0231907 1
0.0230669 1
0.0229453 1
0.0228279 1
0.0226944 1
0.0225741 1
0.0224438 1
0.022323 1
0.022204 1
0.0220804 1
0.0219559 1
0.0218349 1
0.0217133 1
0.0215765 1
0.0214386 1
0.0213063 1
0.0211824 1
0.0210558 1
0.0209228 1
0.0207997 1
0.0206619 1
0.020543 1
0.0204158 1
0.0202887 1
0.0201637 1
0.0200318 1
0.0199004 1
0.0197753 1
0.0196433 1
0.0195163 1
0.0193932 1
0.0192608 1
0.0191258 1
0.0189935 1
0.0188676 1
0.018751 1
0.0186242 1
0.0184914 1
0.0183677 1
0.0182413 1
0.0181059 1
0.0179796 1
0.0178447 1
0.017715 1
0.0175968 1
0.0174549 1
0.017326 1
0.0171953 1
0.0170658 1
0.0169384 1
0.0168221 1
0.0167013 1
0.0165793 1
0.0164557 1
0.0163295 1
0.0162049 1
0.0160781 1
0.0159521 1
0.0158314 1
0.015697 1
0.0155676 1
0.0154273 1
0.0153024 1
0.0151731 1
0.015056 1
0.0149217 1
0.014787 1
0.0146564 1
0.0145305 1
0.0144039 1
0.01427 1
0.014152 1
0.0140347 1
0.0139092 1
0.0137888 1
0.0136624 1
0.0135302 1
0.0134123 1
0.013284 1
0.0131498 1
0.0130306 1
0.0129051 1
0.0127808 1
0.0126615 1
0.012545 1
0.0124152 1
0.0122939 1
0.012168 1
0.0120354 1
0.0119149 1
0.0117864 1
0.0116658 1
0.0115386 1
0.0114296 1
0.0113075 1
0.0111738 1
0.0110397 1
0.0109103 1
0.0107896 1
0.0106613 1
0.010538 1
0.0104231 1
0.0102958 1
0.0101685 1
0.0100425 1
0.0099112 1
0.00978677 1
0.00966708 1
0.0095387 1
0.00941295 1
0.00928459 1
0.00915503 1
0.00902226 1
0.00889146 1
0.0087705 1
0.00865503 1
0.00852799 1
0.00840203 1
0.00828338 1
0.00815899 1
0.00803216 1
0.0079031 1
0.00777912 1
0.00770226 0
0.00756713 0
0.00743995 0
0.00731692 0
0.00719031 0
0.00707187 0
0.00693904 0
0.00681554 0
0.00668293 0
0.00657303 0
0.00643795 0
0.0063174 0
0.00619019 0
0.00606032 0
0.00594028 0
0.00580956 0
0.00568346 0
0.00555354 0
0.00542766 0
0.00530154 0
0.00518801 0
0.00506879 0
0.00494993 0
0.00482561 0
0.00469265 0
0.00456733 0
0.00444125 0
0.00431653 0
0.00419718 0
0.00407971 0
0.00395893 0
0.00383594 0
0.00371024 0
0.00357481 0
0.00345107 0
0.00332265 0
0.00320145 0
0.0030776 0
0.00294126 0
0.00282485 0
0.00270004 0
0.00256241 0
0.00243448 0
0.00231571 0
0.0021832 0
0.00205277 0
0.00193331 0
0.00182078 0
0.00170423 0
0.00158288 0
0.00145615 0
0.00134172 0
0.00121657 0
0.00109155 0
0.000985069 0
0.000863795 0
0.000747164 0
0.00062504 0
0.00048604 0
0.000353882 0
0.000236035 0
0.000120818 0
0 0
