0.332095 797
0.332095 796
0.332095 795
0.33195 795
0.331824 795
0.33168 795
0.331566 795
0.331427 795
0.331426 794
0.331426 793
0.331316 793
0.331316 792
0.331316 791
0.331185 791
0.331057 791
0.331057 790
0.330938 790
0.330812 790
0.33081 789
0.330684 789
0.330552 789
0.330552 788
0.330552 787
0.330411 787
0.330284 787
0.330166 787
0.33015 786
0.330018 786
0.330018 785
0.3299 785
0.329757 785
0.329629 785
0.329515 785
0.329391 785
0.329391 784
0.329391 783
0.329274 783
0.329274 782
0.329156 782
0.329148 781
0.329148 780
0.329015 780
0.329014 779
0.329014 778
0.329014 777
0.328872 777
0.328872 776
0.328728 776
0.328614 776
0.328481 776
0.328344 776
0.328344 775
0.328205 775
0.328063 775
0.328041 774
0.327903 774
0.327903 773
0.327775 773
0.32763 773
0.327501 773
0.327501 772
0.327385 772
0.327274 772
0.327128 772
0.327121 771
0.326972 771
0.326829 771
0.326818 770
0.326701 770
0.326688 769
0.326569 769
0.326448 769
0.326448 768
0.326299 768
0.326162 768
0.326162 767
0.326056 767
0.325973 766
0.325826 766
0.325826 765
0.325682 765
0.325536 765
0.325398 765
0.325254 765
0.325124 765
0.324974 765
0.324856 765
0.324714 765
0.324578 765
0.324439 765
0.324279 765
0.324279 764
0.324138 764
0.324138 763
0.324005 763
0.323858 763
0.323858 762
0.323858 761
0.323858 760
0.323858 759
0.323743 759
0.323616 759
0.323509 759
0.323509 758
0.323411 758
0.323291 758
0.323279 757
0.323134 757
0.323006 757
0.323006 756
0.323006 755
0.322861 755
0.322712 755
0.322712 754
0.322578 754
0.32253 753
0.322403 753
0.322272 753
0.322121 753
0.321979 753
0.321834 753
0.321809 752
0.321682 752
0.321651 751
0.321515 751
0.321366 751
0.321355 750
0.321355 749
0.321216 749
0.321215 748
0.321215 747
0.321094 747
0.320942 747
0.320934 746
0.320796 746
0.320773 745
0.320773 744
0.320642 744
0.320493 744
0.320493 743
0.320362 743
0.320237 743
0.320237 742
0.320091 742
0.320091 741
0.32009 740
0.319958 740
0.319827 740
0.319827 739
0.319798 738
0.319634 738
0.319505 738
0.319505 737
0.319385 737
0.319244 737
0.319112 737
0.318966 737
0.318966 736
0.318834 736
0.318692 736
0.318686 735
0.31856 735
0.318428 735
0.318309 735
0.318167 735
0.318027 735
0.317914 735
0.317914 734
0.317914 733
0.317914 732
0.317914 731
0.317778 731
0.317638 731
0.317493 731
0.317493 730
0.317351 730
0.317239 730
0.317109 730
0.316983 730
0.316839 730
0.316699 730
0.316699 729
0.316576 729
0.316444 729
0.316302 729
0.316298 728
0.316298 727
0.316298 726
0.316159 726
0.316159 725
0.316021 725
0.315893 725
0.315747 725
0.315622 725
0.315622 724
0.315506 724
0.315506 723
0.315376 723
0.315233 723
0.315089 723
0.314953 723
0.314876 722
0.314741 722
0.314729 721
0.314579 721
0.314479 721
0.314479 720
0.314479 719
0.314355 719
0.314355 718
0.314218 717
0.314093 717
0.313951 717
0.313812 717
0.313679 717
0.313554 717
0.313554 716
0.313456 716
0.31333 716
0.31333 715
0.313208 715
0.313205 714
0.313205 713
0.313056 713
0.313056 712
0.313056 711
0.313056 710
0.312954 710
0.312954 709
0.312817 709
0.312789 708
0.312677 708
0.312535 708
0.3124 708
0.312254 708
0.312134 708
0.312134 707
0.312134 706
0.311991 706
0.311991 705
0.31199 704
0.31199 703
0.311848 703
0.311848 702
0.311704 702
0.311561 702
0.311442 702
0.311437 701
0.311437 700
0.311431 699
0.311431 698
0.311291 698
0.311166 698
0.311166 697
0.311041 697
0.310903 697
0.310903 696
0.310903 695
0.310876 694
0.310727 694
0.310727 693
0.310727 692
0.310615 692
0.310602 691
0.310469 691
0.310362 691
0.310362 690
0.310226 690
0.310084 690
0.310084 689
0.310084 688
0.309951 688
0.309822 688
0.309675 688
0.309672 687
0.309525 687
0.309525 686
0.309398 686
0.309257 686
0.309118 686
0.30898 686
0.308848 686
0.308733 686
0.308605 686
0.30848 686
0.308416 685
0.308273 685
0.308129 685
0.30797 685
0.307831 685
0.307699 685
0.307699 684
0.307573 684
0.307555 683
0.307422 683
0.307275 683
0.307127 683
0.306986 683
0.30686 683
0.306708 683
0.306708 682
0.306708 681
0.306572 681
0.306432 681
0.3063 681
0.306163 681
0.306038 681
0.306038 680
0.305915 680
0.305782 680
0.305642 680
0.305502 680
0.305353 680
0.305225 680
0.305073 680
0.304953 680
0.304804 680
0.304804 679
0.304804 678
0.304696 678
0.304696 677
0.304578 677
0.30445 677
0.304313 677
0.304173 677
0.304164 676
0.304045 676
0.304045 675
0.304045 674
0.303922 674
0.303791 674
0.303634 674
0.303523 674
0.303406 674
0.303382 673
0.303382 672
0.303382 671
0.303264 671
0.303116 671
0.303116 670
0.302972 670
0.302846 670
0.302702 670
0.302557 670
0.302403 670
0.302266 670
0.302116 670
0.301964 670
0.301827 670
0.30172 670
0.301601 670
0.301601 669
0.301461 669
0.301461 668
0.301318 668
0.301214 668
0.301104 668
0.301089 667
0.300948 667
0.30081 667
0.300667 667
0.300667 666
0.300667 665
0.300655 664
0.300535 664
0.300436 664
0.300436 663
0.3003 663
0.300169 663
0.300039 663
0.300026 662
0.299889 662
0.299785 662
0.299658 662
0.29952 662
0.299398 662
0.299398 661
0.299276 661
0.299276 660
0.299276 659
0.299141 659
0.299141 658
0.299131 657
0.298991 657
0.29885 657
0.298726 657
0.298718 656
0.298718 655
0.298568 655
0.298436 655
0.2983 655
0.2983 654
0.298162 654
0.298162 653
0.298043 653
0.2979 653
0.297758 653
0.297758 652
0.297758 651
0.297758 650
0.297758 649
0.297758 648
0.297755 647
0.297755 646
0.297755 645
0.297628 645
0.297473 645
0.297473 644
0.297473 643
0.297473 642
0.297355 642
0.297229 642
0.297076 642
0.296953 642
0.296935 641
0.296795 641
0.296644 641
0.296493 641
0.296481 640
0.296481 639
0.296341 639
0.296196 639
0.296072 639
0.296072 638
0.296072 637
0.295953 637
0.295821 637
0.295685 637
0.295685 636
0.295557 636
0.295547 635
0.295417 635
0.295289 635
0.295162 635
0.295015 635
0.294872 635
0.294724 635
0.294579 635
0.294465 635
0.294316 635
0.294316 634
0.294188 634
0.294049 634
0.2939 634
0.293753 634
0.293753 633
0.293753 632
0.293605 632
0.293456 632
0.293319 632
0.293319 631
0.293183 631
0.293038 631
0.29292 631
0.292785 631
0.292664 631
0.292517 631
0.292401 631
0.292242 631
0.292102 631
0.29201 630
0.29187 630
0.291865 629
0.291865 628
0.291864 627
0.291733 627
0.291589 627
0.291549 626
0.291463 625
0.291463 624
0.29132 624
0.291179 624
0.291041 624
0.290909 624
0.290816 623
0.290797 622
0.290645 622
0.290505 622
0.290366 622
0.290258 622
0.290258 621
0.290108 621
0.28997 621
0.289837 621
0.289703 621
0.289579 621
0.289431 621
0.28929 621
0.28929 620
0.289174 620
0.289047 620
0.288931 620
0.288929 619
0.288787 619
0.288655 619
0.288524 619
0.288524 618
0.288386 618
0.288254 618
0.288123 618
0.288112 617
0.287978 617
0.287978 616
0.287978 615
0.287978 614
0.287843 614
0.287698 614
0.287549 614
0.287549 613
0.287425 613
0.287425 612
0.287261 612
0.287123 612
0.28698 612
0.286857 612
0.286722 612
0.286602 612
0.28647 612
0.28647 611
0.286332 611
0.286194 611
0.286046 611
0.286046 610
0.286046 609
0.285899 609
0.285779 609
0.285779 608
0.285667 608
0.285525 608
0.285413 608
0.285283 608
0.285148 608
0.285007 608
0.284883 608
0.284776 608
0.284664 608
0.284664 607
0.284664 606
0.284664 605
0.28452 605
0.28452 604
0.284368 604
0.284344 603
0.284344 602
0.284333 601
0.284234 601
0.284234 600
0.284234 599
0.284083 599
0.284069 598
0.283935 598
0.283778 598
0.283642 598
0.283495 598
0.283408 597
0.28326 597
0.283133 597
0.283133 596
0.282996 596
0.282968 595
0.282962 594
0.282815 594
0.282689 594
0.282555 594
0.282555 593
0.282555 592
0.28243 592
0.282412 591
0.282274 591
0.282149 591
0.282005 591
0.281865 591
0.281865 590
0.281745 590
0.281599 590
0.281475 590
0.281359 590
0.281221 590
0.281094 590
0.281093 589
0.280963 589
0.280823 589
0.280709 589
0.280709 588
0.280686 587
0.280572 587
0.280432 587
0.280432 586
0.280296 586
0.280176 586
0.280176 585
0.280035 585
0.279877 585
0.279733 585
0.279729 584
0.279593 584
0.27954 583
0.279406 583
0.279284 583
0.279157 583
0.279157 582
0.279157 581
0.279131 580
0.279002 580
0.27889 580
0.278759 580
0.278759 579
0.278615 579
0.278479 579
0.278342 579
0.27834 578
0.27834 577
0.27834 576
0.278207 576
0.278198 575
0.278055 575
0.278055 574
0.277923 574
0.277793 574
0.277781 573
0.277742 572
0.277626 572
0.277472 572
0.277359 572
0.277351 571
0.277233 571
0.277086 571
0.277066 570
0.277066 569
0.277045 568
0.276934 568
0.27679 568
0.276654 568
0.276532 568
0.276399 568
0.276399 567
0.276277 567
0.276277 566
0.27613 566
0.275983 566
0.27585 566
0.275704 566
0.275567 566
0.275421 566
0.275378 565
0.275378 564
0.275376 563
0.275231 563
0.275088 563
0.274949 563
0.274796 563
0.274656 563
0.274523 563
0.274397 563
0.274262 563
0.274138 563
0.273995 563
0.273864 563
0.273722 563
0.273585 563
0.273585 562
0.273458 562
0.273312 562
0.273312 561
0.273173 561
0.273036 561
0.272904 561
0.272904 560
0.272754 560
0.272741 559
0.272741 558
0.272601 558
0.272601 557
0.272601 556
0.272455 556
0.272307 556
0.272157 556
0.272028 556
0.2719 556
0.271752 556
0.271611 556
0.271473 556
0.271354 556
0.271209 556
0.271071 556
0.270927 556
0.270783 556
0.270665 556
0.270519 556
0.270519 555
0.270377 555
0.27024 555
0.27024 554
0.270115 554
0.269992 554
0.269888 554
0.269732 554
0.269606 554
0.26947 554
0.269319 554
0.269316 553
0.269167 553
0.269145 552
0.269145 551
0.26901 551
0.26901 550
0.268872 550
0.268758 550
0.268603 550
0.268487 550
0.268462 549
0.268356 549
0.268209 549
0.268085 549
0.268085 548
0.268085 547
0.267959 547
0.267885 546
0.267767 546
0.267767 545
0.267635 545
0.267492 545
0.267427 544
0.267294 544
0.267156 544
0.267152 543
0.267152 542
0.267036 542
0.267036 541
0.267027 540
0.267027 539
0.266874 539
0.266874 538
0.266797 537
0.266796 536
0.266658 536
0.26654 536
0.266408 536
0.266272 536
0.266272 535
0.26614 535
0.265991 535
0.265991 534
0.265842 534
0.265621 534
0.265498 534
0.265354 534
0.265213 534
0.265198 533
0.265198 532
0.265072 532
0.264953 532
0.264809 532
0.264677 532
0.264537 532
0.264404 532
0.264404 531
0.264404 530
0.264404 529
0.264268 529
0.264268 528
0.26414 528
0.263991 528
0.263853 528
0.263849 527
0.263701 527
0.263556 527
0.263425 527
0.263387 526
0.263382 525
0.263247 525
0.263247 524
0.263129 524
0.263129 523
0.26299 523
0.262879 523
0.262743 523
0.262602 523
0.262462 523
0.262451 522
0.262307 522
0.262307 521
0.262168 521
0.262034 521
0.262034 520
0.261916 520
0.261916 519
0.261781 519
0.261776 518
0.261634 518
0.261499 518
0.261461 517
0.261334 517
0.261313 516
0.261183 516
0.261045 516
0.260972 515
0.26084 515
0.26072 515
0.260583 515
0.260459 515
0.260317 515
0.260317 514
0.260058 514
0.25992 514
0.259798 514
0.259674 514
0.259557 514
0.259438 514
0.259438 513
0.259299 513
0.259163 513
0.259035 513
0.259035 512
0.258911 512
0.258905 511
0.258758 511
0.258636 511
0.258525 511
0.258381 511
0.258248 511
0.25811 511
0.257961 511
0.257958 510
0.257823 510
0.257683 510
0.257541 510
0.257417 510
0.257274 510
0.257136 510
0.256996 510
0.256996 509
0.256862 509
0.25674 509
0.256611 509
0.256478 509
0.256364 509
0.256213 509
0.25606 509
0.255943 509
0.255833 509
0.2557 509
0.255696 508
0.255696 507
0.255696 506
0.255559 506
0.255499 505
0.255358 505
0.255357 504
0.255355 503
0.25522 503
0.255207 502
0.255076 502
0.254957 502
0.254847 502
0.254712 502
0.254712 501
0.254576 501
0.254436 501
0.254426 500
0.254426 499
0.254426 498
0.254297 498
0.254166 498
0.254166 497
0.254018 497
0.253884 497
0.253747 497
0.253606 497
0.253453 497
0.253323 497
0.253323 496
0.253321 495
0.253177 495
0.253041 495
0.252913 495
0.252776 495
0.252644 495
0.252635 494
0.252501 494
0.252362 494
0.252224 494
0.252224 493
0.252096 493
0.25196 493
0.251827 493
0.251688 493
0.251563 493
0.251552 492
0.25142 492
0.25139 491
0.251254 491
0.251234 490
0.251104 490
0.251095 489
0.250959 489
0.250959 488
0.250822 488
0.250817 487
0.250817 486
0.250685 486
0.250685 485
0.250551 485
0.250411 485
0.250272 485
0.250146 485
0.250024 485
0.249898 485
0.249756 485
0.249613 485
0.24956 484
0.249436 484
0.249304 484
0.249162 484
0.249027 484
0.248893 484
0.248808 483
0.248671 483
0.248531 483
0.248409 483
0.248283 483
0.248134 483
0.248134 482
0.248134 481
0.248007 481
0.247887 481
0.24788 480
0.24788 479
0.247738 479
0.247595 479
0.247466 479
0.247314 479
0.24721 479
0.247075 479
0.247075 478
0.246942 478
0.246813 478
0.246675 478
0.246675 477
0.246522 477
0.246522 476
0.24639 476
0.246274 476
0.246137 476
0.246009 476
0.245872 476
0.245732 476
0.245598 476
0.245598 475
0.245586 474
0.245586 473
0.245456 473
0.245456 472
0.245312 472
0.245184 472
0.245058 472
0.244912 472
0.244787 472
0.244787 471
0.244661 471
0.244661 470
0.244541 470
0.244541 469
0.24441 469
0.244269 469
0.244136 469
0.244005 469
0.243895 469
0.243763 469
0.243646 469
0.243631 468
0.243604 467
0.243604 466
0.243466 466
0.243466 465
0.243317 465
0.243182 465
0.24305 465
0.242915 465
0.242915 464
0.242804 464
0.242682 464
0.242555 464
0.242425 464
0.242281 464
0.242193 463
0.242054 463
0.242042 462
0.241918 462
0.241782 462
0.241643 462
0.241508 462
0.241508 461
0.241508 460
0.241508 459
0.241385 459
0.241248 459
0.241114 459
0.240979 459
0.240835 459
0.2407 459
0.2407 458
0.240554 458
0.240419 458
0.240407 457
0.240281 457
0.240141 457
0.239994 457
0.239862 457
0.239714 457
0.239581 457
0.239434 457
0.239434 456
0.239288 456
0.239158 456
0.239011 456
0.239011 455
0.239011 454
0.238981 453
0.238981 452
0.238844 452
0.238762 451
0.238627 451
0.238483 451
0.238347 451
0.238211 451
0.238211 450
0.23807 450
0.237926 450
0.237858 449
0.237713 449
0.23759 449
0.237457 449
0.237351 449
0.237351 448
0.237213 448
0.237082 448
0.236972 448
0.236819 448
0.236676 448
0.236531 448
0.236521 447
0.236403 447
0.236286 447
0.236135 447
0.236134 446
0.235975 446
0.235831 446
0.235831 445
0.235711 445
0.235604 445
0.235604 444
0.235604 443
0.235459 443
0.235459 442
0.23532 442
0.23532 441
0.235304 440
0.235302 439
0.235296 438
0.235145 438
0.235109 437
0.234974 437
0.234845 437
0.234828 436
0.234685 436
0.23454 436
0.234394 436
0.23424 436
0.2341 436
0.234087 435
0.23395 435
0.233815 435
0.233666 435
0.233662 434
0.233526 434
0.233389 434
0.233246 434
0.233112 434
0.232989 434
0.232977 433
0.232837 433
0.232693 433
0.232547 433
0.232421 433
0.232288 433
0.232169 433
0.232041 433
0.231929 433
0.231797 433
0.231654 433
0.23152 433
0.231377 433
0.231377 432
0.231228 432
0.231097 432
0.230961 432
0.230804 432
0.230686 432
0.23055 432
0.230407 432
0.230407 431
0.230273 431
0.230155 431
0.230155 430
0.230152 429
0.230115 428
0.229977 428
0.229977 427
0.229845 427
0.229695 427
0.229558 427
0.229551 426
0.229407 426
0.229407 425
0.229266 425
0.229128 425
0.229124 424
0.22911 423
0.228971 423
0.228853 423
0.228721 423
0.228721 422
0.228578 422
0.228448 422
0.228328 422
0.228322 421
0.228186 421
0.228181 420
0.228047 420
0.228031 419
0.228031 418
0.228031 417
0.227895 417
0.227895 416
0.227895 415
0.227756 415
0.22765 415
0.227527 415
0.227385 415
0.227234 415
0.227104 415
0.226976 415
0.226828 415
0.226828 414
0.226702 414
0.226558 414
0.226422 414
0.226272 414
0.226149 414
0.226135 413
0.226135 412
0.226001 412
0.225863 412
0.225737 412
0.225737 411
0.225596 411
0.225461 411
0.225317 411
0.22522 411
0.225086 411
0.22494 411
0.224818 411
0.224682 411
0.22465 410
0.224536 410
0.224536 409
0.224398 409
0.224326 408
0.224185 408
0.224059 408
0.223934 408
0.22381 408
0.223704 408
0.22359 408
0.223458 408
0.223325 408
0.22319 408
0.223058 408
0.223058 407
0.222929 407
0.222797 407
0.222659 407
0.222659 406
0.222531 406
0.222526 405
0.222383 405
0.222245 405
0.222245 404
0.222113 404
0.221989 404
0.221851 404
0.221726 404
0.221577 404
0.221443 404
0.221323 404
0.221204 404
0.221204 403
0.22107 403
0.22107 402
0.220953 402
0.220808 402
0.220649 402
0.220514 402
0.220514 401
0.220514 400
0.220514 399
0.220385 399
0.220385 398
0.220241 398
0.220101 398
0.219962 398
0.219799 398
0.219787 397
0.219787 396
0.219748 395
0.219606 395
0.21945 395
0.21945 394
0.21945 393
0.219368 392
0.219212 392
0.219212 391
0.219079 391
0.218961 391
0.218814 391
0.218661 391
0.218536 391
0.218526 390
0.218516 389
0.218385 389
0.218371 388
0.218225 388
0.218099 388
0.217965 388
0.217845 388
0.217708 388
0.217564 388
0.217448 388
0.217319 388
0.217193 388
0.217052 388
0.216911 388
0.216911 387
0.216772 387
0.216635 387
0.216524 387
0.216383 387
0.21627 387
0.216132 387
0.215995 387
0.215828 387
0.21568 387
0.215676 386
0.215651 385
0.215526 385
0.215526 384
0.215387 384
0.215245 384
0.215103 384
0.214976 384
0.214963 383
0.214963 382
0.214822 382
0.21481 381
0.21481 380
0.214677 380
0.214551 380
0.214283 380
0.214165 380
0.214041 380
0.2139 380
0.213752 380
0.213619 380
0.21351 380
0.21337 380
0.213224 380
0.213085 380
0.21296 380
0.212824 380
0.212729 379
0.212707 378
0.212707 377
0.212556 377
0.212556 376
0.212556 375
0.212412 375
0.212265 375
0.212134 375
0.212134 374
0.211981 374
0.211827 374
0.211689 374
0.211539 374
0.211399 374
0.211259 374
0.211248 373
0.211248 372
0.211106 372
0.210985 372
0.210869 372
0.210758 372
0.21061 372
0.210481 372
0.210359 372
0.210209 372
0.210065 372
0.210065 371
0.209912 371
0.209786 371
0.209774 370
0.20966 370
0.209527 370
0.209384 370
0.209384 369
0.209254 369
0.209237 368
0.20911 368
0.208969 368
0.208829 368
0.208829 367
0.208709 367
0.208569 367
0.208457 367
0.208453 366
0.208323 366
0.208175 366
0.208056 366
0.207928 366
0.207887 365
0.20775 365
0.207624 365
0.207492 365
0.207492 364
0.207341 364
0.207341 363
0.207225 363
0.20709 363
0.206985 363
0.206844 363
0.206712 363
0.206577 363
0.206441 363
0.206318 363
0.206175 363
0.206044 363
0.205901 363
0.205882 362
0.205881 361
0.205736 361
0.205598 361
0.205598 360
0.205474 360
0.205347 360
0.205211 360
0.20509 360
0.204984 360
0.204845 360
0.204692 360
0.20457 360
0.204434 360
0.2043 360
0.204176 360
0.204158 359
0.204022 359
0.203883 359
0.203747 359
0.203603 359
0.203463 359
0.203319 359
0.203171 359
0.203072 359
0.202934 359
0.202787 359
0.202664 359
0.202536 359
0.202425 359
0.20229 359
0.202149 359
0.202149 358
0.202142 357
0.202014 357
0.201881 357
0.201865 356
0.201731 356
0.201591 356
0.201454 356
0.201334 356
0.201194 356
0.201194 355
0.2011 354
0.200986 354
0.200845 354
0.200845 353
0.200845 352
0.200708 352
0.200581 352
0.200437 352
0.200322 352
0.200317 351
0.200159 351
0.200019 351
0.199901 351
0.199768 351
0.199619 351
0.199478 351
0.199478 350
0.199339 350
0.199204 350
0.199194 349
0.199059 349
0.198932 349
0.198932 348
0.198808 348
0.19866 348
0.198534 348
0.198392 348
0.198392 347
0.198243 347
0.198099 347
0.197963 347
0.197859 347
0.197793 346
0.197686 346
0.197577 346
0.197576 345
0.197423 345
0.197295 345
0.197165 345
0.197127 344
0.196977 344
0.196977 343
0.196859 343
0.196746 343
0.196744 342
0.196615 342
0.196491 342
0.196478 341
0.196374 341
0.19624 341
0.196224 340
0.196084 340
0.196062 339
0.195944 339
0.195781 339
0.195655 339
0.195532 339
0.1954 339
0.195281 339
0.195169 339
0.195023 339
0.194878 339
0.194771 339
0.194637 339
0.194488 339
0.194356 339
0.194222 339
0.194091 339
0.193951 339
0.193844 339
0.193705 339
0.193573 339
0.19343 339
0.193298 339
0.193151 339
0.193138 338
0.193016 338
0.19288 338
0.192742 338
0.192652 337
0.192649 336
0.192649 335
0.192512 335
0.192404 335
0.192266 335
0.192266 334
0.192126 334
0.192122 333
0.191977 333
0.191849 333
0.191713 333
0.19159 333
0.191458 333
0.191305 333
0.191169 333
0.191027 333
0.190893 333
0.190749 333
0.190622 333
0.19049 333
0.190355 333
0.190219 333
0.190083 333
0.190083 332
0.189931 332
0.189801 332
0.189657 332
0.189507 332
0.189395 332
0.189265 332
0.189145 332
0.189031 332
0.188896 332
0.188798 332
0.188668 332
0.188523 332
0.188398 332
0.188264 332
0.18812 332
0.187975 332
0.187832 332
0.18769 332
0.18754 332
0.187405 332
0.187283 332
0.187276 331
0.187137 331
0.187137 330
0.187012 330
0.186894 330
0.186757 330
0.186748 329
0.186604 329
0.186533 328
0.186395 328
0.186254 328
0.186218 327
0.186084 327
0.186074 326
0.185936 326
0.185936 325
0.185936 324
0.185835 324
0.185697 324
0.185558 324
0.185415 324
0.185275 324
0.185159 324
0.185012 324
0.184882 324
0.184733 324
0.184733 323
0.18461 323
0.184503 323
0.184377 323
0.184239 323
0.184111 323
0.183972 323
0.183966 322
0.18385 322
0.183711 322
0.183606 322
0.183462 322
0.183428 321
0.183309 321
0.183172 321
0.183036 321
0.183036 320
0.182896 320
0.182752 320
0.182616 320
0.182486 320
0.182396 319
0.182261 319
0.182118 319
0.182099 318
0.182089 317
0.181941 317
0.181793 317
0.181646 317
0.181519 317
0.18139 317
0.181278 317
0.181152 317
0.181146 316
0.181133 315
0.180994 315
0.180863 315
0.180737 315
0.180599 315
0.180463 315
0.180334 315
0.180334 314
0.180194 314
0.180105 313
0.179972 313
0.179831 313
0.179809 312
0.179809 311
0.179679 311
0.179551 311
0.179542 310
0.179539 309
0.179392 309
0.179377 308
0.179239 308
0.1791 308
0.178957 308
0.178822 308
0.178672 308
0.178533 308
0.178395 308
0.178256 308
0.178256 307
0.178115 307
0.17797 307
0.177968 306
0.177825 306
0.177695 306
0.177695 305
0.177695 304
0.177549 304
0.177425 304
0.177425 303
0.177416 302
0.177276 302
0.177155 302
0.177035 302
0.17689 302
0.176765 302
0.176709 301
0.176709 300
0.17657 300
0.17657 299
0.176442 299
0.176339 299
0.176201 299
0.176106 298
0.175967 298
0.175967 297
0.175837 297
0.175691 297
0.175588 297
0.175451 297
0.175451 296
0.175318 296
0.175308 295
0.175301 294
0.175285 293
0.17516 293
0.175036 293
0.174936 293
0.174804 293
0.174804 292
0.174795 291
0.174637 291
0.174503 291
0.174502 290
0.174497 289
0.174387 289
0.174387 288
0.174304 287
0.174173 287
0.174021 287
0.17387 287
0.173736 287
0.173598 287
0.173477 287
0.173355 287
0.173223 287
0.173093 287
0.173093 286
0.173093 285
0.172954 285
0.172954 284
0.172925 283
0.172789 283
0.172665 283
0.172581 282
0.172481 282
0.172359 282
0.172215 282
0.172082 282
0.171941 282
0.171941 281
0.171941 280
0.171799 280
0.171665 280
0.171525 280
0.171388 280
0.171256 280
0.171247 279
0.171115 279
0.170966 279
0.170827 279
0.170691 279
0.170569 279
0.170569 278
0.170421 278
0.170306 278
0.170168 278
0.170162 277
0.170153 276
0.170144 275
0.170001 275
0.169976 274
0.169863 274
0.169855 273
0.169725 273
0.169587 273
0.169453 273
0.169319 273
0.169173 273
0.169047 273
0.169047 272
0.169047 271
0.168914 271
0.168905 270
0.168905 269
0.168895 268
0.168755 268
0.168622 268
0.168483 268
0.168342 268
0.168213 268
0.168213 267
0.168088 267
0.167962 267
0.16783 267
0.167687 267
0.167429 267
0.167277 267
0.167264 266
0.167127 266
0.167127 265
0.167043 264
0.167033 263
0.167021 262
0.166899 262
0.166769 262
0.166628 262
0.16661 261
0.166466 261
0.166456 260
0.166318 260
0.166318 259
0.166183 259
0.166048 259
0.165922 259
0.165922 258
0.165784 258
0.165642 258
0.165614 257
0.165596 256
0.165552 255
0.165413 255
0.165292 255
0.165163 255
0.165047 255
0.165047 254
0.16493 254
0.164773 254
0.164617 254
0.164468 254
0.164334 254
0.164177 254
0.164037 254
0.163901 254
0.163768 254
0.163653 254
0.163645 253
0.163514 253
0.163514 252
0.163366 252
0.163236 252
0.163228 251
0.163085 251
0.162949 251
0.162822 251
0.1627 251
0.162571 251
0.162557 250
0.16244 250
0.16242 249
0.162399 248
0.162399 247
0.162256 247
0.162119 247
0.161986 247
0.161842 247
0.1617 247
0.161578 247
0.161573 246
0.161446 246
0.161326 246
0.161245 245
0.161087 245
0.16096 245
0.160836 245
0.160685 245
0.160548 245
0.160415 245
0.160406 244
0.160343 243
0.160212 243
0.160084 243
0.159972 243
0.159971 242
0.15984 242
0.159722 242
0.159575 242
0.159463 242
0.159456 241
0.159322 241
0.159196 241
0.159066 241
0.15892 241
0.158792 241
0.158655 241
0.158531 241
0.158398 241
0.158257 241
0.15811 241
0.158001 241
0.157857 241
0.157735 241
0.157597 241
0.157462 241
0.157323 241
0.157186 241
0.157049 241
0.156908 241
0.156782 241
0.156653 241
0.156523 241
0.156382 241
0.156245 241
0.156111 241
0.155979 241
0.155846 241
0.155704 241
0.155704 240
0.155684 239
0.155546 239
0.155409 239
0.155286 239
0.155138 239
0.155004 239
0.154872 239
0.154739 239
0.154603 239
0.154603 238
0.154471 238
0.154471 237
0.154324 237
0.154168 237
0.154168 236
0.154029 236
0.153987 235
0.153843 235
0.153843 234
0.153718 234
0.15357 234
0.153426 234
0.153416 233
0.153274 233
0.153163 233
0.153022 233
0.1529 233
0.152898 232
0.152742 232
0.15268 231
0.15267 230
0.152547 230
0.152428 230
0.152299 230
0.15229 229
0.15229 228
0.152273 227
0.152134 227
0.151985 227
0.151985 226
0.151835 226
0.151687 226
0.151551 226
0.151545 225
0.151418 225
0.151266 225
0.151115 225
0.150976 225
0.150849 225
0.150732 225
0.150587 225
0.150445 225
0.150422 224
0.150285 224
0.150199 223
0.150047 223
0.149921 223
0.149818 223
0.149678 223
0.149557 223
0.149447 223
0.149311 223
0.149305 222
0.149153 222
0.149015 221
0.148881 221
0.148737 221
0.148597 221
0.148464 221
0.148352 221
0.148227 221
0.148097 221
0.147967 221
0.147962 220
0.147858 220
0.147716 220
0.147559 220
0.147411 220
0.147269 220
0.147145 220
0.147008 220
0.146871 220
0.146769 220
0.146628 220
0.146499 220
0.14636 220
0.146217 220
0.1461 220
0.145949 220
0.145817 220
0.14568 220
0.145583 220
0.145442 220
0.145309 220
0.14516 220
0.145023 220
0.144882 220
0.144724 220
0.144608 220
0.144608 219
0.144469 219
0.144469 218
0.14446 217
0.144325 217
0.1442 217
0.144051 217
0.143912 217
0.143786 217
0.143644 217
0.143512 217
0.143397 217
0.143279 217
0.143165 217
0.143137 216
0.143002 216
0.14288 216
0.142753 216
0.142606 216
0.142484 216
0.142357 216
0.142222 216
0.142097 216
0.141985 216
0.141864 216
0.141723 216
0.141585 216
0.141443 216
0.141311 216
0.141311 215
0.141228 214
0.141079 214
0.140954 214
0.140817 214
0.140817 213
0.14067 213
0.14067 212
0.140546 212
0.140397 212
0.140252 212
0.140125 212
0.139981 212
0.139831 212
0.139544 212
0.139408 212
0.139262 212
0.13913 212
0.13912 211
0.138973 211
0.138839 211
0.138732 211
0.138619 211
0.138491 211
0.138491 210
0.138357 210
0.138239 210
0.138227 209
0.138094 209
0.137991 209
0.137844 209
0.137715 209
0.137578 209
0.137458 209
0.137329 209
0.137218 209
0.137218 208
0.137092 208
0.137082 207
0.137082 206
0.136958 206
0.136812 206
0.136669 206
0.136669 205
0.13654 205
0.136408 205
0.136271 205
0.136234 204
0.136094 204
0.135946 204
0.135805 204
0.135683 204
0.135534 204
0.135534 203
0.135408 203
0.135267 203
0.135131 203
0.13513 202
0.134972 202
0.134868 202
0.134721 202
0.134579 202
0.134448 202
0.134438 201
0.134424 200
0.134286 200
0.134029 200
0.134029 199
0.133903 199
0.13377 199
0.133635 199
0.133487 199
0.133369 199
0.13323 199
0.133098 199
0.132968 199
0.132839 199
0.132832 198
0.132815 197
0.132689 197
0.132555 197
0.13243 197
0.132411 196
0.132296 196
0.132177 196
0.132177 195
0.132177 194
0.132171 193
0.132031 193
0.131912 193
0.131762 193
0.131631 193
0.131492 193
0.131476 192
0.131326 192
0.131319 191
0.131182 191
0.131055 191
0.130909 191
0.130774 191
0.130774 190
0.130635 190
0.13063 189
0.13063 188
0.130498 188
0.130368 188
0.130247 188
0.130118 188
0.130118 187
0.130027 186
0.129898 186
0.129898 185
0.129743 185
0.129628 185
0.129628 184
0.129482 184
0.129354 184
0.1292 184
0.129086 184
0.128955 184
0.128822 184
0.128684 184
0.128538 184
0.12847 183
0.12847 182
0.128322 182
0.12818 182
0.128035 182
0.127907 182
0.127772 182
0.127639 182
0.127639 181
0.127496 181
0.127346 181
0.127216 181
0.127085 181
0.126947 181
0.126936 180
0.126832 180
0.126697 180
0.126652 179
0.126541 179
0.126387 179
0.126239 179
0.12609 179
0.125953 179
0.12582 179
0.125697 179
0.125587 179
0.125457 179
0.125329 179
0.125308 178
0.125176 178
0.125027 178
0.124887 178
0.124887 177
0.12476 177
0.124652 177
0.124524 177
0.124379 177
0.124251 177
0.124241 176
0.124146 175
0.123994 175
0.123875 175
0.123753 175
0.123608 175
0.123489 175
0.123367 175
0.123291 174
0.123148 174
0.123025 174
0.122912 174
0.122786 174
0.122641 174
0.122618 173
0.122491 173
0.122483 172
0.122357 172
0.122211 172
0.122073 172
0.121942 172
0.121811 172
0.121679 172
0.121545 172
0.121545 171
0.12142 171
0.121283 171
0.121198 170
0.121059 170
0.121053 169
0.120922 169
0.120798 169
0.120665 169
0.120517 169
0.120376 169
0.120346 168
0.120215 168
0.12008 168
0.120076 167
0.11993 167
0.119775 167
0.119628 167
0.119492 167
0.119368 167
0.11924 167
0.119119 167
0.118989 167
0.118906 166
0.118754 166
0.118619 166
0.118499 166
0.11837 166
0.11823 166
0.118089 166
0.117968 166
0.117866 166
0.117838 165
0.117822 164
0.117679 164
0.117538 164
0.117398 164
0.117264 164
0.117136 164
0.11699 164
0.116839 164
0.116721 164
0.116721 163
0.116584 163
0.116435 163
0.116296 163
0.116157 163
0.116065 162
0.115937 162
0.115799 162
0.115657 162
0.115537 162
0.115389 162
0.115266 162
0.11515 162
0.115013 162
0.114866 162
0.114725 162
0.114585 162
0.114459 162
0.114341 162
0.114243 162
0.114235 161
0.114089 161
0.114089 160
0.113951 160
0.113803 160
0.11365 160
0.113515 160
0.113384 160
0.11324 160
0.113122 160
0.113105 159
0.112963 159
0.112818 159
0.112707 159
0.112588 159
0.112445 159
0.112313 159
0.11217 159
0.11203 159
0.111898 159
0.111763 159
0.11161 159
0.111459 159
0.111452 158
0.111446 157
0.111313 157
0.111299 156
0.111292 155
0.111165 155
0.111165 154
0.111017 154
0.110893 154
0.110839 153
0.110727 153
0.110586 153
0.110448 153
0.110329 153
0.110197 153
0.110184 152
0.110184 151
0.110179 150
0.110037 150
0.109907 150
0.109765 150
0.109628 150
0.109628 149
0.109628 148
0.109483 148
0.109348 148
0.109233 148
0.109098 148
0.109098 147
0.108948 147
0.108936 146
0.108785 146
0.108649 146
0.108534 146
0.108395 146
0.108254 146
0.108123 146
0.108004 146
0.107889 146
0.107761 146
0.107644 146
0.107506 146
0.107506 145
0.107371 145
0.107371 144
0.107075 144
0.106926 144
0.106789 144
0.106654 144
0.106525 144
0.106395 144
0.106299 143
0.10617 143
0.106038 143
0.106038 142
0.105905 142
0.105768 142
0.105624 142
0.105489 142
0.105353 142
0.105353 141
0.105226 141
0.105095 141
0.104963 141
0.104963 140
0.104833 140
0.104706 140
0.104562 140
0.104451 140
0.104336 140
0.104205 140
0.104085 140
0.104077 139
0.104077 138
0.103932 138
0.103792 138
0.103643 138
0.10352 138
0.103377 138
0.103226 138
0.103087 138
0.103087 137
0.103087 136
0.102948 136
0.102809 136
0.102659 136
0.102513 136
0.102413 136
0.10228 136
0.102133 136
0.102117 135
0.101978 135
0.101839 135
0.101696 135
0.101553 135
0.101417 135
0.101287 135
0.101141 135
0.101014 135
0.100872 135
0.100872 134
0.100733 134
0.100596 134
0.10045 134
0.100325 134
0.100195 134
0.100076 134
0.0999182 134
0.0997913 134
0.0996358 134
0.0995127 134
0.099391 134
0.099386 133
0.0992712 133
0.0992595 132
0.099135 132
0.0989844 132
0.0988705 132
0.0986075 132
0.0984879 132
0.0984879 131
0.0983686 131
0.098228 131
0.0981079 131
0.0981079 130
0.097961 130
0.097961 129
0.097818 129
0.097674 129
0.0976599 128
0.0975194 128
0.0974045 128
0.0972526 128
0.0971254 128
0.0971175 127
0.096989 127
0.0968841 127
0.0967411 127
0.0966018 127
0.0964626 127
0.0964502 126
0.0963148 126
0.0961687 126
0.0960271 126
0.0960271 125
0.0958717 125
0.0957418 125
0.0956089 125
0.0954725 125
0.0953416 125
0.0951881 125
0.0950616 125
0.0949393 125
0.094797 125
0.094659 125
0.0945123 125
0.0943808 125
0.094255 125
0.0941184 125
0.0939839 125
0.0938448 125
0.0937042 125
0.0936978 124
0.0935727 124
0.0934169 124
0.0934169 123
0.0932776 123
0.0931546 123
0.0931161 122
0.0931138 121
0.0929705 121
0.0928249 121
0.0928249 120
0.0928249 119
0.0926801 119
0.0925294 119
0.0925294 118
0.0923932 118
0.092241 118
0.0922246 117
0.092097 117
0.0920435 116
0.0919042 116
0.0917571 116
0.0916163 116
0.0914723 116
0.0913403 116
0.0911925 116
0.0910932 116
0.0909785 116
0.0908543 116
0.0907403 116
0.0906256 116
0.0904791 116
0.0903359 116
0.0901953 116
0.090072 116
0.0899211 116
0.0898506 115
0.0897013 115
0.0895758 115
0.0894445 115
0.0893049 115
0.0891738 115
0.0890372 115
0.0889132 115
0.088787 115
0.0886449 115
0.0885139 115
0.0883788 115
0.0882564 115
0.0881099 115
0.0879707 115
0.0879707 114
0.0878342 114
0.0876964 114
0.0876964 113
0.0876964 112
0.0876964 111
0.0875512 111
0.087414 111
0.0872696 111
0.0871222 111
0.0869849 111
0.0868494 111
0.0868494 110
0.0867073 110
0.0865735 110
0.0864436 110
0.0863108 110
0.0861762 110
0.0860604 110
0.085931 110
0.0857977 110
0.085642 110
0.0855167 110
0.0855167 109
0.0853778 109
0.0852604 109
0.0851299 109
0.0849886 109
0.0848375 109
0.084808 108
0.0846798 108
0.0845595 108
0.0844219 108
0.0844219 107
0.0843062 107
0.0841549 107
0.0841549 106
0.0840172 106
0.0838849 106
0.083741 106
0.0836135 106
0.0834717 106
0.0834416 105
0.0833324 105
0.0831774 105
0.0830318 105
0.0828956 105
0.0827554 105
0.0826088 105
0.0825141 104
0.082376 104
0.0822445 104
0.0821097 104
0.081993 104
0.0818691 104
0.081728 104
0.0816032 104
0.0814622 104
0.0813285 104
0.0811719 104
0.0811664 103
0.0809072 103
0.0808264 102
0.0806835 102
0.0805413 102
0.0803921 102
0.0802959 101
0.0801565 101
0.0800497 101
0.0799097 101
0.0798203 100
0.0796896 100
0.0795563 100
0.0794357 100
0.0793096 100
0.0791693 100
0.0791613 99
0.0790382 99
0.07891 99
0.0787825 99
0.0787825 98
0.0786444 98
0.0785043 98
0.0785043 97
0.078352 97
0.0782031 97
0.0780702 97
0.0779275 97
0.0777694 97
0.0776243 97
0.0774909 97
0.0774819 96
0.0773367 96
0.0772176 96
0.0770768 96
0.0769408 96
0.0768126 96
0.0766698 96
0.0765375 96
0.0765375 95
0.0764102 95
0.0762626 95
0.0761238 95
0.0759866 95
0.0758455 95
0.0757074 95
0.0755693 95
0.0754462 95
0.0753256 95
0.0752041 95
0.0750479 95
0.0749285 95
0.0747725 95
0.0746241 95
0.0744943 95
0.0743619 95
0.0743457 94
0.0742072 94
0.0740556 94
0.0739365 94
0.073832 94
0.0737341 94
0.0736046 94
0.0734569 94
0.0733167 94
0.0731808 94
0.0730599 94
0.0729123 94
0.0727988 94
0.0726555 94
0.0725452 94
0.0724204 94
0.0722774 94
0.072148 94
0.0720078 94
0.071873 94
0.0717218 94
0.0716023 94
0.071502 94
0.0713647 94
0.0712252 94
0.0710773 94
0.0709617 94
0.0709548 93
0.0708194 93
0.0706683 93
0.0705237 93
0.0704062 93
0.070314 92
0.0701575 92
0.0700166 92
0.069914 92
0.0698163 92
0.0696687 92
0.0695565 92
0.0694407 92
0.0692933 92
0.0692795 91
0.0691445 91
0.0689933 91
0.0688833 91
0.0687489 91
0.068615 91
0.068481 91
0.0683395 91
0.0682084 91
0.0680909 91
0.0679633 91
0.0678317 91
0.0676941 91
0.0675601 91
0.0674264 91
0.0673002 91
0.0671826 91
0.0670376 91
0.0669127 91
0.0667834 91
0.0666533 91
0.0665518 91
0.0665461 90
0.0663976 90
0.0662511 90
0.0660995 90
0.0659557 90
0.0658566 90
0.0657137 90
0.0655864 90
0.0654728 90
0.065331 90
0.0651916 90
0.0650526 90
0.0649319 90
0.0648316 90
0.0647016 90
0.0645918 90
0.0644915 90
0.0643563 90
0.0643496 89
0.064333 88
0.0641925 88
0.0641925 87
0.0640649 87
0.063921 87
0.0638415 86
0.0637327 86
0.0635911 86
0.0635147 85
0.0633659 85
0.0632309 85
0.063094 85
0.0629506 85
0.0628153 85
0.0626796 85
0.0625261 85
0.0623855 85
0.0622638 85
0.0621573 85
0.0620497 85
0.0619132 85
0.0617685 85
0.0616347 85
0.0614782 85
0.0613478 85
0.0612049 85
0.0610494 85
0.0609025 85
0.060773 85
0.060773 84
0.0606289 84
0.0605083 84
0.0603684 84
0.0603008 83
0.0602881 82
0.0601406 82
0.0600102 82
0.0598927 82
0.0596173 82
0.0594727 82
0.0593794 81
0.0592446 81
0.0590914 81
0.0589581 81
0.05894 80
0.0588114 80
0.0588114 79
0.0586913 79
0.0585586 79
0.0584317 79
0.0583249 79
0.0580921 79
0.0579585 79
0.0578241 79
0.0578241 78
0.0576959 78
0.0575505 78
0.0574024 78
0.0572643 78
0.0572543 77
0.0571079 77
0.056971 77
0.0568399 77
0.0567817 76
0.0566459 76
0.0565101 76
0.0565005 75
0.0563614 75
0.0562161 75
0.0560782 75
0.055934 75
0.0557952 75
0.055667 75
0.0555227 75
0.0554044 75
0.0552717 75
0.055144 75
0.055019 75
0.0548687 75
0.0548687 74
0.0547288 74
0.0545861 74
0.0545861 73
0.0544905 72
0.0543553 72
0.0543514 71
0.0542231 71
0.0540814 71
0.0540814 70
0.0539632 70
0.0538375 70
0.0537482 69
0.0535957 69
0.0534683 69
0.0533395 69
0.0532123 69
0.0530756 69
0.0529305 69
0.0527945 69
0.0526812 69
0.0526342 68
0.0525027 68
0.0523527 68
0.0522315 68
0.0520818 68
0.0519412 68
0.0518291 68
0.0517529 67
0.0516263 67
0.0514877 67
0.0513313 67
0.0512212 67
0.0512053 66
0.0510708 66
0.0509322 66
0.0507981 66
0.0506931 66
0.0505636 66
0.0504107 66
0.0502676 66
0.0502468 65
0.0501086 65
0.0499803 65
0.0498771 65
0.0497447 64
0.0495978 64
0.0494686 64
0.0493336 64
0.0493246 63
0.0491843 63
0.0491739 62
0.0490403 62
0.0489155 62
0.0489146 61
0.0487633 61
0.048748 60
0.0486639 59
0.0485215 59
0.0483828 59
0.0482354 59
0.0481025 59
0.0480899 58
0.0479893 58
0.0478829 58
0.047745 58
0.047615 58
0.0475153 58
0.0474025 58
0.0473168 57
0.0471917 57
0.0471917 56
0.0470473 56
0.0469232 56
0.0468025 56
0.0465089 56
0.0464199 55
0.0463002 55
0.0462938 54
0.0461596 54
0.0461596 53
0.0460174 53
0.0458878 53
0.0457435 53
0.0457358 52
0.0455975 52
0.0454646 52
0.045336 52
0.0451866 52
0.0451866 51
0.0450784 51
0.0449515 51
0.0448085 51
0.0446587 51
0.0445909 50
0.0444523 50
0.0443158 50
0.0441803 50
0.0440331 50
0.0438992 50
0.0437592 50
0.0436142 50
0.0435003 50
0.043368 50
0.0432316 50
0.043078 50
0.0429395 50
0.042784 50
0.0426372 50
0.0424942 50
0.0423485 50
0.0422106 50
0.0420818 50
0.0419305 50
0.0419184 49
0.0419143 48
0.0417907 48
0.0417907 47
0.0416368 47
0.0415085 47
0.0413825 47
0.041234 47
0.0411023 47
0.0409696 47
0.0408482 47
0.0407223 47
0.0405899 47
0.040452 47
0.040452 46
0.04032 46
0.0402062 46
0.0400707 46
0.039942 46
0.0398002 46
0.0396536 46
0.0395092 46
0.0393993 46
0.0392755 46
0.0391384 46
0.0390079 46
0.039003 45
0.0388828 45
0.0388734 44
0.0387457 44
0.0386176 44
0.0384815 44
0.0383383 44
0.0381987 44
0.0380584 44
0.037944 44
0.0378143 44
0.0376791 44
0.0375434 44
0.0373894 44
0.0372607 44
0.0371235 44
0.0369929 44
0.0368575 44
0.0367484 44
0.0366184 44
0.0364789 44
0.0363393 44
0.0361963 44
0.0361783 43
0.0360556 43
0.0359098 43
0.0357761 43
0.0356339 43
0.0355115 43
0.0353877 43
0.0352579 43
0.0351329 43
0.0350081 43
0.0348817 43
0.0347534 43
0.034615 43
0.0344918 43
0.0343677 43
0.0342206 43
0.0342206 42
0.0341222 42
0.0339765 42
0.0339378 41
0.0337694 41
0.0336447 41
0.0335085 41
0.0333764 41
0.0332248 41
0.033122 41
0.0329805 41
0.0328518 41
0.0328377 40
0.0326926 40
0.0325447 40
0.0322886 40
0.0321535 40
0.032145 39
0.0320005 39
0.0318563 39
0.0318441 38
0.0317039 38
0.0315813 38
0.0314338 38
0.0312966 38
0.0311626 38
0.0310238 38
0.0310222 37
0.0308941 37
0.0307662 37
0.0306298 37
0.0305873 36
0.0304991 35
0.0303754 35
0.0302493 35
0.0301061 35
0.0301061 34
0.0299532 34
0.0298303 34
0.0298101 33
0.0296825 33
0.0296825 32
0.0295312 32
0.0294042 32
0.0292564 32
0.0291223 32
0.0289751 32
0.0288489 32
0.0287123 32
0.0287123 31
0.0285792 31
0.0284621 31
0.02832 31
0.02832 30
0.0282124 30
0.0282124 29
0.0280736 29
0.0279653 29
0.0278156 29
0.0276898 29
0.0276898 28
0.0275723 28
0.0274187 28
0.0273349 27
0.0271953 27
0.0270461 27
0.0269167 27
0.0267705 27
0.0266311 27
0.0264966 27
0.0263562 27
0.0262399 27
0.0261079 27
0.0259844 27
0.0258659 27
0.0258557 26
0.0257415 26
0.0255989 26
0.0254532 26
0.0253285 26
0.0251888 26
0.025046 26
0.024911 26
0.0247928 26
0.0246717 26
0.0245309 26
0.0244065 26
0.0242723 26
0.0241543 26
0.024008 26
0.0238811 26
0.0237689 26
0.0236215 26
0.0234768 26
0.0233317 26
0.0231869 26
0.0230623 26
0.0229338 26
0.0228001 26
0.0226517 26
0.0225238 26
0.0223839 26
0.0222613 26
0.0221342 26
0.0219991 26
0.021868 26
0.0217409 26
0.0216205 26
0.0215034 26
0.0213536 26
0.0212143 26
0.0210702 26
0.0209277 26
0.0209277 25
0.0207991 25
0.0206581 25
0.0205366 25
0.0204008 25
0.0202618 25
0.0201525 25
0.0201525 24
0.0200029 24
0.0198804 24
0.0198754 23
0.0197087 23
0.0195662 23
0.0194117 23
0.0192752 23
0.0191276 23
0.0189814 23
0.0188519 23
0.0188519 22
0.0187281 22
0.0185807 22
0.018468 22
0.0183202 22
0.0181797 22
0.0180757 22
0.0179294 22
0.0177921 22
0.0176821 22
0.0175279 22
0.0175279 21
0.0173885 21
0.0172388 21
0.0171017 21
0.0169637 21
0.0168354 21
0.0167469 20
0.0166207 20
0.016481 20
0.0164677 19
0.0163425 19
0.0163425 18
0.0163425 17
0.0162276 17
0.0160913 17
0.015979 17
0.0158257 17
0.0156927 17
0.015553 17
0.0154232 17
0.0152838 17
0.0151482 17
0.0151361 16
0.0150109 16
0.0148585 16
0.0147126 16
0.0145698 16
0.014564 15
0.0145518 14
0.0144351 14
0.0142997 14
0.0141681 14
0.0140172 14
0.0139019 14
0.0137761 14
0.0136256 14
0.0136059 13
0.0134643 13
0.0133448 13
0.0132016 13
0.0130789 13
0.012934 13
0.0128078 13
0.0127919 12
0.0127799 11
0.0126362 11
0.0125114 11
0.012374 11
0.0122404 11
0.012096 11
0.0119499 11
0.0118016 11
0.0116806 11
0.0115318 11
0.0113922 11
0.0112454 11
0.0112269 10
0.0110986 10
0.0109577 10
0.010855 10
0.0107163 10
0.0105958 10
0.0104599 10
0.0103616 10
0.0102393 10
0.0101 10
0.00997887 10
0.0098673 10
0.0098673 9
0.0097398 9
0.0097398 8
0.00960591 8
0.00945887 8
0.00932228 8
0.0091989 8
0.00908316 8
0.00896781 8
0.00882266 8
0.00868264 8
0.00853995 8
0.00839336 8
0.00825901 8
0.00825901 7
0.00813451 7
0.00798958 7
0.0078537 7
0.00773757 7
0.00759556 7
0.00759556 6
0.00747186 6
0.00733917 6
0.00721478 6
0.00707548 6
0.00693852 6
0.00680125 6
0.00665583 6
0.00650629 6
0.0063492 6
0.00621637 6
0.00608007 6
0.00596728 6
0.00582709 6
0.00582142 5
0.00570014 5
0.00554148 5
0.00541142 5
0.00527574 5
0.00513572 5
0.00500534 5
0.00486115 5
0.00474508 5
0.0046502 4
0.00452494 4
0.00439213 4
0.00424997 4
0.00410528 4
0.00398743 4
0.00386803 4
0.00371741 4
0.00362395 3
0.00349251 3
0.00348106 2
0.00336449 2
0.00324998 2
0.00311606 2
0.00297407 2
0.00284381 2
0.00269791 2
0.00254899 2
0.00254899 1
0.00240097 1
0.00227436 1
0.0021192 1
0.00198081 1
0.00183785 1
0.00171019 1
0.00157787 1
0.00144121 1
0.00130402 1
0.00117801 1
0.00105531 1
0.00105531 0
0.000931089 0
0.000805233 0
0.000668421 0
0.000533999 0
0.00038169 0
0.000233325 0
0.000110424 0
0 0
