0.465867 797 0.700077
0.465867 796 0.700186
0.465867 795 0.700418
0.465674 795 0.700602
0.465481 795 0.700667
0.465287 795 0.700769
0.465094 795 0.700775
0.4649 795 0.700866
0.4649 794 0.7012
0.4649 793 0.701234
0.464707 793 0.701837
0.464707 792 0.701848
0.464707 791 0.70217
0.464514 791 0.70219
0.46432 791 0.702622
0.46432 790 0.702635
0.464127 790 0.702678
0.463933 790 0.702729
0.463933 789 0.702732
0.46374 789 0.702834
0.463547 789 0.703067
0.463547 788 0.703125
0.463547 787 0.703333
0.463353 787 0.703783
0.46316 787 0.703869
0.462967 787 0.70398
0.462967 786 0.704017
0.462773 786 0.70403
0.462773 785 0.704064
0.46258 785 0.704143
0.462386 785 0.704307
0.462193 785 0.704371
0.462 785 0.704411
0.461806 785 0.704771
0.461806 784 0.704786
0.461806 783 0.704797
0.461613 783 0.704859
0.461613 782 0.704918
0.461419 782 0.705039
0.461419 781 0.705153
0.461419 780 0.705354
0.461226 780 0.705475
0.461226 779 0.705485
0.461226 778 0.705513
0.461226 777 0.70565
0.461033 777 0.705687
0.461033 776 0.705874
0.460839 776 0.70605
0.460646 776 0.706391
0.460453 776 0.706848
0.460259 776 0.706921
0.460259 775 0.70694
0.460066 775 0.70726
0.459872 775 0.707304
0.459872 774 0.707371
0.459679 774 0.70766
0.459679 773 0.707894
0.459486 773 0.708116
0.459292 773 0.708172
0.459099 773 0.708489
0.459099 772 0.708506
0.458905 772 0.708562
0.458712 772 0.708618
0.458519 772 0.709048
0.458519 771 0.709049
0.458325 771 0.709353
0.458132 771 0.709582
0.458132 770 0.709724
0.457939 770 0.709796
0.457939 769 0.710002
0.457745 769 0.710108
0.457552 769 0.710144
0.457552 768 0.710157
0.457358 768 0.710179
0.457165 768 0.710263
0.457165 767 0.710294
0.456972 767 0.710336
0.456972 766 0.710353
0.456778 766 0.710396
0.456778 765 0.710528
0.456585 765 0.710558
0.456391 765 0.710667
0.456198 765 0.710949
0.456005 765 0.710964
0.455811 765 0.711093
0.455618 765 0.711104
0.455424 765 0.71113
0.455231 765 0.711151
0.455038 765 0.711222
0.454844 765 0.711356
0.454651 765 0.711432
0.454651 764 0.711809
0.454458 764 0.711812
0.454458 763 0.711815
0.454264 763 0.711936
0.454071 763 0.712033
0.454071 762 0.712249
0.454071 761 0.712312
0.454071 760 0.712319
0.454071 759 0.71242
0.453877 759 0.712471
0.453684 759 0.712482
0.453491 759 0.712595
0.453491 758 0.712635
0.453297 758 0.712636
0.453104 758 0.712641
0.453104 757 0.712849
0.45291 757 0.71286
0.452717 757 0.712862
0.452717 756 0.712893
0.452717 755 0.712937
0.452524 755 0.71315
0.45233 755 0.713276
0.45233 754 0.713689
0.452137 754 0.713731
0.452137 753 0.71397
0.451944 753 0.713989
0.45175 753 0.7141
0.451557 753 0.714157
0.451363 753 0.714241
0.45117 753 0.714307
0.45117 752 0.714327
0.450977 752 0.714441
0.450977 751 0.714468
0.450783 751 0.71449
0.45059 751 0.714532
0.45059 750 0.714718
0.45059 749 0.714993
0.450396 749 0.715134
0.450396 748 0.715429
0.450396 747 0.715546
0.450203 747 0.715744
0.45001 747 0.71608
0.45001 746 0.716166
0.449816 746 0.7162
0.449816 745 0.716341
0.449816 744 0.716617
0.449623 744 0.716739
0.44943 744 0.716757
0.44943 743 0.716936
0.449236 743 0.716943
0.449043 743 0.71733
0.449043 742 0.717522
0.448849 742 0.717594
0.448849 741 0.717615
0.448849 740 0.717699
0.448656 740 0.717803
0.448463 740 0.718035
0.448463 739 0.718064
0.448463 738 0.718112
0.448269 738 0.718342
0.448076 738 0.718392
0.448076 737 0.71841
0.447882 737 0.718458
0.447689 737 0.718705
0.447496 737 0.718818
0.447302 737 0.719428
0.447302 736 0.71946
0.447109 736 0.719486
0.446915 736 0.719658
0.446915 735 0.720031
0.446722 735 0.720034
0.446529 735 0.720131
0.446335 735 0.720137
0.446142 735 0.720217
0.445949 735 0.720453
0.445755 735 0.72046
0.445755 734 0.720542
0.445755 733 0.720629
0.445755 732 0.720783
0.445755 731 0.720887
0.445562 731 0.721169
0.445368 731 0.721407
0.445175 731 0.721416
0.445175 730 0.721526
0.444982 730 0.721682
0.444788 730 0.721707
0.444595 730 0.72173
0.444401 730 0.721791
0.444208 730 0.722097
0.444015 730 0.722175
0.444015 729 0.722284
0.443821 729 0.722347
0.443628 729 0.722416
0.443435 729 0.722421
0.443435 728 0.722493
0.443435 727 0.722518
0.443435 726 0.722598
0.443241 726 0.722648
0.443241 725 0.722821
0.443048 725 0.722959
0.442854 725 0.723091
0.442661 725 0.723167
0.442468 725 0.723558
0.442468 724 0.723658
0.442274 724 0.723661
0.442274 723 0.723686
0.442081 723 0.723786
0.441887 723 0.72397
0.441694 723 0.723999
0.441501 723 0.724275
0.441501 722 0.724317
0.441307 722 0.724464
0.441307 721 0.724644
0.441114 721 0.72481
0.440921 721 0.724815
0.440921 720 0.725088
0.440921 719 0.725136
0.440727 719 0.725254
0.440727 718 0.725413
0.440534 717 0.725434
0.44034 717 0.725522
0.440147 717 0.725533
0.439954 717 0.72555
0.43976 717 0.725614
0.439567 717 0.725706
0.439567 716 0.725763
0.439373 716 0.725891
0.43918 716 0.725905
0.43918 715 0.725917
0.438987 715 0.726037
0.438987 714 0.72605
0.438987 713 0.726092
0.438793 713 0.726106
0.438793 712 0.726249
0.438793 711 0.726471
0.438793 710 0.726473
0.4386 710 0.726483
0.4386 709 0.726546
0.438406 709 0.726716
0.438406 708 0.726968
0.438213 708 0.727099
0.43802 708 0.727181
0.437826 708 0.727204
0.437633 708 0.727265
0.43744 708 0.727524
0.43744 707 0.727561
0.43744 706 0.727633
0.437246 706 0.727763
0.437246 705 0.727876
0.437246 704 0.72792
0.437246 703 0.727957
0.437053 703 0.727975
0.437053 702 0.727995
0.436859 702 0.728211
0.436666 702 0.728246
0.436473 702 0.728283
0.436473 701 0.728827
0.436473 700 0.728935
0.436473 699 0.728996
0.436473 698 0.729233
0.436279 698 0.729384
0.436086 698 0.729735
0.436086 697 0.729747
0.435892 697 0.730029
0.435699 697 0.730059
0.435699 696 0.730134
0.435699 695 0.730194
0.435699 694 0.730259
0.435506 694 0.73041
0.435506 693 0.730468
0.435506 692 0.730493
0.435312 692 0.730596
0.435312 691 0.730767
0.435119 691 0.730774
0.434926 691 0.730807
0.434926 690 0.730993
0.434732 690 0.731251
0.434539 690 0.731444
0.434539 689 0.731891
0.434539 688 0.732944
0.434345 688 0.733051
0.434152 688 0.733109
0.433959 688 0.73317
0.433959 687 0.733364
0.433765 687 0.733833
0.433765 686 0.733877
0.433572 686 0.734033
0.433378 686 0.734148
0.433185 686 0.734168
0.432992 686 0.734181
0.432798 686 0.734183
0.432605 686 0.734257
0.432412 686 0.734387
0.432218 686 0.734492
0.432218 685 0.734608
0.432025 685 0.734936
0.431831 685 0.735088
0.431638 685 0.735296
0.431445 685 0.735508
0.431251 685 0.735734
0.431251 684 0.735792
0.431058 684 0.735939
0.431058 683 0.736254
0.430864 683 0.73652
0.430671 683 0.736988
0.430478 683 0.73723
0.430284 683 0.737257
0.430091 683 0.737295
0.429898 683 0.737316
0.429898 682 0.737362
0.429898 681 0.737649
0.429704 681 0.737696
0.429511 681 0.737742
0.429317 681 0.737771
0.429124 681 0.738081
0.428931 681 0.738117
0.428931 680 0.738165
0.428737 680 0.738313
0.428544 680 0.738531
0.42835 680 0.738645
0.428157 680 0.738816
0.427964 680 0.738818
0.42777 680 0.739089
0.427577 680 0.739201
0.427383 680 0.739272
0.42719 680 0.739276
0.42719 679 0.73951
0.42719 678 0.739534
0.426997 678 0.740375
0.426997 677 0.740488
0.426803 677 0.740489
0.42661 677 0.740566
0.426417 677 0.740651
0.426223 677 0.741006
0.426223 676 0.741165
0.42603 676 0.7413
0.42603 675 0.741427
0.42603 674 0.741451
0.425836 674 0.741662
0.425643 674 0.741712
0.42545 674 0.741778
0.425256 674 0.742177
0.425063 674 0.742229
0.425063 673 0.742436
0.425063 672 0.742445
0.425063 671 0.74277
0.424869 671 0.742779
0.424676 671 0.74297
0.424676 670 0.743026
0.424483 670 0.743109
0.424289 670 0.743112
0.424096 670 0.743304
0.423903 670 0.743597
0.423709 670 0.743644
0.423516 670 0.743657
0.423322 670 0.743761
0.423129 670 0.743829
0.422936 670 0.743967
0.422742 670 0.74401
0.422549 670 0.744031
0.422549 669 0.744187
0.422355 669 0.744299
0.422355 668 0.744329
0.422162 668 0.744349
0.421969 668 0.744616
0.421775 668 0.744668
0.421775 667 0.744994
0.421582 667 0.74514
0.421389 667 0.745156
0.421195 667 0.745234
0.421195 666 0.745314
0.421195 665 0.745401
0.421195 664 0.745671
0.421002 664 0.745763
0.420808 664 0.745826
0.420808 663 0.745857
0.420615 663 0.745959
0.420422 663 0.746178
0.420228 663 0.746219
0.420228 662 0.746283
0.420035 662 0.74636
0.419841 662 0.746489
0.419648 662 0.746625
0.419455 662 0.746797
0.419261 662 0.746836
0.419261 661 0.747042
0.419068 661 0.747265
0.419068 660 0.747279
0.419068 659 0.747287
0.418874 659 0.747351
0.418874 658 0.74748
0.418874 657 0.747699
0.418681 657 0.74783
0.418488 657 0.748113
0.418294 657 0.748221
0.418294 656 0.748247
0.418294 655 0.748395
0.418101 655 0.748421
0.417908 655 0.7486
0.417714 655 0.748705
0.417714 654 0.748724
0.417521 654 0.748806
0.417521 653 0.749005
0.417327 653 0.74903
0.417134 653 0.749087
0.416941 653 0.749212
0.416941 652 0.749242
0.416941 651 0.749312
0.416941 650 0.749342
0.416941 649 0.749595
0.416941 648 0.749612
0.416941 647 0.74965
0.416941 646 0.749904
0.416941 645 0.75042
0.416747 645 0.750642
0.416554 645 0.75067
0.416554 644 0.75069
0.416554 643 0.750701
0.416554 642 0.750732
0.41636 642 0.75077
0.416167 642 0.751152
0.415974 642 0.751601
0.41578 642 0.751646
0.41578 641 0.751875
0.415587 641 0.752075
0.415394 641 0.752343
0.4152 641 0.752431
0.4152 640 0.752453
0.4152 639 0.752605
0.415007 639 0.752657
0.414813 639 0.752842
0.41462 639 0.753045
0.41462 638 0.753174
0.41462 637 0.75326
0.414427 637 0.753376
0.414233 637 0.753481
0.41404 637 0.753505
0.41404 636 0.753586
0.413846 636 0.753804
0.413846 635 0.753841
0.413653 635 0.75396
0.41346 635 0.754053
0.413266 635 0.754214
0.413073 635 0.754354
0.41288 635 0.754535
0.412686 635 0.754542
0.412493 635 0.754652
0.412299 635 0.754708
0.412106 635 0.754712
0.412106 634 0.754843
0.411913 634 0.754879
0.411719 634 0.754968
0.411526 634 0.754977
0.411332 634 0.755123
0.411332 633 0.755354
0.411332 632 0.755516
0.411139 632 0.75567
0.410946 632 0.755683
0.410752 632 0.755906
0.410752 631 0.756015
0.410559 631 0.756092
0.410365 631 0.756367
0.410172 631 0.756453
0.409979 631 0.756476
0.409785 631 0.756618
0.409592 631 0.7568
0.409399 631 0.756811
0.409205 631 0.756861
0.409012 631 0.757077
0.409012 630 0.757108
0.408818 630 0.7574
0.408818 629 0.757483
0.408818 628 0.757587
0.408818 627 0.757684
0.408625 627 0.757714
0.408432 627 0.757846
0.408432 626 0.758153
0.408432 625 0.758351
0.408432 624 0.758362
0.408238 624 0.758409
0.408045 624 0.758485
0.407851 624 0.758593
0.407658 624 0.758935
0.407658 623 0.758936
0.407658 622 0.758962
0.407465 622 0.758971
0.407271 622 0.759207
0.407078 622 0.759294
0.406885 622 0.759382
0.406885 621 0.759441
0.406691 621 0.759535
0.406498 621 0.759547
0.406304 621 0.759603
0.406111 621 0.759717
0.405918 621 0.759816
0.405724 621 0.759847
0.405531 621 0.759895
0.405531 620 0.759947
0.405337 620 0.760003
0.405144 620 0.760096
0.404951 620 0.760102
0.404951 619 0.760173
0.404757 619 0.760281
0.404564 619 0.760292
0.404371 619 0.760339
0.404371 618 0.76049
0.404177 618 0.760524
0.403984 618 0.76053
0.40379 618 0.76059
0.40379 617 0.76082
0.403597 617 0.761114
0.403597 616 0.761196
0.403597 615 0.761287
0.403597 614 0.761297
0.403404 614 0.761307
0.40321 614 0.761313
0.403017 614 0.761656
0.403017 613 0.761665
0.402823 613 0.761759
0.402823 612 0.761905
0.40263 612 0.761965
0.402437 612 0.762135
0.402243 612 0.762241
0.40205 612 0.762258
0.401857 612 0.762545
0.401663 612 0.762598
0.40147 612 0.762739
0.40147 611 0.763016
0.401276 611 0.763254
0.401083 611 0.763274
0.40089 611 0.763301
0.40089 610 0.763327
0.40089 609 0.763425
0.400696 609 0.763644
0.400503 609 0.763684
0.400503 608 0.763709
0.400309 608 0.76378
0.400116 608 0.76398
0.399923 608 0.764006
0.399729 608 0.764216
0.399536 608 0.764321
0.399342 608 0.764421
0.399149 608 0.764503
0.398956 608 0.764525
0.398762 608 0.764714
0.398762 607 0.764782
0.398762 606 0.764823
0.398762 605 0.764863
0.398569 605 0.764933
0.398569 604 0.765051
0.398376 604 0.765056
0.398376 603 0.765186
0.398376 602 0.765281
0.398376 601 0.765287
0.398182 601 0.765476
0.398182 600 0.765491
0.398182 599 0.765564
0.397989 599 0.76563
0.397989 598 0.765631
0.397795 598 0.765816
0.397602 598 0.765852
0.397409 598 0.765881
0.397215 598 0.766099
0.397215 597 0.766163
0.397022 597 0.766174
0.396828 597 0.766176
0.396828 596 0.766235
0.396635 596 0.766444
0.396635 595 0.766495
0.396635 594 0.766526
0.396442 594 0.766526
0.396248 594 0.766675
0.396055 594 0.766822
0.396055 593 0.766976
0.396055 592 0.76712
0.395862 592 0.767221
0.395862 591 0.76723
0.395668 591 0.767293
0.395475 591 0.76743
0.395281 591 0.767512
0.395088 591 0.767723
0.395088 590 0.768091
0.394895 590 0.768126
0.394701 590 0.768279
0.394508 590 0.768303
0.394314 590 0.768361
0.394121 590 0.768452
0.393928 590 0.768465
0.393928 589 0.768551
0.393734 589 0.768612
0.393541 589 0.768639
0.393348 589 0.76864
0.393348 588 0.76867
0.393348 587 0.768712
0.393154 587 0.768809
0.392961 587 0.768931
0.392961 586 0.76895
0.392767 586 0.768965
0.392574 586 0.768989
0.392574 585 0.769005
0.392381 585 0.769042
0.392187 585 0.769088
0.391994 585 0.769118
0.391994 584 0.76914
0.3918 584 0.769207
0.3918 583 0.769217
0.391607 583 0.769402
0.391414 583 0.769439
0.39122 583 0.769462
0.39122 582 0.769537
0.39122 581 0.769643
0.39122 580 0.769805
0.391027 580 0.769837
0.390833 580 0.770137
0.39064 580 0.770284
0.39064 579 0.770427
0.390447 579 0.770442
0.390253 579 0.770451
0.39006 579 0.770456
0.39006 578 0.770463
0.39006 577 0.770529
0.39006 576 0.770617
0.389867 576 0.770674
0.389867 575 0.770722
0.389673 575 0.770889
0.389673 574 0.770982
0.38948 574 0.771004
0.389286 574 0.771136
0.389286 573 0.771289
0.389286 572 0.7713
0.389093 572 0.771386
0.3889 572 0.77164
0.388706 572 0.771701
0.388706 571 0.771751
0.388513 571 0.771845
0.388319 571 0.771949
0.388319 570 0.771958
0.388319 569 0.772087
0.388319 568 0.772149
0.388126 568 0.772173
0.387933 568 0.772375
0.387739 568 0.772467
0.387546 568 0.772506
0.387353 568 0.772612
0.387353 567 0.772707
0.387159 567 0.772851
0.387159 566 0.772942
0.386966 566 0.773194
0.386772 566 0.773207
0.386579 566 0.773268
0.386386 566 0.773392
0.386192 566 0.773404
0.385999 566 0.773407
0.385999 565 0.773414
0.385999 564 0.773427
0.385999 563 0.773451
0.385805 563 0.773617
0.385612 563 0.773626
0.385419 563 0.773731
0.385225 563 0.773791
0.385032 563 0.774051
0.384839 563 0.774084
0.384645 563 0.774179
0.384452 563 0.774349
0.384258 563 0.774435
0.384065 563 0.774521
0.383872 563 0.774713
0.383678 563 0.774909
0.383485 563 0.774943
0.383485 562 0.774957
0.383291 562 0.775312
0.383098 562 0.775647
0.383098 561 0.775717
0.382905 561 0.775922
0.382711 561 0.776382
0.382518 561 0.776737
0.382518 560 0.776821
0.382325 560 0.776843
0.382325 559 0.776889
0.382325 558 0.776901
0.382131 558 0.776997
0.382131 557 0.777226
0.382131 556 0.777268
0.381938 556 0.777337
0.381744 556 0.777479
0.381551 556 0.777548
0.381358 556 0.77758
0.381164 556 0.77762
0.380971 556 0.777633
0.380777 556 0.77781
0.380584 556 0.777865
0.380391 556 0.777932
0.380197 556 0.778003
0.380004 556 0.778068
0.37981 556 0.778193
0.379617 556 0.778643
0.379424 556 0.778771
0.37923 556 0.778779
0.37923 555 0.778896
0.379037 555 0.779062
0.378844 555 0.779066
0.378844 554 0.779102
0.37865 554 0.779277
0.378457 554 0.779337
0.378263 554 0.779357
0.37807 554 0.779389
0.377877 554 0.779402
0.377683 554 0.779549
0.37749 554 0.779802
0.37749 553 0.779977
0.377296 553 0.780303
0.377296 552 0.78054
0.377296 551 0.780596
0.377103 551 0.780752
0.377103 550 0.780812
0.37691 550 0.780816
0.376716 550 0.780917
0.376523 550 0.781115
0.37633 550 0.781183
0.37633 549 0.781326
0.376136 549 0.781465
0.375943 549 0.781485
0.375749 549 0.781522
0.375749 548 0.781523
0.375749 547 0.781621
0.375556 547 0.781808
0.375556 546 0.782026
0.375363 546 0.782036
0.375363 545 0.782039
0.375169 545 0.782097
0.374976 545 0.782178
0.374976 544 0.782259
0.374782 544 0.782265
0.374589 544 0.78247
0.374589 543 0.782485
0.374589 542 0.782491
0.374396 542 0.782698
0.374396 541 0.782781
0.374396 540 0.782823
0.374396 539 0.782823
0.374202 539 0.782957
0.374202 538 0.782971
0.374202 537 0.783176
0.374202 536 0.783216
0.374009 536 0.783233
0.373816 536 0.783275
0.373622 536 0.783297
0.373429 536 0.783308
0.373429 535 0.783664
0.373235 535 0.783786
0.373042 535 0.783886
0.373042 534 0.783906
0.372849 534 0.784105
0.372462 534 0.784145
0.372268 534 0.784176
0.372075 534 0.78429
0.371882 534 0.784324
0.371882 533 0.784637
0.371882 532 0.784886
0.371688 532 0.784966
0.371495 532 0.785102
0.371301 532 0.785204
0.371108 532 0.785479
0.370915 532 0.785554
0.370721 532 0.785749
0.370721 531 0.785772
0.370721 530 0.785844
0.370721 529 0.785864
0.370528 529 0.786118
0.370528 528 0.786222
0.370335 528 0.786388
0.370141 528 0.786521
0.369948 528 0.786748
0.369948 527 0.786825
0.369754 527 0.786837
0.369561 527 0.786949
0.369368 527 0.786997
0.369368 526 0.787077
0.369368 525 0.787145
0.369174 525 0.787155
0.369174 524 0.78724
0.368981 524 0.787315
0.368981 523 0.787347
0.368787 523 0.787376
0.368594 523 0.78739
0.368401 523 0.787419
0.368207 523 0.787493
0.368014 523 0.787535
0.368014 522 0.787597
0.367821 522 0.787626
0.367821 521 0.787642
0.367627 521 0.787717
0.367434 521 0.787731
0.367434 520 0.787748
0.36724 520 0.787832
0.36724 519 0.787904
0.367047 519 0.78793
0.367047 518 0.78801
0.366854 518 0.788117
0.36666 518 0.788167
0.36666 517 0.788234
0.366467 517 0.78825
0.366467 516 0.788347
0.366273 516 0.788355
0.36608 516 0.788434
0.36608 515 0.78862
0.365887 515 0.788714
0.365693 515 0.788756
0.3655 515 0.788939
0.365307 515 0.789001
0.365113 515 0.789088
0.365113 514 0.789129
0.364726 514 0.789347
0.364533 514 0.789371
0.36434 514 0.789667
0.364146 514 0.789697
0.363953 514 0.789701
0.363759 514 0.789836
0.363759 513 0.790134
0.363566 513 0.790261
0.363373 513 0.790363
0.363179 513 0.790381
0.363179 512 0.790423
0.362986 512 0.790534
0.362986 511 0.790544
0.362792 511 0.790698
0.362599 511 0.790848
0.362406 511 0.790892
0.362212 511 0.790903
0.362019 511 0.790927
0.361826 511 0.790929
0.361632 511 0.791047
0.361632 510 0.791086
0.361439 510 0.791123
0.361245 510 0.79118
0.361052 510 0.791275
0.360859 510 0.791381
0.360665 510 0.791471
0.360472 510 0.791489
0.360278 510 0.791508
0.360278 509 0.791526
0.360085 509 0.791634
0.359892 509 0.79201
0.359698 509 0.792024
0.359505 509 0.792082
0.359312 509 0.792102
0.359118 509 0.792139
0.358925 509 0.792439
0.358731 509 0.792481
0.358538 509 0.792636
0.358345 509 0.792886
0.358345 508 0.792947
0.358345 507 0.792964
0.358345 506 0.793022
0.358151 506 0.793272
0.358151 505 0.793364
0.357958 505 0.793458
0.357958 504 0.793486
0.357958 503 0.793523
0.357764 503 0.793772
0.357764 502 0.793821
0.357571 502 0.793859
0.357378 502 0.793864
0.357184 502 0.793889
0.356991 502 0.793978
0.356991 501 0.79398
0.356798 501 0.79398
0.356604 501 0.793981
0.356604 500 0.794387
0.356604 499 0.794433
0.356604 498 0.794604
0.356411 498 0.794636
0.356217 498 0.794796
0.356217 497 0.794928
0.356024 497 0.79497
0.355831 497 0.794977
0.355637 497 0.795121
0.355444 497 0.795124
0.35525 497 0.795309
0.355057 497 0.795344
0.355057 496 0.795364
0.355057 495 0.795385
0.354864 495 0.795447
0.35467 495 0.795454
0.354477 495 0.795515
0.354284 495 0.795545
0.35409 495 0.795563
0.35409 494 0.795606
0.353897 494 0.795619
0.353703 494 0.795897
0.35351 494 0.795899
0.35351 493 0.795911
0.353317 493 0.795911
0.353123 493 0.796069
0.35293 493 0.796072
0.352736 493 0.796167
0.352543 493 0.79618
0.352543 492 0.796324
0.35235 492 0.796431
0.35235 491 0.796436
0.352156 491 0.796636
0.352156 490 0.796704
0.351963 490 0.796929
0.351963 489 0.796999
0.351769 489 0.79712
0.351769 488 0.797146
0.351576 488 0.797284
0.351576 487 0.797308
0.351576 486 0.797347
0.351383 486 0.797454
0.351383 485 0.797495
0.351189 485 0.797519
0.350996 485 0.797534
0.350803 485 0.797536
0.350609 485 0.797708
0.350416 485 0.797885
0.350222 485 0.797886
0.350029 485 0.798013
0.349836 485 0.798059
0.349836 484 0.798113
0.349642 484 0.798201
0.349449 484 0.798333
0.349255 484 0.798408
0.349062 484 0.798416
0.348869 484 0.798438
0.348869 483 0.798649
0.348675 483 0.798741
0.348482 483 0.798853
0.348289 483 0.79892
0.348095 483 0.798983
0.347902 483 0.799277
0.347902 482 0.799314
0.347902 481 0.799315
0.347708 481 0.799472
0.347515 481 0.799604
0.347515 480 0.799649
0.347515 479 0.799652
0.347322 479 0.799657
0.347128 479 0.799683
0.346935 479 0.799704
0.346741 479 0.799716
0.346548 479 0.799897
0.346355 479 0.800055
0.346355 478 0.800079
0.346161 478 0.800144
0.345968 478 0.800145
0.345775 478 0.800427
0.345775 477 0.800554
0.345581 477 0.800568
0.345581 476 0.800636
0.345388 476 0.800742
0.345194 476 0.80076
0.345001 476 0.800777
0.344808 476 0.800797
0.344614 476 0.800805
0.344421 476 0.800834
0.344227 476 0.800879
0.344227 475 0.800894
0.344227 474 0.800894
0.344227 473 0.80093
0.344034 473 0.800953
0.344034 472 0.801019
0.343841 472 0.801111
0.343647 472 0.801118
0.343454 472 0.801283
0.34326 472 0.80129
0.343067 472 0.80134
0.343067 471 0.801359
0.342874 471 0.801359
0.342874 470 0.801522
0.34268 470 0.80154
0.34268 469 0.801593
0.342487 469 0.801729
0.342294 469 0.801797
0.3421 469 0.801799
0.341907 469 0.801805
0.341713 469 0.801856
0.34152 469 0.801859
0.341327 469 0.801873
0.341327 468 0.801969
0.341327 467 0.80198
0.341327 466 0.802033
0.341133 466 0.802108
0.341133 465 0.802344
0.34094 465 0.802347
0.340746 465 0.802379
0.340553 465 0.802579
0.34036 465 0.802678
0.34036 464 0.802806
0.340166 464 0.802866
0.339973 464 0.802903
0.33978 464 0.80294
0.339586 464 0.803017
0.339393 464 0.803044
0.339393 463 0.803109
0.339199 463 0.803151
0.339199 462 0.803174
0.339006 462 0.803211
0.338813 462 0.803218
0.338619 462 0.803254
0.338426 462 0.803379
0.338426 461 0.803515
0.338426 460 0.803577
0.338426 459 0.803684
0.338232 459 0.803722
0.338039 459 0.803775
0.337846 459 0.803846
0.337652 459 0.803966
0.337459 459 0.804012
0.337266 459 0.804103
0.337266 458 0.804122
0.337072 458 0.804172
0.336879 458 0.804245
0.336879 457 0.80426
0.336685 457 0.804333
0.336492 457 0.804373
0.336299 457 0.804427
0.336105 457 0.804435
0.335912 457 0.804485
0.335718 457 0.804602
0.335525 457 0.804702
0.335525 456 0.804755
0.335332 456 0.804783
0.335138 456 0.804786
0.334945 456 0.804817
0.334945 455 0.804856
0.334945 454 0.805001
0.334945 453 0.805026
0.334945 452 0.805058
0.334751 452 0.805118
0.334751 451 0.805262
0.334558 451 0.805364
0.334365 451 0.805382
0.334171 451 0.805471
0.333978 451 0.805492
0.333978 450 0.80556
0.333785 450 0.805576
0.333591 450 0.80558
0.333591 449 0.805595
0.333398 449 0.805606
0.333204 449 0.805719
0.333011 449 0.805893
0.332818 449 0.805995
0.332818 448 0.806036
0.332624 448 0.806052
0.332431 448 0.806117
0.332237 448 0.806214
0.332044 448 0.806266
0.331851 448 0.806379
0.331657 448 0.806395
0.331657 447 0.806447
0.331464 447 0.806478
0.331271 447 0.806549
0.331077 447 0.80657
0.331077 446 0.806645
0.330884 446 0.806743
0.33069 446 0.806777
0.33069 445 0.806803
0.330497 445 0.806842
0.330304 445 0.806878
0.330304 444 0.80699
0.330304 443 0.807085
0.33011 443 0.807153
0.33011 442 0.807177
0.329917 442 0.807202
0.329917 441 0.807321
0.329917 440 0.807338
0.329917 439 0.807374
0.329917 438 0.807415
0.329723 438 0.807421
0.329723 437 0.807458
0.32953 437 0.807484
0.329337 437 0.80754
0.329337 436 0.807559
0.329143 436 0.807602
0.32895 436 0.807603
0.328757 436 0.807781
0.328563 436 0.807915
0.32837 436 0.807955
0.32837 435 0.807957
0.328176 435 0.808037
0.327983 435 0.808043
0.32779 435 0.808074
0.32779 434 0.808098
0.327596 434 0.808119
0.327403 434 0.808133
0.327209 434 0.808171
0.327016 434 0.808177
0.326823 434 0.8082
0.326823 433 0.80821
0.326629 433 0.808314
0.326436 433 0.808356
0.326243 433 0.808423
0.326049 433 0.808516
0.325856 433 0.80854
0.325662 433 0.808565
0.325469 433 0.808594
0.325276 433 0.808737
0.325082 433 0.808837
0.324889 433 0.808873
0.324695 433 0.808941
0.324502 433 0.808971
0.324502 432 0.808972
0.324309 432 0.809036
0.324115 432 0.809072
0.323922 432 0.809173
0.323728 432 0.809292
0.323535 432 0.809295
0.323342 432 0.809313
0.323148 432 0.80936
0.323148 431 0.809386
0.322955 431 0.809466
0.322762 431 0.809564
0.322762 430 0.809663
0.322762 429 0.809717
0.322762 428 0.809723
0.322568 428 0.809741
0.322568 427 0.809764
0.322375 427 0.809788
0.322181 427 0.809798
0.321988 427 0.8098
0.321988 426 0.80982
0.321795 426 0.809912
0.321795 425 0.810048
0.321601 425 0.810054
0.321408 425 0.810079
0.321408 424 0.810133
0.321408 423 0.810162
0.321214 423 0.810176
0.321021 423 0.810182
0.320828 423 0.810246
0.320828 422 0.810254
0.320634 422 0.810257
0.320441 422 0.81028
0.320248 422 0.81029
0.320248 421 0.810372
0.320054 421 0.810389
0.320054 420 0.810486
0.319861 420 0.8105
0.319861 419 0.810519
0.319861 418 0.810526
0.319861 417 0.810547
0.319667 417 0.81055
0.319667 416 0.81056
0.319667 415 0.810605
0.319474 415 0.810767
0.319281 415 0.810803
0.319087 415 0.810854
0.318894 415 0.810929
0.3187 415 0.811019
0.318507 415 0.81106
0.318314 415 0.811064
0.31812 415 0.811069
0.31812 414 0.811164
0.317927 414 0.811165
0.317734 414 0.811229
0.31754 414 0.811239
0.317347 414 0.811326
0.317153 414 0.811361
0.317153 413 0.811379
0.317153 412 0.8114
0.31696 412 0.811406
0.316767 412 0.811787
0.316573 412 0.811827
0.316573 411 0.811885
0.31638 411 0.811886
0.316186 411 0.811912
0.315993 411 0.811976
0.3158 411 0.81198
0.315606 411 0.812018
0.315413 411 0.812047
0.315219 411 0.812047
0.315026 411 0.812052
0.315026 410 0.812085
0.314833 410 0.812097
0.314833 409 0.812133
0.314639 409 0.812232
0.314639 408 0.812276
0.314446 408 0.812276
0.314253 408 0.812319
0.314059 408 0.81233
0.313866 408 0.812361
0.313672 408 0.812433
0.313479 408 0.812529
0.313286 408 0.81257
0.313092 408 0.812646
0.312899 408 0.812791
0.312705 408 0.812821
0.312705 407 0.812828
0.312512 407 0.812861
0.312319 407 0.812921
0.312125 407 0.812953
0.312125 406 0.813156
0.311932 406 0.813187
0.311932 405 0.813229
0.311739 405 0.813296
0.311545 405 0.81334
0.311545 404 0.81339
0.311352 404 0.813391
0.311158 404 0.813512
0.310965 404 0.813515
0.310772 404 0.813528
0.310578 404 0.813571
0.310385 404 0.813574
0.310191 404 0.813603
0.309998 404 0.813605
0.309998 403 0.813606
0.309805 403 0.813626
0.309805 402 0.813638
0.309611 402 0.813715
0.309418 402 0.813815
0.309225 402 0.813864
0.309031 402 0.813906
0.309031 401 0.813909
0.309031 400 0.813928
0.309031 399 0.814016
0.308838 399 0.81403
0.308838 398 0.814074
0.308644 398 0.814074
0.308451 398 0.814089
0.308258 398 0.814093
0.308064 398 0.814248
0.308064 397 0.814347
0.308064 396 0.814352
0.308064 395 0.814383
0.307871 395 0.814385
0.307677 395 0.814419
0.307677 394 0.814491
0.307677 393 0.814568
0.307677 392 0.814576
0.307484 392 0.814602
0.307484 391 0.814677
0.307291 391 0.814725
0.307097 391 0.814733
0.306904 391 0.81475
0.306711 391 0.814761
0.306517 391 0.814822
0.306517 390 0.814866
0.306517 389 0.814871
0.306324 389 0.814904
0.306324 388 0.815009
0.30613 388 0.815015
0.305937 388 0.81502
0.305744 388 0.815023
0.30555 388 0.815061
0.305357 388 0.815162
0.305163 388 0.815234
0.30497 388 0.815345
0.304777 388 0.815358
0.304583 388 0.815448
0.30439 388 0.815459
0.304196 388 0.815532
0.304196 387 0.815563
0.304003 387 0.815564
0.30381 387 0.815582
0.303616 387 0.815726
0.303423 387 0.815762
0.30323 387 0.815796
0.303036 387 0.815811
0.302843 387 0.815829
0.302649 387 0.815835
0.302456 387 0.815926
0.302456 386 0.815943
0.302456 385 0.816059
0.302263 385 0.816087
0.302263 384 0.816187
0.302069 384 0.816213
0.301876 384 0.816216
0.301682 384 0.816253
0.301489 384 0.81626
0.301489 383 0.816263
0.301489 382 0.816304
0.301296 382 0.816314
0.301296 381 0.816354
0.301296 380 0.816368
0.301102 380 0.81639
0.300909 380 0.816392
0.300522 380 0.816403
0.300329 380 0.816408
0.300135 380 0.816656
0.299942 380 0.816659
0.299749 380 0.816717
0.299555 380 0.816751
0.299362 380 0.816785
0.299168 380 0.816915
0.298975 380 0.81692
0.298782 380 0.816941
0.298588 380 0.816966
0.298395 380 0.817031
0.298395 379 0.817058
0.298395 378 0.817132
0.298395 377 0.817252
0.298202 377 0.817279
0.298202 376 0.81728
0.298202 375 0.817281
0.298008 375 0.817313
0.297815 375 0.817343
0.297621 375 0.817406
0.297621 374 0.817462
0.297428 374 0.817494
0.297235 374 0.817496
0.297041 374 0.817565
0.296848 374 0.817621
0.296654 374 0.817665
0.296461 374 0.817838
0.296461 373 0.817839
0.296461 372 0.817864
0.296268 372 0.817906
0.296074 372 0.817914
0.295881 372 0.818001
0.295687 372 0.818075
0.295494 372 0.818087
0.295301 372 0.81813
0.295107 372 0.818186
0.294914 372 0.818255
0.294721 372 0.818373
0.294721 371 0.818476
0.294527 371 0.81848
0.294334 371 0.81857
0.294334 370 0.818656
0.29414 370 0.818659
0.293947 370 0.818675
0.293754 370 0.818751
0.293754 369 0.818775
0.29356 369 0.81878
0.29356 368 0.818794
0.293367 368 0.818853
0.293173 368 0.818874
0.29298 368 0.818946
0.29298 367 0.818947
0.292787 367 0.818975
0.292593 367 0.818999
0.2924 367 0.819002
0.2924 366 0.819045
0.292207 366 0.819052
0.292013 366 0.819129
0.29182 366 0.819158
0.291626 366 0.819223
0.291626 365 0.819269
0.291433 365 0.819284
0.29124 365 0.819419
0.291046 365 0.819484
0.291046 364 0.819498
0.290853 364 0.819571
0.290853 363 0.819589
0.290659 363 0.8196
0.290466 363 0.819673
0.290273 363 0.819675
0.290079 363 0.819688
0.289886 363 0.819762
0.289693 363 0.819777
0.289499 363 0.819796
0.289306 363 0.819837
0.289112 363 0.819843
0.288919 363 0.819884
0.288726 363 0.819915
0.288726 362 0.819932
0.288726 361 0.819948
0.288532 361 0.81996
0.288339 361 0.819997
0.288339 360 0.820014
0.288145 360 0.820094
0.287952 360 0.820113
0.287759 360 0.820127
0.287565 360 0.820157
0.287372 360 0.820186
0.287178 360 0.82019
0.286985 360 0.82027
0.286792 360 0.820344
0.286598 360 0.820394
0.286405 360 0.820508
0.286212 360 0.820515
0.286212 359 0.82053
0.286018 359 0.820531
0.285825 359 0.820584
0.285631 359 0.820816
0.285438 359 0.820827
0.285245 359 0.820877
0.285051 359 0.820887
0.284858 359 0.820889
0.284664 359 0.820912
0.284471 359 0.820929
0.284278 359 0.820976
0.284084 359 0.820994
0.283891 359 0.821019
0.283698 359 0.821083
0.283504 359 0.821141
0.283311 359 0.821175
0.283311 358 0.821178
0.283311 357 0.821209
0.283117 357 0.821231
0.282924 357 0.821271
0.282924 356 0.821302
0.282731 356 0.821474
0.282537 356 0.821538
0.282344 356 0.82156
0.28215 356 0.821589
0.281957 356 0.821659
0.281957 355 0.82167
0.281957 354 0.821682
0.281764 354 0.821709
0.28157 354 0.821715
0.28157 353 0.821743
0.28157 352 0.821747
0.281377 352 0.821816
0.281184 352 0.821828
0.28099 352 0.821871
0.280797 352 0.821896
0.280797 351 0.821896
0.280603 351 0.82192
0.28041 351 0.821927
0.280217 351 0.82208
0.280023 351 0.822122
0.27983 351 0.822225
0.279636 351 0.822243
0.279636 350 0.822249
0.279443 350 0.822255
0.27925 350 0.822331
0.27925 349 0.822332
0.279056 349 0.822377
0.278863 349 0.822461
0.278863 348 0.822485
0.27867 348 0.822494
0.278476 348 0.822507
0.278283 348 0.82253
0.278089 348 0.822532
0.278089 347 0.822538
0.277896 347 0.822571
0.277703 347 0.822627
0.277509 347 0.82272
0.277316 347 0.822764
0.277316 346 0.822806
0.277122 346 0.822819
0.276929 346 0.822822
0.276929 345 0.822838
0.276736 345 0.822838
0.276542 345 0.822848
0.276349 345 0.822851
0.276349 344 0.822858
0.276155 344 0.82286
0.276155 343 0.822888
0.275962 343 0.822928
0.275769 343 0.822992
0.275769 342 0.823045
0.275575 342 0.823059
0.275382 342 0.823111
0.275382 341 0.823131
0.275189 341 0.823149
0.274995 341 0.823181
0.274995 340 0.823222
0.274802 340 0.823339
0.274802 339 0.82335
0.274608 339 0.823363
0.274415 339 0.823368
0.274222 339 0.823378
0.274028 339 0.823431
0.273835 339 0.823538
0.273641 339 0.823615
0.273448 339 0.823632
0.273255 339 0.823728
0.273061 339 0.823737
0.272868 339 0.823738
0.272675 339 0.823794
0.272481 339 0.823807
0.272288 339 0.823809
0.272094 339 0.82385
0.271901 339 0.823907
0.271708 339 0.823971
0.271514 339 0.823985
0.271321 339 0.824062
0.271127 339 0.824066
0.270934 339 0.82409
0.270741 339 0.824115
0.270547 339 0.824131
0.270547 338 0.824134
0.270354 338 0.824183
0.270161 338 0.824425
0.269967 338 0.824428
0.269967 337 0.824486
0.269967 336 0.824496
0.269967 335 0.824531
0.269774 335 0.824577
0.26958 335 0.82458
0.269387 335 0.824585
0.269387 334 0.82465
0.269194 334 0.824725
0.269194 333 0.824742
0.269 333 0.824784
0.268807 333 0.824807
0.268613 333 0.824838
0.26842 333 0.824847
0.268227 333 0.824893
0.268033 333 0.824935
0.26784 333 0.824935
0.267646 333 0.824945
0.267453 333 0.824969
0.26726 333 0.825077
0.267066 333 0.825107
0.266873 333 0.82515
0.26668 333 0.825175
0.266486 333 0.825221
0.266293 333 0.825265
0.266293 332 0.82532
0.266099 332 0.825324
0.265906 332 0.82533
0.265713 332 0.825361
0.265519 332 0.825453
0.265326 332 0.825475
0.265132 332 0.825478
0.264939 332 0.825487
0.264746 332 0.825489
0.264552 332 0.825504
0.264359 332 0.825548
0.264166 332 0.825586
0.263972 332 0.825599
0.263779 332 0.825636
0.263585 332 0.825644
0.263392 332 0.825715
0.263199 332 0.825718
0.263005 332 0.825798
0.262812 332 0.825805
0.262618 332 0.825847
0.262425 332 0.825884
0.262232 332 0.825901
0.262232 331 0.825938
0.262038 331 0.826055
0.262038 330 0.82607
0.261845 330 0.82607
0.261652 330 0.826095
0.261458 330 0.826151
0.261458 329 0.826156
0.261265 329 0.826198
0.261265 328 0.826209
0.261071 328 0.826226
0.260878 328 0.82623
0.260878 327 0.826293
0.260685 327 0.826328
0.260685 326 0.826379
0.260491 326 0.826479
0.260491 325 0.826559
0.260491 324 0.826614
0.260298 324 0.826623
0.260104 324 0.826692
0.259911 324 0.826757
0.259718 324 0.826829
0.259524 324 0.826834
0.259331 324 0.82685
0.259137 324 0.826878
0.258944 324 0.826961
0.258751 324 0.826972
0.258751 323 0.826987
0.258557 323 0.82702
0.258364 323 0.82702
0.258171 323 0.827143
0.257977 323 0.827167
0.257784 323 0.827185
0.25759 323 0.827243
0.25759 322 0.827252
0.257397 322 0.827267
0.257204 322 0.827289
0.25701 322 0.827329
0.256817 322 0.82739
0.256817 321 0.827396
0.256623 321 0.827405
0.25643 321 0.827405
0.256237 321 0.827408
0.256237 320 0.827422
0.256043 320 0.827424
0.25585 320 0.827426
0.255657 320 0.827436
0.255463 320 0.827467
0.255463 319 0.827493
0.25527 319 0.827541
0.255076 319 0.827645
0.255076 318 0.827646
0.255076 317 0.827699
0.254883 317 0.827718
0.25469 317 0.827723
0.254496 317 0.827734
0.254303 317 0.827791
0.254109 317 0.827879
0.253916 317 0.827886
0.253723 317 0.827914
0.253723 316 0.827936
0.253723 315 0.827972
0.253529 315 0.828
0.253336 315 0.828007
0.253143 315 0.828015
0.252949 315 0.828029
0.252756 315 0.828042
0.252562 315 0.828049
0.252562 314 0.828147
0.252369 314 0.828166
0.252369 313 0.828167
0.252176 313 0.828169
0.251982 313 0.828209
0.251982 312 0.828251
0.251982 311 0.828329
0.251789 311 0.828362
0.251595 311 0.828372
0.251595 310 0.828406
0.251595 309 0.828449
0.251402 309 0.828527
0.251402 308 0.828551
0.251209 308 0.828554
0.251015 308 0.828612
0.250822 308 0.828636
0.250629 308 0.828723
0.250435 308 0.828734
0.250242 308 0.828769
0.250048 308 0.828817
0.249855 308 0.828847
0.249855 307 0.828851
0.249662 307 0.828865
0.249468 307 0.828924
0.249468 306 0.829124
0.249275 306 0.829127
0.249081 306 0.829239
0.249081 305 0.829239
0.249081 304 0.829303
0.248888 304 0.829349
0.248695 304 0.829362
0.248695 303 0.829409
0.248695 302 0.829432
0.248501 302 0.829435
0.248308 302 0.82945
0.248114 302 0.829452
0.247921 302 0.829512
0.247728 302 0.829539
0.247728 301 0.829567
0.247728 300 0.829598
0.247534 300 0.829608
0.247534 299 0.829628
0.247341 299 0.829647
0.247148 299 0.829655
0.246954 299 0.82969
0.246954 298 0.829784
0.246761 298 0.829848
0.246761 297 0.829922
0.246567 297 0.829969
0.246374 297 0.829995
0.246181 297 0.830014
0.245987 297 0.830035
0.245987 296 0.830085
0.245794 296 0.830153
0.245794 295 0.830172
0.245794 294 0.8302
0.245794 293 0.830324
0.2456 293 0.830327
0.245407 293 0.830359
0.245214 293 0.830364
0.24502 293 0.830388
0.24502 292 0.830468
0.24502 291 0.830478
0.244827 291 0.830505
0.244634 291 0.830507
0.244634 290 0.830538
0.244634 289 0.830622
0.24444 289 0.830669
0.24444 288 0.830679
0.24444 287 0.830711
0.244247 287 0.830775
0.244053 287 0.830822
0.24386 287 0.830839
0.243667 287 0.830862
0.243473 287 0.830862
0.24328 287 0.831048
0.243086 287 0.83109
0.242893 287 0.831175
0.2427 287 0.83118
0.2427 286 0.831189
0.2427 285 0.831208
0.242506 285 0.831209
0.242506 284 0.83122
0.242506 283 0.831227
0.242313 283 0.831227
0.24212 283 0.831236
0.24212 282 0.831303
0.241926 282 0.831333
0.241733 282 0.831344
0.241539 282 0.831374
0.241346 282 0.831384
0.241153 282 0.8314
0.241153 281 0.831447
0.241153 280 0.831453
0.240959 280 0.831468
0.240766 280 0.831541
0.240572 280 0.831547
0.240379 280 0.83161
0.240186 280 0.831631
0.240186 279 0.831631
0.239992 279 0.831675
0.239799 279 0.831694
0.239605 279 0.831758
0.239412 279 0.831787
0.239219 279 0.831857
0.239219 278 0.831881
0.239025 278 0.831897
0.238832 278 0.831899
0.238639 278 0.831929
0.238639 277 0.831957
0.238639 276 0.831987
0.238639 275 0.831994
0.238445 275 0.832042
0.238445 274 0.832149
0.238252 274 0.832156
0.238252 273 0.832163
0.238058 273 0.832176
0.237865 273 0.832194
0.237672 273 0.832211
0.237478 273 0.832214
0.237285 273 0.832223
0.237091 273 0.832226
0.237091 272 0.832244
0.237091 271 0.8323
0.236898 271 0.832303
0.236898 270 0.832316
0.236898 269 0.832326
0.236898 268 0.832331
0.236705 268 0.832367
0.236511 268 0.832397
0.236318 268 0.832443
0.236125 268 0.832493
0.235931 268 0.832495
0.235931 267 0.832527
0.235738 267 0.832544
0.235544 267 0.832619
0.235351 267 0.832619
0.235158 267 0.832648
0.234771 267 0.832672
0.234577 267 0.832736
0.234577 266 0.832737
0.234384 266 0.832739
0.234384 265 0.832755
0.234384 264 0.832764
0.234384 263 0.832778
0.234384 262 0.832831
0.234191 262 0.832834
0.233997 262 0.832837
0.233804 262 0.832875
0.233804 261 0.832934
0.233611 261 0.83299
0.233611 260 0.833005
0.233417 260 0.833029
0.233417 259 0.833041
0.233224 259 0.833052
0.23303 259 0.833065
0.232837 259 0.833106
0.232837 258 0.833194
0.232644 258 0.833223
0.23245 258 0.833255
0.23245 257 0.833275
0.23245 256 0.833374
0.23245 255 0.833447
0.232257 255 0.833454
0.232063 255 0.833462
0.23187 255 0.833476
0.231677 255 0.833496
0.231677 254 0.833599
0.231483 254 0.833632
0.23129 254 0.833633
0.231096 254 0.833678
0.230903 254 0.833685
0.23071 254 0.833728
0.230516 254 0.833762
0.230323 254 0.833774
0.23013 254 0.83379
0.229936 254 0.833809
0.229743 254 0.833811
0.229743 253 0.833827
0.229549 253 0.833835
0.229549 252 0.833838
0.229356 252 0.833865
0.229163 252 0.833887
0.229163 251 0.833935
0.228969 251 0.833958
0.228776 251 0.834014
0.228582 251 0.834128
0.228389 251 0.834136
0.228196 251 0.834137
0.228196 250 0.834168
0.228002 250 0.834217
0.228002 249 0.834345
0.228002 248 0.834368
0.228002 247 0.834374
0.227809 247 0.83441
0.227616 247 0.834461
0.227422 247 0.834471
0.227229 247 0.834474
0.227035 247 0.834527
0.226842 247 0.834593
0.226842 246 0.83462
0.226649 246 0.834622
0.226455 246 0.834624
0.226455 245 0.834633
0.226262 245 0.83472
0.226068 245 0.834739
0.225875 245 0.834757
0.225682 245 0.834795
0.225488 245 0.834813
0.225295 245 0.834865
0.225295 244 0.834873
0.225295 243 0.834957
0.225102 243 0.834959
0.224908 243 0.834972
0.224715 243 0.835016
0.224715 242 0.835018
0.224521 242 0.835073
0.224328 242 0.835099
0.224135 242 0.835109
0.223941 242 0.83515
0.223941 241 0.835165
0.223748 241 0.835218
0.223554 241 0.835247
0.223361 241 0.835309
0.223168 241 0.835316
0.222974 241 0.835361
0.222781 241 0.835364
0.222588 241 0.835368
0.222394 241 0.835385
0.222201 241 0.835401
0.222007 241 0.835403
0.221814 241 0.835404
0.221621 241 0.835407
0.221427 241 0.83541
0.221234 241 0.835427
0.22104 241 0.835438
0.220847 241 0.835457
0.220654 241 0.835487
0.22046 241 0.835492
0.220267 241 0.835501
0.220073 241 0.835562
0.21988 241 0.835568
0.219687 241 0.83558
0.219493 241 0.835612
0.2193 241 0.835689
0.219107 241 0.835731
0.218913 241 0.835734
0.21872 241 0.835741
0.218526 241 0.83578
0.218526 240 0.835792
0.218526 239 0.8358
0.218333 239 0.835812
0.21814 239 0.835844
0.217946 239 0.8359
0.217753 239 0.8359
0.217559 239 0.835924
0.217366 239 0.835944
0.217173 239 0.835975
0.216979 239 0.836005
0.216979 238 0.836024
0.216786 238 0.836041
0.216786 237 0.836101
0.216593 237 0.836148
0.216399 237 0.83616
0.216399 236 0.836176
0.216206 236 0.836187
0.216206 235 0.836203
0.216012 235 0.836204
0.216012 234 0.836216
0.215819 234 0.836226
0.215626 234 0.836242
0.215432 234 0.836246
0.215432 233 0.836346
0.215239 233 0.836385
0.215045 233 0.83642
0.214852 233 0.836517
0.214659 233 0.836524
0.214659 232 0.836579
0.214465 232 0.836635
0.214465 231 0.836742
0.214465 230 0.836833
0.214272 230 0.836837
0.214079 230 0.836917
0.213885 230 0.836921
0.213885 229 0.836924
0.213885 228 0.836942
0.213885 227 0.836972
0.213692 227 0.83698
0.213498 227 0.836985
0.213498 226 0.836991
0.213305 226 0.837096
0.213112 226 0.837124
0.212918 226 0.837141
0.212918 225 0.837168
0.212725 225 0.837174
0.212531 225 0.837177
0.212338 225 0.837215
0.212145 225 0.837228
0.211951 225 0.837228
0.211758 225 0.837252
0.211564 225 0.837282
0.211371 225 0.837296
0.211371 224 0.837322
0.211178 224 0.837336
0.211178 223 0.837358
0.210984 223 0.837377
0.210791 223 0.837388
0.210598 223 0.837431
0.210404 223 0.837473
0.210211 223 0.837575
0.210017 223 0.837589
0.209824 223 0.837667
0.209824 222 0.837683
0.209631 222 0.837685
0.209437 221 0.837715
0.209244 221 0.837717
0.20905 221 0.837742
0.208857 221 0.837803
0.208664 221 0.837879
0.20847 221 0.837905
0.208277 221 0.837953
0.208084 221 0.837965
0.20789 221 0.83797
0.20789 220 0.837984
0.207697 220 0.837989
0.207503 220 0.838001
0.20731 220 0.838027
0.207117 220 0.838096
0.206923 220 0.838129
0.20673 220 0.838148
0.206536 220 0.838157
0.206343 220 0.838159
0.20615 220 0.838194
0.205956 220 0.838196
0.205763 220 0.838236
0.20557 220 0.838357
0.205376 220 0.83836
0.205183 220 0.838375
0.204989 220 0.838399
0.204796 220 0.838413
0.204603 220 0.838458
0.204409 220 0.838471
0.204216 220 0.838496
0.204022 220 0.838503
0.203829 220 0.838625
0.203636 220 0.838672
0.203442 220 0.838673
0.203249 220 0.838673
0.203056 220 0.838675
0.203056 219 0.838685
0.202862 219 0.838731
0.202862 218 0.838739
0.202862 217 0.83876
0.202669 217 0.838784
0.202475 217 0.838824
0.202282 217 0.838848
0.202089 217 0.83889
0.201895 217 0.838893
0.201702 217 0.838919
0.201508 217 0.838927
0.201315 217 0.838991
0.201122 217 0.839019
0.200928 217 0.839077
0.200928 216 0.839079
0.200735 216 0.839084
0.200541 216 0.839128
0.200348 216 0.839162
0.200155 216 0.839185
0.199961 216 0.839201
0.199768 216 0.839202
0.199575 216 0.839209
0.199381 216 0.839218
0.199188 216 0.839246
0.198994 216 0.839251
0.198801 216 0.839266
0.198608 216 0.839275
0.198414 216 0.839294
0.198221 216 0.839323
0.198221 215 0.839329
0.198221 214 0.839336
0.198027 214 0.839411
0.197834 214 0.839431
0.197641 214 0.839476
0.197641 213 0.83957
0.197447 213 0.839617
0.197447 212 0.839631
0.197254 212 0.839633
0.197061 212 0.839635
0.196867 212 0.839658
0.196674 212 0.839693
0.19648 212 0.839735
0.196287 212 0.839762
0.1959 212 0.839793
0.195707 212 0.839823
0.195513 212 0.839851
0.19532 212 0.839872
0.19532 211 0.839915
0.195127 211 0.839919
0.194933 211 0.839923
0.19474 211 0.839943
0.194547 211 0.839953
0.194353 211 0.839979
0.194353 210 0.839979
0.19416 210 0.839983
0.193966 210 0.840021
0.193966 209 0.840029
0.193773 209 0.840043
0.19358 209 0.840156
0.193386 209 0.840208
0.193193 209 0.840228
0.192999 209 0.840228
0.192806 209 0.84023
0.192613 209 0.840249
0.192419 209 0.840286
0.192419 208 0.840294
0.192226 208 0.840297
0.192226 207 0.84031
0.192226 206 0.840319
0.192032 206 0.840322
0.191839 206 0.840347
0.191646 206 0.840348
0.191646 205 0.840352
0.191452 205 0.840354
0.191259 205 0.84037
0.191066 205 0.840396
0.191066 204 0.840403
0.190872 204 0.840417
0.190679 204 0.840425
0.190485 204 0.84045
0.190292 204 0.840461
0.190099 204 0.840506
0.190099 203 0.840513
0.189905 203 0.840547
0.189712 203 0.840559
0.189518 203 0.840632
0.189518 202 0.840644
0.189325 202 0.840756
0.189132 202 0.840831
0.188938 202 0.840837
0.188745 202 0.840865
0.188552 202 0.840865
0.188552 201 0.840877
0.188552 200 0.8409
0.188358 200 0.840957
0.187971 200 0.84099
0.187971 199 0.840991
0.187778 199 0.841005
0.187585 199 0.84101
0.187391 199 0.841012
0.187198 199 0.841016
0.187004 199 0.841028
0.186811 199 0.841057
0.186618 199 0.841075
0.186424 199 0.84109
0.186231 199 0.8411
0.186231 198 0.841104
0.186231 197 0.841113
0.186038 197 0.841114
0.185844 197 0.841149
0.185651 197 0.841174
0.185651 196 0.8412
0.185457 196 0.841203
0.185264 196 0.841204
0.185264 195 0.841278
0.185264 194 0.841292
0.185264 193 0.841313
0.185071 193 0.841365
0.184877 193 0.841395
0.184684 193 0.841397
0.18449 193 0.841398
0.184297 193 0.841444
0.184297 192 0.841448
0.184104 192 0.841477
0.184104 191 0.841487
0.18391 191 0.841519
0.183717 191 0.841556
0.183523 191 0.841649
0.18333 191 0.84165
0.18333 190 0.841656
0.183137 190 0.841663
0.183137 189 0.841686
0.183137 188 0.841687
0.182943 188 0.841694
0.18275 188 0.841715
0.182557 188 0.841727
0.182363 188 0.841743
0.182363 187 0.841762
0.182363 186 0.841781
0.18217 186 0.841802
0.18217 185 0.84181
0.181976 185 0.841829
0.181783 185 0.841842
0.181783 184 0.841844
0.18159 184 0.841923
0.181396 184 0.841945
0.181203 184 0.841982
0.181009 184 0.841995
0.180816 184 0.842006
0.180623 184 0.84201
0.180429 184 0.842051
0.180236 184 0.842055
0.180236 183 0.842059
0.180236 182 0.842073
0.180043 182 0.842145
0.179849 182 0.842149
0.179656 182 0.842158
0.179462 182 0.842193
0.179269 182 0.842269
0.179076 182 0.842279
0.179076 181 0.842296
0.178882 181 0.842348
0.178689 181 0.842383
0.178495 181 0.842386
0.178302 181 0.84242
0.178109 181 0.842423
0.178109 180 0.842433
0.177915 180 0.842449
0.177722 180 0.842488
0.177722 179 0.842511
0.177529 179 0.842513
0.177335 179 0.842535
0.177142 179 0.842546
0.176948 179 0.842554
0.176755 179 0.84257
0.176562 179 0.842581
0.176368 179 0.842613
0.176175 179 0.842645
0.175981 179 0.842661
0.175788 179 0.842699
0.175788 178 0.842742
0.175595 178 0.842779
0.175401 178 0.842783
0.175208 178 0.842799
0.175208 177 0.842822
0.175015 177 0.842832
0.174821 177 0.842905
0.174628 177 0.842932
0.174434 177 0.842969
0.174241 177 0.843015
0.174241 176 0.843016
0.174241 175 0.84304
0.174048 175 0.843062
0.173854 175 0.843093
0.173661 175 0.843094
0.173467 175 0.843095
0.173274 175 0.843099
0.173081 175 0.843123
0.173081 174 0.843139
0.172887 174 0.843187
0.172694 174 0.843214
0.1725 174 0.843235
0.172307 174 0.843256
0.172114 174 0.843316
0.172114 173 0.843346
0.17192 173 0.84336
0.17192 172 0.843365
0.171727 172 0.843452
0.171534 172 0.843455
0.17134 172 0.843509
0.171147 172 0.843618
0.170953 172 0.843646
0.17076 172 0.843695
0.170567 172 0.843695
0.170567 171 0.843732
0.170373 171 0.843761
0.17018 171 0.843792
0.17018 170 0.843808
0.169986 170 0.843843
0.169986 169 0.843852
0.169793 169 0.843852
0.1696 169 0.843875
0.169406 169 0.843881
0.169213 169 0.843907
0.16902 169 0.843909
0.16902 168 0.843909
0.168826 168 0.84391
0.168633 168 0.843914
0.168633 167 0.843936
0.168439 167 0.843964
0.168246 167 0.844019
0.168053 167 0.844047
0.167859 167 0.844106
0.167666 167 0.844128
0.167472 167 0.844193
0.167279 167 0.844295
0.167086 167 0.84433
0.167086 166 0.844339
0.166892 166 0.844352
0.166699 166 0.844506
0.166506 166 0.84454
0.166312 166 0.844555
0.166119 166 0.844567
0.165925 166 0.844575
0.165732 166 0.8446
0.165539 166 0.844621
0.165539 165 0.844643
0.165539 164 0.844667
0.165345 164 0.844724
0.165152 164 0.844741
0.164958 164 0.844777
0.164765 164 0.844813
0.164572 164 0.844826
0.164378 164 0.844907
0.164185 164 0.844964
0.163991 164 0.844966
0.163991 163 0.845023
0.163798 163 0.845025
0.163605 163 0.845027
0.163411 163 0.845059
0.163218 163 0.845086
0.163218 162 0.845089
0.163025 162 0.845146
0.162831 162 0.845178
0.162638 162 0.84522
0.162444 162 0.845271
0.162251 162 0.845273
0.162058 162 0.845303
0.161864 162 0.845315
0.161671 162 0.845322
0.161477 162 0.845333
0.161284 162 0.845356
0.161091 162 0.845361
0.160897 162 0.845369
0.160704 162 0.845369
0.160511 162 0.845379
0.160511 161 0.845381
0.160317 161 0.845403
0.160317 160 0.845422
0.160124 160 0.845503
0.15993 160 0.845644
0.159737 160 0.84566
0.159544 160 0.8457
0.15935 160 0.845717
0.159157 160 0.845719
0.158963 160 0.845738
0.158963 159 0.84575
0.15877 159 0.845772
0.158577 159 0.845815
0.158383 159 0.845825
0.15819 159 0.845827
0.157997 159 0.845837
0.157803 159 0.845864
0.15761 159 0.845864
0.157416 159 0.845874
0.157223 159 0.845906
0.15703 159 0.845906
0.156836 159 0.84591
0.156643 159 0.845936
0.156643 158 0.845978
0.156643 157 0.845995
0.156449 157 0.846065
0.156449 156 0.846069
0.156449 155 0.846098
0.156256 155 0.846115
0.156256 154 0.846143
0.156063 154 0.846207
0.155869 154 0.846249
0.155869 153 0.846299
0.155676 153 0.846303
0.155482 153 0.846303
0.155289 153 0.846315
0.155096 153 0.846321
0.154902 153 0.846385
0.154902 152 0.846394
0.154902 151 0.846442
0.154902 150 0.846515
0.154709 150 0.846521
0.154516 150 0.846521
0.154322 150 0.846587
0.154129 150 0.846587
0.154129 149 0.846593
0.154129 148 0.846609
0.153935 148 0.846621
0.153742 148 0.84664
0.153549 148 0.846663
0.153355 148 0.846665
0.153355 147 0.846676
0.153162 147 0.846677
0.153162 146 0.846686
0.152968 146 0.846692
0.152775 146 0.84674
0.152582 146 0.846755
0.152388 146 0.846887
0.152195 146 0.846928
0.152002 146 0.846931
0.151808 146 0.846968
0.151615 146 0.847001
0.151421 146 0.847107
0.151228 146 0.847113
0.151035 146 0.847123
0.151035 145 0.847143
0.150841 145 0.847161
0.150841 144 0.84717
0.150454 144 0.847261
0.150261 144 0.847261
0.150068 144 0.847267
0.149874 144 0.847288
0.149681 144 0.847299
0.149488 144 0.847299
0.149488 143 0.847308
0.149294 143 0.847309
0.149101 143 0.847323
0.149101 142 0.847325
0.148907 142 0.847359
0.148714 142 0.847427
0.148521 142 0.84743
0.148327 142 0.847495
0.148134 142 0.847507
0.148134 141 0.847541
0.14794 141 0.847555
0.147747 141 0.847599
0.147554 141 0.847633
0.147554 140 0.847647
0.14736 140 0.84765
0.147167 140 0.847672
0.146974 140 0.847677
0.14678 140 0.847718
0.146587 140 0.847736
0.146393 140 0.847739
0.1462 140 0.84774
0.1462 139 0.847744
0.1462 138 0.84775
0.146007 138 0.847751
0.145813 138 0.847771
0.14562 138 0.847771
0.145426 138 0.847814
0.145233 138 0.84782
0.14504 138 0.847827
0.144846 138 0.847855
0.144846 137 0.84786
0.144846 136 0.847952
0.144653 136 0.84799
0.144459 136 0.84799
0.144266 136 0.848057
0.144073 136 0.848061
0.143879 136 0.848075
0.143686 136 0.848113
0.143493 136 0.848174
0.143493 135 0.848213
0.143299 135 0.848219
0.143106 135 0.848291
0.142912 135 0.8483
0.142719 135 0.848308
0.142526 135 0.848332
0.142332 135 0.848345
0.142139 135 0.848357
0.141945 135 0.84837
0.141752 135 0.848384
0.141752 134 0.84839
0.141559 134 0.84841
0.141365 134 0.848458
0.141172 134 0.848506
0.140979 134 0.848506
0.140785 134 0.848525
0.140592 134 0.84857
0.140398 134 0.848586
0.140205 134 0.848612
0.140012 134 0.848615
0.139818 134 0.848621
0.139625 134 0.848763
0.139625 133 0.848785
0.139431 133 0.8488
0.139431 132 0.848815
0.139238 132 0.848866
0.139045 132 0.848874
0.138851 132 0.848884
0.138465 132 0.848909
0.138271 132 0.848954
0.138271 131 0.848989
0.138078 131 0.849031
0.137884 131 0.849054
0.137691 131 0.849063
0.137691 130 0.849071
0.137498 130 0.849085
0.137498 129 0.849097
0.137304 129 0.849119
0.137111 129 0.849161
0.137111 128 0.849172
0.136917 128 0.849193
0.136724 128 0.849217
0.136531 128 0.849219
0.136337 128 0.849238
0.136337 127 0.849269
0.136144 127 0.849316
0.13595 127 0.849333
0.135757 127 0.849405
0.135564 127 0.849483
0.13537 127 0.849505
0.13537 126 0.849512
0.135177 126 0.84953
0.134984 126 0.84959
0.13479 126 0.849612
0.13479 125 0.849613
0.134597 125 0.849628
0.134403 125 0.84964
0.13421 125 0.849671
0.134017 125 0.849676
0.133823 125 0.8497
0.13363 125 0.849709
0.133436 125 0.849736
0.133243 125 0.84976
0.13305 125 0.849791
0.132856 125 0.849805
0.132663 125 0.84982
0.13247 125 0.849836
0.132276 125 0.849856
0.132083 125 0.849909
0.131889 125 0.849917
0.131696 125 0.849945
0.131503 125 0.849984
0.131503 124 0.850046
0.131309 124 0.850094
0.131116 124 0.850145
0.131116 123 0.850151
0.130922 123 0.850153
0.130729 123 0.850206
0.130729 122 0.850215
0.130729 121 0.850238
0.130536 121 0.850242
0.130342 121 0.85029
0.130342 120 0.8503
0.130342 119 0.850301
0.130149 119 0.850302
0.129956 119 0.850334
0.129956 118 0.850341
0.129762 118 0.850342
0.129569 118 0.85035
0.129569 117 0.850364
0.129375 117 0.850366
0.129375 116 0.850372
0.129182 116 0.850381
0.128989 116 0.850394
0.128795 116 0.850459
0.128602 116 0.850489
0.128408 116 0.850508
0.128215 116 0.85051
0.128022 116 0.85055
0.127828 116 0.850554
0.127635 116 0.850571
0.127442 116 0.850575
0.127248 116 0.850609
0.127055 116 0.850626
0.126861 116 0.85063
0.126668 116 0.850663
0.126475 116 0.85067
0.126281 116 0.850672
0.126281 115 0.850681
0.126088 115 0.850685
0.125894 115 0.850718
0.125701 115 0.850804
0.125508 115 0.850852
0.125314 115 0.850866
0.125121 115 0.85087
0.124927 115 0.850928
0.124734 115 0.85094
0.124541 115 0.850954
0.124347 115 0.850981
0.124154 115 0.851005
0.123961 115 0.851021
0.123767 115 0.851039
0.123574 115 0.851042
0.123574 114 0.851047
0.12338 114 0.851076
0.123187 114 0.851121
0.123187 113 0.851153
0.123187 112 0.851188
0.123187 111 0.851213
0.122994 111 0.851227
0.1228 111 0.851235
0.122607 111 0.851276
0.122413 111 0.851327
0.12222 111 0.85134
0.122027 111 0.85138
0.122027 110 0.851404
0.121833 110 0.85146
0.12164 110 0.851472
0.121447 110 0.851495
0.121253 110 0.851496
0.12106 110 0.851524
0.120866 110 0.851527
0.120673 110 0.851605
0.12048 110 0.851605
0.120286 110 0.851609
0.120093 110 0.851649
0.120093 109 0.851656
0.119899 109 0.851699
0.119706 109 0.851701
0.119513 109 0.851734
0.119319 109 0.851769
0.119126 109 0.851789
0.119126 108 0.851817
0.118933 108 0.851834
0.118739 108 0.851852
0.118546 108 0.851878
0.118546 107 0.851911
0.118352 107 0.851921
0.118159 107 0.851954
0.118159 106 0.852038
0.117966 106 0.852038
0.117772 106 0.852067
0.117579 106 0.852078
0.117385 106 0.852107
0.117192 106 0.852116
0.117192 105 0.852125
0.116999 105 0.85215
0.116805 105 0.852157
0.116612 105 0.852163
0.116418 105 0.852179
0.116225 105 0.852184
0.116032 105 0.852221
0.116032 104 0.852239
0.115838 104 0.852258
0.115645 104 0.852259
0.115452 104 0.852296
0.115258 104 0.852321
0.115065 104 0.852321
0.114871 104 0.852337
0.114678 104 0.85239
0.114485 104 0.852392
0.114291 104 0.852396
0.114098 104 0.852422
0.114098 103 0.852441
0.113711 103 0.852454
0.113711 102 0.852464
0.113518 102 0.852511
0.113324 102 0.852529
0.113131 102 0.85253
0.113131 101 0.852565
0.112938 101 0.852721
0.112744 101 0.852739
0.112551 101 0.852758
0.112551 100 0.85278
0.112357 100 0.852808
0.112164 100 0.852818
0.111971 100 0.852843
0.111777 100 0.852929
0.111584 100 0.853006
0.111584 99 0.853006
0.11139 99 0.85302
0.111197 99 0.853045
0.111004 99 0.853052
0.111004 98 0.853058
0.11081 98 0.853071
0.110617 98 0.85309
0.110617 97 0.853138
0.110424 97 0.853151
0.11023 97 0.853206
0.110037 97 0.853243
0.109843 97 0.853317
0.10965 97 0.853371
0.109457 97 0.853418
0.109263 97 0.853419
0.109263 96 0.853451
0.10907 96 0.85347
0.108876 96 0.853526
0.108683 96 0.853621
0.10849 96 0.853624
0.108296 96 0.853778
0.108103 96 0.853782
0.107909 96 0.853794
0.107909 95 0.853815
0.107716 95 0.853818
0.107523 95 0.853824
0.107329 95 0.853826
0.107136 95 0.853831
0.106943 95 0.853855
0.106749 95 0.853933
0.106556 95 0.853941
0.106362 95 0.853954
0.106169 95 0.853961
0.105976 95 0.854012
0.105782 95 0.854013
0.105589 95 0.854045
0.105395 95 0.854077
0.105202 95 0.854078
0.105009 95 0.85413
0.104815 95 0.854159
0.104815 94 0.854174
0.104622 94 0.854263
0.104429 94 0.85427
0.104235 94 0.854278
0.104042 94 0.854282
0.103848 94 0.854298
0.103655 94 0.854316
0.103462 94 0.854346
0.103268 94 0.854371
0.103075 94 0.854388
0.102881 94 0.854429
0.102688 94 0.854431
0.102495 94 0.854446
0.102301 94 0.85449
0.102108 94 0.854529
0.101915 94 0.854541
0.101721 94 0.854544
0.101528 94 0.854576
0.101334 94 0.854586
0.101141 94 0.854591
0.100948 94 0.854602
0.100754 94 0.854652
0.100561 94 0.854652
0.100367 94 0.854699
0.100174 94 0.85472
0.0999807 94 0.854723
0.0997873 94 0.854724
0.0997873 93 0.854734
0.0995939 93 0.854793
0.0994005 93 0.854811
0.0992071 93 0.854828
0.0990137 93 0.854885
0.0990137 92 0.854913
0.0988203 92 0.854917
0.098627 92 0.854953
0.0984336 92 0.854999
0.0982402 92 0.855048
0.0980468 92 0.85507
0.0978534 92 0.85511
0.09766 92 0.855129
0.0974666 92 0.855299
0.0974666 91 0.855309
0.0972733 91 0.855337
0.0970799 91 0.85538
0.0968865 91 0.855404
0.0966931 91 0.855423
0.0964997 91 0.855424
0.0963063 91 0.855465
0.0961129 91 0.855473
0.0959196 91 0.855474
0.0957262 91 0.855474
0.0955328 91 0.855519
0.0953394 91 0.855542
0.095146 91 0.855544
0.0949526 91 0.855579
0.0947592 91 0.855665
0.0945658 91 0.855691
0.0943725 91 0.855705
0.0941791 91 0.855706
0.0939857 91 0.855726
0.0937923 91 0.855742
0.0935989 91 0.855792
0.0934055 91 0.855797
0.0934055 90 0.855827
0.0932121 90 0.85584
0.0930188 90 0.855847
0.0928254 90 0.855861
0.092632 90 0.855865
0.0924386 90 0.85587
0.0922452 90 0.855886
0.0920518 90 0.855939
0.0918584 90 0.855973
0.0916651 90 0.856005
0.0914717 90 0.856014
0.0912783 90 0.8561
0.0910849 90 0.856165
0.0908915 90 0.85617
0.0906981 90 0.856197
0.0905047 90 0.856205
0.0903114 90 0.856239
0.090118 90 0.856257
0.090118 89 0.856261
0.090118 88 0.856379
0.0899246 88 0.856408
0.0899246 87 0.856517
0.0897312 87 0.856627
0.0895378 87 0.85666
0.0895378 86 0.856662
0.0893444 86 0.856782
0.089151 86 0.856783
0.089151 85 0.856825
0.0889576 85 0.856868
0.0887643 85 0.856873
0.0885709 85 0.856909
0.0883775 85 0.856959
0.0881841 85 0.856972
0.0879907 85 0.856982
0.0877973 85 0.857098
0.0876039 85 0.8571
0.0874106 85 0.857114
0.0872172 85 0.857115
0.0870238 85 0.857118
0.0868304 85 0.857128
0.086637 85 0.857149
0.0864436 85 0.857175
0.0862502 85 0.857183
0.0860569 85 0.857185
0.0858635 85 0.857189
0.0856701 85 0.857192
0.0854767 85 0.857201
0.0852833 85 0.857221
0.0852833 84 0.857324
0.0850899 84 0.857351
0.0848965 84 0.857358
0.0847032 84 0.857371
0.0847032 83 0.857373
0.0847032 82 0.857392
0.0845098 82 0.857399
0.0843164 82 0.857407
0.084123 82 0.857467
0.0837362 82 0.857468
0.0835428 82 0.857518
0.0835428 81 0.85753
0.0833494 81 0.857541
0.0831561 81 0.85759
0.0829627 81 0.8576
0.0829627 80 0.857619
0.0827693 80 0.857711
0.0827693 79 0.857728
0.0825759 79 0.857779
0.0823825 79 0.857876
0.0821891 79 0.857898
0.0819957 79 0.857909
0.081609 79 0.857969
0.0814156 79 0.857991
0.0812222 79 0.857999
0.0812222 78 0.858028
0.0810288 78 0.858059
0.0808354 78 0.858074
0.080642 78 0.858104
0.0804487 78 0.858135
0.0804487 77 0.85814
0.0802553 77 0.858147
0.0800619 77 0.85816
0.0798685 77 0.858171
0.0798685 76 0.8582
0.0796751 76 0.858236
0.0794817 76 0.858264
0.0794817 75 0.858283
0.0792883 75 0.858298
0.079095 75 0.858299
0.0789016 75 0.858344
0.0787082 75 0.858366
0.0785148 75 0.858423
0.0783214 75 0.858426
0.078128 75 0.858444
0.0779346 75 0.858462
0.0777412 75 0.858473
0.0775479 75 0.858481
0.0773545 75 0.858493
0.0771611 75 0.858501
0.0771611 74 0.858546
0.0769677 74 0.858598
0.0767743 74 0.858631
0.0767743 73 0.858694
0.0767743 72 0.858719
0.0765809 72 0.858723
0.0765809 71 0.858731
0.0763875 71 0.858762
0.0761942 71 0.858783
0.0761942 70 0.85883
0.0760008 70 0.858863
0.0758074 70 0.858907
0.0758074 69 0.858931
0.075614 69 0.858939
0.0754206 69 0.858976
0.0752272 69 0.858985
0.0750338 69 0.859025
0.0748405 69 0.859048
0.0746471 69 0.85905
0.0744537 69 0.859058
0.0742603 69 0.859059
0.0742603 68 0.859072
0.0740669 68 0.859082
0.0738735 68 0.859133
0.0736801 68 0.859152
0.0734868 68 0.859191
0.0732934 68 0.859231
0.0731 68 0.859255
0.0731 67 0.85927
0.0729066 67 0.859361
0.0727132 67 0.859361
0.0725198 67 0.859411
0.0723264 67 0.859433
0.0723264 66 0.859483
0.072133 66 0.859526
0.0719397 66 0.859537
0.0717463 66 0.85957
0.0715529 66 0.859605
0.0713595 66 0.859608
0.0711661 66 0.859652
0.0709727 66 0.859668
0.0709727 65 0.859697
0.0707793 65 0.859705
0.070586 65 0.85971
0.0703926 65 0.859721
0.0701992 64 0.859755
0.0700058 64 0.859765
0.0698124 64 0.859767
0.069619 64 0.859849
0.069619 63 0.859875
0.0694256 63 0.859876
0.0694256 62 0.859882
0.0692323 62 0.8599
0.0690389 62 0.859932
0.0690389 61 0.85994
0.0688455 61 0.859953
0.0688455 60 0.859966
0.0688455 59 0.859975
0.0686521 59 0.860004
0.0684587 59 0.860044
0.0682653 59 0.860074
0.0680719 59 0.860078
0.0680719 58 0.860105
0.0678786 58 0.860127
0.0676852 58 0.860143
0.0674918 58 0.860158
0.0672984 58 0.860175
0.067105 58 0.86018
0.0669116 58 0.860198
0.0669116 57 0.860266
0.0667182 57 0.860311
0.0667182 56 0.860317
0.0665249 56 0.860378
0.0663315 56 0.860384
0.0661381 56 0.860422
0.0657513 56 0.860437
0.0657513 55 0.860439
0.0655579 55 0.860474
0.0655579 54 0.860501
0.0653645 54 0.860526
0.0653645 53 0.860604
0.0651711 53 0.860622
0.0649778 53 0.860639
0.0647844 53 0.860668
0.0647844 52 0.860669
0.064591 52 0.860701
0.0643976 52 0.86071
0.0642042 52 0.860721
0.0640108 52 0.860731
0.0640108 51 0.860738
0.0638174 51 0.860749
0.0636241 51 0.860796
0.0634307 51 0.860822
0.0632373 51 0.860847
0.0632373 50 0.860864
0.0630439 50 0.860874
0.0628505 50 0.860911
0.0626571 50 0.860917
0.0624637 50 0.860935
0.0622704 50 0.86094
0.062077 50 0.860972
0.0618836 50 0.860974
0.0616902 50 0.860988
0.0614968 50 0.861093
0.0613034 50 0.861208
0.06111 50 0.861245
0.0609167 50 0.861259
0.0607233 50 0.861288
0.0605299 50 0.86133
0.0603365 50 0.861344
0.0601431 50 0.86135
0.0599497 50 0.861351
0.0597563 50 0.861397
0.0595629 50 0.861413
0.0595629 49 0.861456
0.0595629 48 0.861545
0.0593696 48 0.861585
0.0593696 47 0.861618
0.0591762 47 0.861652
0.0589828 47 0.861654
0.0587894 47 0.86169
0.058596 47 0.861709
0.0584026 47 0.861741
0.0582092 47 0.86176
0.0580159 47 0.861796
0.0578225 47 0.861854
0.0576291 47 0.861887
0.0574357 47 0.861903
0.0574357 46 0.861909
0.0572423 46 0.861953
0.0570489 46 0.861971
0.0568555 46 0.861991
0.0566622 46 0.861996
0.0564688 46 0.862005
0.0562754 46 0.862028
0.056082 46 0.862054
0.0558886 46 0.862062
0.0556952 46 0.862074
0.0555018 46 0.862086
0.0553085 46 0.862091
0.0553085 45 0.862126
0.0551151 45 0.862141
0.0551151 44 0.862186
0.0549217 44 0.862247
0.0547283 44 0.862265
0.0545349 44 0.86233
0.0543415 44 0.862342
0.0541481 44 0.862346
0.0539547 44 0.862349
0.0537614 44 0.86235
0.053568 44 0.862387
0.0533746 44 0.862408
0.0531812 44 0.862438
0.0529878 44 0.862442
0.0527944 44 0.862451
0.052601 44 0.862488
0.0524077 44 0.862531
0.0522143 44 0.862554
0.0520209 44 0.862576
0.0518275 44 0.862621
0.0516341 44 0.862655
0.0514407 44 0.862716
0.0512473 44 0.862733
0.0512473 43 0.862782
0.051054 43 0.862815
0.0508606 43 0.862816
0.0506672 43 0.86286
0.0504738 43 0.862907
0.0502804 43 0.86292
0.050087 43 0.862929
0.0498936 43 0.862936
0.0497003 43 0.862997
0.0495069 43 0.86301
0.0493135 43 0.863013
0.0491201 43 0.863018
0.0489267 43 0.863027
0.0487333 43 0.86304
0.0485399 43 0.863094
0.0483465 43 0.863098
0.0483465 42 0.863101
0.0481532 42 0.863117
0.0479598 42 0.86314
0.0479598 41 0.863167
0.0477664 41 0.863179
0.047573 41 0.863259
0.0473796 41 0.863261
0.0471862 41 0.863371
0.0469928 41 0.863377
0.0467995 41 0.863381
0.0466061 41 0.863433
0.0464127 41 0.863445
0.0464127 40 0.86345
0.0462193 40 0.863462
0.0460259 40 0.86348
0.0456391 40 0.863481
0.0454458 40 0.863499
0.0454458 39 0.863604
0.0452524 39 0.863605
0.045059 39 0.863619
0.045059 38 0.863665
0.0448656 38 0.863813
0.0446722 38 0.863881
0.0444788 38 0.863954
0.0442854 38 0.863965
0.0440921 38 0.863965
0.0438987 38 0.863974
0.0438987 37 0.863993
0.0437053 37 0.86409
0.0435119 37 0.864109
0.0433185 37 0.864333
0.0433185 36 0.864425
0.0433185 35 0.864428
0.0431251 35 0.864449
0.0429317 35 0.864513
0.0427383 35 0.864524
0.0427383 34 0.864556
0.042545 34 0.864572
0.0423516 34 0.864592
0.0423516 33 0.864636
0.0421582 33 0.864645
0.0421582 32 0.864701
0.0419648 32 0.864706
0.0417714 32 0.864708
0.041578 32 0.864717
0.0413846 32 0.864718
0.0411913 32 0.864766
0.0409979 32 0.864791
0.0408045 32 0.864867
0.0408045 31 0.864909
0.0406111 31 0.86495
0.0404177 31 0.86507
0.0402243 31 0.865091
0.0402243 30 0.86517
0.0400309 30 0.865259
0.0400309 29 0.865454
0.0398376 29 0.865472
0.0396442 29 0.865482
0.0394508 29 0.865539
0.0392574 29 0.865549
0.0392574 28 0.865555
0.039064 28 0.865616
0.0388706 28 0.865617
0.0388706 27 0.865681
0.0386772 27 0.865689
0.0384839 27 0.865738
0.0382905 27 0.865839
0.0380971 27 0.865864
0.0379037 27 0.865965
0.0377103 27 0.865975
0.0375169 27 0.865995
0.0373235 27 0.866015
0.0371301 27 0.866041
0.0369368 27 0.866044
0.0367434 27 0.866077
0.0367434 26 0.866085
0.03655 26 0.866093
0.0363566 26 0.866094
0.0361632 26 0.866127
0.0359698 26 0.866175
0.0357764 26 0.866183
0.0355831 26 0.866194
0.0353897 26 0.866274
0.0351963 26 0.866299
0.0350029 26 0.866407
0.0348095 26 0.866456
0.0346161 26 0.866511
0.0344227 26 0.866542
0.0342294 26 0.866627
0.034036 26 0.866635
0.0338426 26 0.866648
0.0336492 26 0.866704
0.0334558 26 0.866707
0.0332624 26 0.866742
0.033069 26 0.866796
0.0328757 26 0.866796
0.0326823 26 0.866811
0.0324889 26 0.866847
0.0322955 26 0.866905
0.0321021 26 0.866943
0.0319087 26 0.866962
0.0317153 26 0.866987
0.0315219 26 0.867004
0.0313286 26 0.867009
0.0311352 26 0.867047
0.0309418 26 0.86707
0.0307484 26 0.867108
0.030555 26 0.867114
0.0303616 26 0.86713
0.0301682 26 0.867144
0.0299749 26 0.867203
0.0297815 26 0.867266
0.0295881 26 0.867267
0.0295881 25 0.867296
0.0293947 25 0.867377
0.0292013 25 0.867393
0.0290079 25 0.867398
0.0288145 25 0.867546
0.0286212 25 0.867662
0.0284278 25 0.867714
0.0284278 24 0.86788
0.0282344 24 0.867914
0.028041 24 0.867925
0.028041 23 0.867963
0.0278476 23 0.868057
0.0276542 23 0.868068
0.0274608 23 0.868113
0.0272675 23 0.868172
0.0270741 23 0.868185
0.0268807 23 0.868242
0.0266873 23 0.868258
0.0266873 22 0.868275
0.0264939 22 0.868312
0.0263005 22 0.868552
0.0261071 22 0.868722
0.0259137 22 0.868736
0.0257204 22 0.86876
0.025527 22 0.868852
0.0253336 22 0.868853
0.0251402 22 0.868911
0.0249468 22 0.868943
0.0247534 22 0.868955
0.0247534 21 0.86901
0.02456 21 0.869014
0.0243667 21 0.869024
0.0241733 21 0.869027
0.0239799 21 0.869086
0.0237865 21 0.869102
0.0237865 20 0.869149
0.0235931 20 0.869154
0.0233997 20 0.869218
0.0233997 19 0.869262
0.0232063 19 0.869358
0.0232063 18 0.86945
0.0232063 17 0.869454
0.023013 17 0.869561
0.0228196 17 0.869626
0.0226262 17 0.869756
0.0224328 17 0.869779
0.0222394 17 0.869779
0.022046 17 0.869813
0.0218526 17 0.869816
0.0216593 17 0.869835
0.0214659 17 0.869879
0.0214659 16 0.869956
0.0212725 16 0.869978
0.0210791 16 0.87035
0.0208857 16 0.870375
0.0206923 16 0.870428
0.0206923 15 0.870459
0.0206923 14 0.87047
0.0204989 14 0.870475
0.0203056 14 0.870729
0.0201122 14 0.870755
0.0199188 14 0.870778
0.0197254 14 0.870805
0.019532 14 0.870842
0.0193386 14 0.870877
0.0193386 13 0.870907
0.0191452 13 0.870938
0.0189518 13 0.871146
0.0187585 13 0.871185
0.0185651 13 0.871232
0.0183717 13 0.871265
0.0181783 13 0.871292
0.0181783 12 0.871303
0.0181783 11 0.871354
0.0179849 11 0.87137
0.0177915 11 0.871424
0.0175981 11 0.871684
0.0174048 11 0.871693
0.0172114 11 0.871835
0.017018 11 0.871894
0.0168246 11 0.87198
0.0166312 11 0.872108
0.0164378 11 0.872196
0.0162444 11 0.8722
0.0160511 11 0.872209
0.0160511 10 0.872214
0.0158577 10 0.872368
0.0156643 10 0.872438
0.0154709 10 0.872451
0.0152775 10 0.872568
0.0150841 10 0.872579
0.0148907 10 0.872665
0.0146974 10 0.872671
0.014504 10 0.872963
0.0143106 10 0.873051
0.0141172 10 0.87321
0.0139238 10 0.873318
0.0139238 9 0.873369
0.0137304 9 0.873582
0.0137304 8 0.873618
0.013537 8 0.873633
0.0133436 8 0.873673
0.0131503 8 0.873715
0.0129569 8 0.873874
0.0127635 8 0.873892
0.0125701 8 0.874158
0.0123767 8 0.874262
0.0121833 8 0.874393
0.0119899 8 0.87444
0.0117966 8 0.874567
0.0116032 8 0.87459
0.0116032 7 0.874754
0.0114098 7 0.874763
0.0112164 7 0.87481
0.011023 7 0.874907
0.0108296 7 0.87498
0.0106362 7 0.875002
0.0106362 6 0.875091
0.0104429 6 0.875143
0.0102495 6 0.875212
0.0100561 6 0.875246
0.0098627 6 0.875359
0.00966931 6 0.87563
0.00947592 6 0.875654
0.00928254 6 0.875692
0.00908915 6 0.875832
0.00889576 6 0.875995
0.00870238 6 0.875997
0.00850899 6 0.876197
0.00831561 6 0.876451
0.00812222 6 0.876567
0.00812222 5 0.8768
0.00792883 5 0.876887
0.00773545 5 0.876903
0.00754206 5 0.877022
0.00734868 5 0.877397
0.00715529 5 0.877524
0.0069619 5 0.877726
0.00676852 5 0.87782
0.00657513 5 0.877873
0.00657513 4 0.878251
0.00638174 4 0.878366
0.00618836 4 0.878902
0.00599497 4 0.87894
0.00580159 4 0.879002
0.0056082 4 0.879058
0.00541481 4 0.879357
0.00522143 4 0.879549
0.00522143 3 0.87959
0.00502804 3 0.880528
0.00502804 2 0.88055
0.00483465 2 0.880925
0.00464127 2 0.881469
0.00444788 2 0.881742
0.0042545 2 0.882083
0.00406111 2 0.882229
0.00386772 2 0.88248
0.00367434 2 0.883219
0.00367434 1 0.883619
0.00348095 1 0.883814
0.00328757 1 0.883829
0.00309418 1 0.884285
0.00290079 1 0.884334
0.00270741 1 0.88442
0.00251402 1 0.884474
0.00232063 1 0.884549
0.00212725 1 0.884864
0.00193386 1 0.88522
0.00174048 1 0.885365
0.00154709 1 0.885447
0.00154709 0 0.8857
0.0013537 0 0.885852
0.00116032 0 0.888092
0.000966931 0 0.888514
0.000773545 0 0.891483
0.000580159 0 0.892246
0.000386772 0 0.893139
0.000193386 0 0.894105
0 0 1.79769e+308
