0.527953 6324
0.522343 4114
0.521344 4006
0.518998 3588
0.513975 2759
0.513911 2726
0.513335 2674
0.51309 2670
0.511505 2539
0.511252 2517
0.50762 2324
0.507546 2312
0.507541 2296
0.507541 2256
0.507541 2254
0.507541 2253
0.506822 2233
0.504698 2092
0.504698 2091
0.504538 2075
0.504538 2072
0.504283 2067
0.504283 2066
0.504283 2064
0.504074 2052
0.504074 2049
0.503981 2016
0.503817 2015
0.503817 2013
0.503499 1991
0.503355 1967
0.503355 1964
0.503235 1962
0.501027 1895
0.501027 1894
0.501027 1893
0.500892 1881
0.500892 1879
0.495511 879
0.49551 875
0.49551 874
0.49551 871
0.49551 870
0.495304 862
0.495304 861
0.495304 854
0.495174 840
0.495174 831
0.495174 829
0.495092 826
0.495092 825
0.494841 815
0.493143 798
0.493143 796
0.493143 792
0.493143 791
0.493142 787
0.493142 786
0.492928 783
0.492928 782
0.491753 736
0.491753 735
0.491753 733
0.491753 726
0.491517 722
0.490972 718
0.490972 717
0.490709 710
0.490709 708
0.490517 699
0.490517 697
0.490517 696
0.490517 695
0.490517 694
0.49028 691
0.490129 690
0.490129 688
0.489964 676
0.489836 676
0.489675 671
0.489397 658
0.489397 657
0.4884 639
0.488201 638
0.488013 635
0.486227 553
0.486227 550
0.486227 549
0.486108 539
0.48587 537
0.485737 537
0.485737 534
0.485737 533
0.485603 532
0.485603 531
0.485603 530
0.485603 529
0.485464 529
0.485325 528
0.48521 528
0.48521 525
0.48521 524
0.48468 520
0.484307 517
0.484193 513
0.484104 506
0.483967 506
0.483499 494
0.483377 491
0.483278 489
0.482931 480
0.482806 480
0.482806 479
0.482726 473
0.4824 468
0.482301 467
0.482301 466
0.482301 465
0.481885 460
0.481885 459
0.481768 459
0.481768 458
0.481768 457
0.481616 456
0.481616 455
0.48151 454
0.480717 449
0.480717 448
0.480632 445
0.479859 440
0.479859 439
0.479747 435
0.479416 435
0.479206 435
0.479206 434
0.479206 432
0.479107 430
0.479107 429
0.478976 429
0.478976 428
0.478976 426
0.478654 422
0.478654 421
0.478654 420
0.478654 419
0.478551 417
0.478551 412
0.478551 411
0.478182 408
0.477703 406
0.477703 403
0.475993 372
0.475919 371
0.47579 371
0.475695 370
0.475566 367
0.475466 367
0.475466 366
0.475351 366
0.475351 365
0.475011 362
0.475011 361
0.474801 358
0.474801 357
0.474801 356
0.474448 353
0.474336 353
0.474336 352
0.474228 343
0.473658 341
0.473613 340
0.473493 337
0.473368 337
0.473223 337
0.472711 334
0.472711 333
0.472616 332
0.472616 331
0.472616 330
0.472616 329
0.47248 329
0.47248 328
0.47248 327
0.472353 327
0.472353 325
0.47224 325
0.47213 322
0.472006 322
0.472006 321
0.471892 321
0.471892 320
0.471892 318
0.471892 317
0.471892 316
0.471825 313
0.471715 311
0.471715 310
0.471623 309
0.471623 308
0.471489 308
0.471489 307
0.471413 306
0.471413 302
0.471332 301
0.471332 300
0.47124 299
0.470865 298
0.470741 298
0.470627 297
0.470627 296
0.470347 296
0.470347 295
0.470219 294
0.470208 293
0.470208 292
0.469826 291
0.46952 287
0.46952 286
0.46952 285
0.468773 271
0.468773 269
0.468677 268
0.468677 267
0.468677 266
0.468452 264
0.468452 263
0.468452 262
0.468336 262
0.468249 260
0.468058 259
0.467926 259
0.467926 258
0.467235 256
0.467129 255
0.467018 255
0.466947 254
0.466947 253
0.466801 253
0.466692 252
0.466592 252
0.466592 251
0.466592 250
0.466592 249
0.466592 248
0.466333 247
0.466333 246
0.465708 246
0.465592 246
0.465313 246
0.465313 243
0.465128 242
0.465128 241
0.465128 240
0.464918 240
0.464663 240
0.464663 239
0.464551 239
0.464551 238
0.464551 237
0.464426 235
0.464299 235
0.464193 234
0.464193 233
0.464088 233
0.464088 232
0.463962 232
0.463826 232
0.463601 231
0.463601 229
0.463493 229
0.463369 229
0.463369 228
0.463369 227
0.463369 226
0.463253 226
0.463034 226
0.463034 225
0.462909 225
0.46281 225
0.462676 225
0.462581 224
0.462486 221
0.462418 220
0.462406 219
0.462302 219
0.462205 219
0.462082 219
0.461944 219
0.461822 219
0.461717 219
0.461606 219
0.461506 219
0.46139 219
0.46139 218
0.461241 218
0.461241 217
0.461241 216
0.461108 216
0.461108 215
0.460986 214
0.460879 214
0.460788 213
0.460788 212
0.460788 210
0.460788 209
0.460684 209
0.460546 209
0.460546 208
0.460426 208
0.460426 207
0.460301 207
0.460301 206
0.460179 206
0.45978 196
0.459659 196
0.459659 195
0.459659 194
0.459515 194
0.459379 194
0.459286 193
0.459158 193
0.459039 192
0.458935 192
0.458818 192
0.458818 191
0.458698 191
0.458587 191
0.458456 191
0.458343 190
0.458282 189
0.458282 188
0.458282 187
0.458176 187
0.458054 187
0.458054 186
0.457941 185
0.457814 185
0.457698 185
0.457698 184
0.457586 184
0.457477 184
0.457477 183
0.457477 182
0.457206 180
0.457206 179
0.456927 179
0.456571 179
0.456447 179
0.456315 178
0.456083 178
0.456083 177
0.455956 177
0.455956 176
0.455466 175
0.455349 174
0.455226 174
0.455226 173
0.455226 172
0.455107 172
0.454978 172
0.454978 171
0.454951 170
0.454608 167
0.454496 167
0.454371 167
0.454263 167
0.454139 167
0.454056 166
0.453942 166
0.45384 166
0.453704 166
0.453578 166
0.453449 166
0.453111 166
0.453111 165
0.453111 164
0.452974 163
0.452974 162
0.452566 161
0.452566 160
0.452566 159
0.452529 158
0.452529 157
0.452402 157
0.452269 157
0.452195 156
0.452087 156
0.452087 155
0.451741 155
0.451664 154
0.451558 154
0.451427 154
0.451427 153
0.451427 152
0.451297 152
0.451169 152
0.451047 152
0.450952 151
0.449738 149
0.449738 148
0.449641 147
0.449503 146
0.449389 146
0.449379 145
0.449379 144
0.449269 144
0.449154 144
0.449154 143
0.448927 143
0.4488 143
0.448728 142
0.448728 141
0.448613 141
0.448493 141
0.448348 141
0.448348 139
0.448271 138
0.44813 138
0.448004 138
0.44789 138
0.44789 137
0.447765 137
0.447765 136
0.447648 136
0.44753 136
0.44753 135
0.447315 134
0.447195 134
0.447017 133
0.446899 133
0.446775 133
0.44666 133
0.446564 132
0.446473 131
0.446372 131
0.446372 130
0.446372 129
0.446372 128
0.446262 128
0.446033 128
0.446033 127
0.445886 127
0.445772 127
0.445772 126
0.445658 126
0.445658 125
0.445547 125
0.445442 125
0.445296 125
0.444838 124
0.444598 124
0.444527 123
0.444409 123
0.444296 123
0.444208 122
0.444093 122
0.44396 122
0.443843 122
0.443741 122
0.443634 122
0.443499 121
0.443387 121
0.443387 120
0.443271 120
0.443271 119
0.443271 118
0.443147 118
0.443054 117
0.442931 117
0.442801 117
0.442704 116
0.442566 116
0.442489 115
0.44241 114
0.442282 114
0.442181 114
0.442046 114
0.442046 113
0.441936 113
0.441823 113
0.441706 113
0.441592 113
0.441592 112
0.441478 112
0.441478 111
0.441348 111
0.441228 111
0.441228 110
0.441093 110
0.441093 109
0.440859 109
0.440593 109
0.440463 109
0.440338 109
0.44024 109
0.44024 108
0.440126 108
0.440126 107
0.440126 106
0.439988 106
0.439879 106
0.439748 106
0.439648 106
0.439539 106
0.439425 106
0.439321 106
0.4392 106
0.43918 105
0.438964 105
0.438859 105
0.438737 105
0.438645 104
0.438526 104
0.438526 103
0.438526 102
0.438405 102
0.438302 102
0.438166 102
0.438166 101
0.438058 101
0.437936 101
0.437795 101
0.43769 101
0.437596 100
0.437482 100
0.437362 100
0.437242 100
0.437139 100
0.437042 100
0.436948 99
0.436841 99
0.436733 99
0.436599 99
0.436465 99
0.436342 99
0.436209 99
0.436071 99
0.436071 98
0.43596 98
0.43596 97
0.435842 97
0.435708 97
0.435592 97
0.43549 97
0.435261 97
0.435152 97
0.435031 97
0.43492 97
0.434789 97
0.434658 97
0.434535 97
0.434401 97
0.43428 97
0.434161 97
0.434065 96
0.433931 96
0.433678 96
0.43357 96
0.433462 96
0.433462 95
0.433339 95
0.433259 94
0.433133 94
0.43301 94
0.43301 93
0.432882 93
0.432768 93
0.432641 93
0.432641 92
0.432545 91
0.432545 90
0.432295 90
0.432194 90
0.432194 89
0.432083 89
0.431977 89
0.431977 88
0.431851 88
0.431851 87
0.431607 87
0.431472 87
0.431343 87
0.43121 87
0.431083 87
0.430863 87
0.43075 87
0.43063 87
0.430506 87
0.430506 86
0.430389 86
0.430286 86
0.429808 86
0.429689 86
0.429577 86
0.429577 85
0.429462 85
0.429453 84
0.429324 84
0.429205 84
0.429205 83
0.429091 83
0.428988 83
0.428837 83
0.428733 83
0.4286 83
0.4286 82
0.4286 81
0.428478 81
0.428235 81
0.428089 81
0.427954 81
0.427818 81
0.427706 81
0.427597 81
0.427479 81
0.427346 81
0.427222 81
0.42709 81
0.426977 81
0.426842 81
0.426724 81
0.426607 81
0.426472 81
0.426347 81
0.42622 81
0.426113 81
0.425985 81
0.425881 81
0.42576 81
0.425647 81
0.425388 81
0.425271 81
0.425137 81
0.425032 81
0.424927 81
0.424295 81
0.424295 80
0.424176 80
0.424066 80
0.423951 80
0.42383 80
0.423679 80
0.423538 80
0.423414 80
0.423292 80
0.423167 80
0.423022 80
0.422919 80
0.422804 80
0.422685 80
0.422584 80
0.422584 79
0.422459 79
0.422224 79
0.422105 79
0.421973 79
0.421842 79
0.421842 78
0.421734 78
0.421621 78
0.421369 78
0.421248 78
0.42113 78
0.421012 78
0.420897 78
0.420764 78
0.420636 78
0.420501 78
0.420397 78
0.420265 78
0.420013 78
0.420001 77
0.419897 77
0.41979 77
0.419675 77
0.419542 77
0.41942 77
0.419317 77
0.419178 77
0.419061 77
0.418937 77
0.418805 77
0.418668 77
0.418551 77
0.418449 77
0.418341 76
0.418232 76
0.418008 76
0.417888 76
0.417753 76
0.417494 76
0.417384 76
0.41728 76
0.417125 76
0.41689 76
0.416794 75
0.416688 75
0.416595 74
0.416465 74
0.416329 74
0.416207 74
0.416089 74
0.415979 74
0.415865 74
0.415733 74
0.415566 73
0.41547 72
0.415367 72
0.415237 72
0.415124 72
0.415021 72
0.414889 72
0.414779 72
0.414652 72
0.414528 72
0.414422 72
0.414175 72
0.413953 71
0.413825 71
0.413455 71
0.41334 71
0.41323 71
0.413119 71
0.412986 71
0.41286 71
0.412733 71
0.412599 71
0.412465 71
0.412345 71
0.412236 71
0.412109 71
0.411972 71
0.411848 71
0.411762 70
0.411624 70
0.411511 70
0.411511 69
0.411358 69
0.411239 69
0.411134 69
0.411017 69
0.410899 69
0.410789 69
0.410666 69
0.410538 69
0.410452 68
0.410334 68
0.410249 67
0.41015 67
0.410028 67
0.40989 67
0.409798 66
0.409686 66
0.409556 66
0.409421 66
0.409297 66
0.409196 66
0.409087 66
0.408966 66
0.408836 66
0.40869 66
0.408579 66
0.408482 65
0.408349 65
0.408349 64
0.408235 64
0.408116 64
0.407889 64
0.407764 64
0.407648 64
0.407515 64
0.407375 64
0.407155 63
0.407021 63
0.406899 63
0.406776 63
0.406655 63
0.406547 63
0.406411 63
0.406168 63
0.406046 63
0.405915 63
0.405796 63
0.405635 63
0.405504 63
0.405379 63
0.405276 63
0.405143 63
0.404879 63
0.40476 63
0.404641 63
0.404517 63
0.404402 63
0.404267 63
0.404145 63
0.40404 62
0.403914 62
0.40378 62
0.403654 62
0.403557 62
0.403436 62
0.403317 62
0.403208 62
0.403208 61
0.403075 61
0.402944 61
0.40281 61
0.402613 60
0.4025 60
0.4025 59
0.402365 59
0.402237 59
0.402101 59
0.401988 59
0.40185 59
0.401723 59
0.401607 59
0.40148 59
0.401353 59
0.401248 59
0.401136 59
0.400995 59
0.400866 59
0.400755 59
0.400632 59
0.400528 59
0.400394 59
0.400263 59
0.400143 59
0.400008 59
0.399877 59
0.399751 59
0.399618 59
0.3995 59
0.399404 59
0.39928 58
0.399145 58
0.399024 58
0.398924 58
0.398818 58
0.398693 58
0.3986 57
0.398461 57
0.398335 57
0.398211 57
0.398083 57
0.397953 57
0.397827 57
0.397716 57
0.397611 57
0.397469 57
0.39734 57
0.397222 57
0.397083 57
0.39697 57
0.396836 57
0.396724 57
0.396607 57
0.396485 57
0.396245 57
0.396122 57
0.395989 57
0.395878 57
0.395762 57
0.395633 57
0.395536 57
0.395413 57
0.395277 57
0.395148 57
0.395015 57
0.394791 57
0.394658 57
0.394527 57
0.394396 57
0.394265 57
0.394057 56
0.393912 56
0.3938 56
0.393662 56
0.39354 56
0.393394 56
0.393285 56
0.393037 56
0.3929 56
0.392788 56
0.392553 56
0.392452 56
0.392313 56
0.39219 56
0.392082 56
0.391959 56
0.391822 56
0.391695 56
0.39158 56
0.391478 56
0.391357 56
0.391224 56
0.391101 56
0.390989 56
0.390877 56
0.390745 56
0.39062 56
0.390507 56
0.390393 56
0.39027 56
0.390164 56
0.390056 56
0.389832 56
0.389705 56
0.389596 56
0.389461 56
0.389273 55
0.389156 55
0.389035 55
0.388896 55
0.388782 55
0.388634 55
0.388503 55
0.388128 55
0.387998 55
0.387865 55
0.387737 55
0.387621 55
0.387498 55
0.387377 55
0.387243 55
0.387006 55
0.386887 55
0.386753 55
0.386624 55
0.386514 55
0.386399 55
0.386279 55
0.38617 55
0.385934 55
0.385819 55
0.385819 54
0.38571 54
0.385599 54
0.384914 54
0.384783 54
0.384668 54
0.384553 54
0.384424 54
0.384271 54
0.384137 54
0.384015 54
0.383882 54
0.383761 54
0.383644 54
0.383402 54
0.383277 54
0.383131 54
0.382255 54
0.382149 54
0.382016 54
0.381762 54
0.381525 53
0.381408 53
0.381177 53
0.381062 53
0.380831 53
0.380711 53
0.380597 53
0.380469 53
0.380351 53
0.380252 53
0.380162 52
0.380025 52
0.379886 52
0.379767 52
0.379645 52
0.379524 52
0.379406 52
0.379269 52
0.379166 52
0.379051 52
0.378934 52
0.378818 52
0.378685 52
0.378575 52
0.378486 51
0.378361 51
0.378255 51
0.378113 51
0.377855 51
0.377738 51
0.377614 51
0.377367 51
0.377248 51
0.377139 51
0.377013 51
0.376728 51
0.37659 51
0.37646 51
0.37635 51
0.376219 51
0.375842 51
0.3757 51
0.375584 51
0.375478 51
0.375363 51
0.375216 51
0.374964 51
0.374852 51
0.374726 51
0.374615 51
0.374514 51
0.374377 51
0.374215 51
0.374106 51
0.373973 51
0.373863 51
0.373751 51
0.373625 51
0.373507 51
0.373384 51
0.373263 51
0.373139 51
0.373013 51
0.372913 51
0.372797 51
0.372642 51
0.372517 51
0.372375 51
0.372243 51
0.372114 51
0.37203 50
0.371896 50
0.371776 50
0.370096 49
0.369975 49
0.369849 49
0.369737 49
0.369633 49
0.369362 49
0.369232 49
0.369123 49
0.368848 49
0.368704 49
0.368599 49
0.368489 49
0.368365 49
0.368254 49
0.368145 49
0.368039 49
0.367931 49
0.367805 49
0.367674 49
0.367535 49
0.367412 49
0.36729 49
0.36717 49
0.367055 49
0.366922 49
0.366798 49
0.366658 49
0.366528 49
0.366402 49
0.366026 49
0.36591 49
0.365783 49
0.365657 49
0.365537 49
0.365426 49
0.3653 49
0.365162 49
0.365032 49
0.364889 49
0.36478 49
0.364671 49
0.364542 49
0.364432 49
0.364329 49
0.364239 48
0.364115 48
0.364008 48
0.363902 48
0.363785 48
0.363665 48
0.363538 48
0.363275 48
0.363158 48
0.363038 48
0.362937 48
0.362806 48
0.362664 48
0.362549 48
0.362431 48
0.362306 48
0.3622 48
0.362074 48
0.361964 48
0.361824 48
0.361697 48
0.36159 48
0.361486 48
0.361364 48
0.361215 48
0.361093 48
0.360963 48
0.360832 48
0.360704 48
0.360584 48
0.36048 48
0.36037 48
0.359998 48
0.359879 48
0.359618 48
0.35938 48
0.359264 48
0.359119 48
0.358992 48
0.358724 48
0.358591 48
0.358447 48
0.358334 48
0.358192 48
0.358063 48
0.357945 48
0.357823 48
0.357707 48
0.357591 48
0.357443 48
0.357328 48
0.357208 48
0.357104 48
0.356982 48
0.356858 48
0.356381 48
0.356274 48
0.356164 48
0.356036 48
0.355905 48
0.355778 48
0.355651 48
0.355524 48
0.355415 48
0.355309 48
0.355202 48
0.355091 48
0.354966 48
0.35486 48
0.354734 48
0.354619 48
0.354492 48
0.354361 48
0.354361 47
0.354236 47
0.354128 47
0.354 47
0.353894 47
0.353792 47
0.353663 47
0.353544 47
0.353428 47
0.353298 47
0.353201 46
0.35306 46
0.352949 46
0.352688 46
0.352561 46
0.352445 46
0.352343 46
0.35221 46
0.352112 46
0.351983 46
0.351849 46
0.351753 45
0.351632 45
0.351513 45
0.351384 45
0.351265 45
0.351013 45
0.350881 45
0.350878 44
0.35075 44
0.350492 44
0.350355 44
0.350225 44
0.350101 44
0.349967 44
0.349839 44
0.349722 44
0.349589 44
0.349468 44
0.34935 44
0.349233 44
0.349132 44
0.349042 43
0.3488 43
0.348679 43
0.348563 43
0.348448 43
0.348317 43
0.348209 43
0.348075 43
0.347935 43
0.34782 43
0.347683 43
0.347573 43
0.347456 43
0.347325 43
0.347212 43
0.347092 43
0.346971 43
0.346866 43
0.346743 43
0.346624 43
0.346514 43
0.3464 43
0.346269 43
0.346134 43
0.345793 42
0.345067 42
0.344955 42
0.344851 42
0.344624 42
0.344511 42
0.344369 42
0.344145 42
0.344013 42
0.343887 42
0.343761 42
0.343637 42
0.343512 42
0.34329 42
0.343167 42
0.343044 42
0.34294 42
0.342835 42
0.342702 42
0.342566 42
0.342438 42
0.342338 42
0.34221 42
0.342091 42
0.341966 42
0.340648 41
0.340551 40
0.340432 40
0.340298 40
0.340186 40
0.340059 40
0.340059 39
0.339939 39
0.339815 39
0.339681 39
0.33943 39
0.339316 39
0.3392 39
0.339074 39
0.338825 39
0.338705 39
0.338587 39
0.338471 39
0.338246 39
0.338117 39
0.338027 38
0.337911 38
0.337807 38
0.337705 38
0.337574 38
0.337466 38
0.337331 38
0.337223 38
0.33696 38
0.336826 38
0.336705 38
0.336426 38
0.336296 38
0.336165 38
0.336032 38
0.335891 38
0.335768 38
0.335655 38
0.335546 38
0.335448 38
0.33531 38
0.335184 38
0.335086 38
0.334821 38
0.334704 38
0.334592 38
0.334474 38
0.33423 38
0.334111 38
0.333987 38
0.333851 38
0.333724 38
0.333615 38
0.3335 38
0.333402 38
0.333314 37
0.333213 37
0.333075 37
0.332958 37
0.332824 37
0.332709 37
0.33258 37
0.332466 37
0.332341 37
0.33221 37
0.332081 37
0.331822 37
0.331583 37
0.331444 37
0.331318 37
0.331213 37
0.331094 37
0.330956 37
0.330847 37
0.330734 37
0.330614 37
0.330474 37
0.330358 37
0.330259 37
0.330153 37
0.330031 37
0.329908 37
0.329813 36
0.329706 36
0.329573 36
0.329463 36
0.329355 36
0.329231 36
0.329099 36
0.328964 36
0.328871 35
0.328749 35
0.328634 35
0.328414 35
0.328288 35
0.328154 35
0.328047 35
0.327941 35
0.32781 35
0.327682 35
0.327221 35
0.327099 35
0.326975 35
0.326855 35
0.326722 35
0.326604 35
0.326485 35
0.326376 35
0.326261 35
0.326128 35
0.325998 35
0.325888 35
0.325786 35
0.325669 35
0.325546 35
0.325422 35
0.325305 35
0.325195 35
0.324948 35
0.324811 35
0.3247 35
0.324574 35
0.324458 35
0.324327 35
0.324208 35
0.324098 35
0.323971 35
0.323843 35
0.323696 35
0.323567 35
0.323441 35
0.323332 35
0.323203 35
0.323067 35
0.322944 35
0.322828 35
0.322709 35
0.322571 35
0.322437 35
0.322326 35
0.322185 35
0.322073 35
0.321944 35
0.321825 35
0.321702 35
0.321571 35
0.321455 35
0.321334 35
0.32121 35
0.321073 35
0.320955 35
0.320833 35
0.320698 35
0.320577 35
0.320337 35
0.320193 35
0.320092 35
0.319988 35
0.319875 35
0.319739 35
0.319489 35
0.319387 35
0.319263 35
0.318874 35
0.318753 35
0.318503 35
0.318268 35
0.318142 35
0.31804 35
0.317908 35
0.317796 35
0.317666 35
0.317542 35
0.31744 35
0.317313 35
0.317201 35
0.31695 35
0.316836 35
0.316718 35
0.316595 35
0.316471 35
0.316384 34
0.316275 34
0.316165 34
0.31606 34
0.315959 34
0.315834 34
0.315716 34
0.315611 34
0.315498 34
0.315373 34
0.315264 34
0.315134 34
0.314879 34
0.314739 34
0.314607 34
0.314221 34
0.314081 34
0.31397 34
0.313854 34
0.313738 34
0.313613 34
0.313498 34
0.313387 34
0.313262 34
0.313157 34
0.312676 33
0.31254 33
0.312429 33
0.312316 33
0.312187 33
0.311922 33
0.31178 33
0.311647 33
0.311518 33
0.311389 33
0.311265 33
0.311146 33
0.311011 33
0.310873 33
0.310748 33
0.310633 33
0.310506 33
0.310389 33
0.310261 33
0.310008 33
0.309646 33
0.309378 33
0.309128 33
0.30903 33
0.308906 33
0.308572 32
0.308461 32
0.308341 32
0.308212 32
0.308091 32
0.30787 32
0.307742 32
0.307588 32
0.307347 31
0.307206 31
0.307094 31
0.306973 31
0.306847 31
0.306735 31
0.306618 31
0.306495 31
0.306253 31
0.306001 31
0.305889 31
0.305771 31
0.305674 31
0.305539 31
0.305297 31
0.305162 31
0.30503 31
0.304803 31
0.304678 31
0.304561 31
0.304443 31
0.30432 31
0.304199 31
0.303484 31
0.303252 30
0.303139 30
0.303017 30
0.302901 30
0.302768 30
0.30263 30
0.302491 30
0.302372 30
0.302257 30
0.301943 29
0.301816 29
0.301693 29
0.301582 29
0.301476 29
0.301344 29
0.301205 29
0.301085 29
0.300967 29
0.30083 29
0.300717 29
0.3006 29
0.30047 29
0.300081 29
0.299945 29
0.299819 29
0.299695 29
0.299599 28
0.299381 28
0.299113 28
0.299005 28
0.298894 28
0.298502 28
0.298382 28
0.298249 28
0.29813 28
0.298007 28
0.297874 28
0.29764 28
0.297255 28
0.297129 28
0.296995 28
0.296908 27
0.296669 27
0.296554 27
0.296444 27
0.29633 27
0.296203 27
0.296074 27
0.295946 27
0.295828 27
0.295717 27
0.295463 27
0.295342 27
0.295214 27
0.295108 27
0.295001 27
0.294764 27
0.294626 27
0.294386 27
0.294255 27
0.294142 27
0.294016 27
0.29389 27
0.293764 27
0.293527 27
0.293403 27
0.293285 27
0.293063 27
0.292953 27
0.292842 27
0.292728 27
0.292384 27
0.292144 27
0.292014 27
0.291892 27
0.291772 27
0.29165 27
0.29142 27
0.291307 27
0.291075 27
0.290946 27
0.290837 27
0.290717 27
0.290462 27
0.290335 27
0.290209 27
0.290101 27
0.289982 27
0.289878 27
0.289639 27
0.289534 27
0.28917 27
0.28905 27
0.288818 27
0.288578 27
0.288448 27
0.288347 27
0.288224 27
0.288106 27
0.288002 27
0.287876 27
0.287762 27
0.28765 27
0.287523 27
0.287156 27
0.287027 27
0.286906 27
0.286771 27
0.286648 27
0.286528 27
0.286399 27
0.286163 27
0.28603 27
0.285767 27
0.285503 27
0.285373 27
0.285238 27
0.285109 27
0.28498 27
0.284845 27
0.284609 27
0.28448 27
0.284364 27
0.284237 27
0.284119 27
0.283739 27
0.283491 27
0.283126 27
0.282754 27
0.282646 27
0.282516 27
0.282378 27
0.282113 27
0.282008 27
0.281888 27
0.281758 27
0.281506 27
0.281248 27
0.281116 27
0.28088 27
0.280747 27
0.280621 27
0.280486 27
0.28039 26
0.278693 26
0.278586 26
0.278457 26
0.27833 26
0.278209 26
0.278084 26
0.277968 26
0.277838 26
0.277584 26
0.277222 26
0.2771 26
0.276744 26
0.276518 26
0.276288 26
0.275936 26
0.275807 26
0.275681 26
0.27555 26
0.27542 26
0.275288 26
0.274441 26
0.274313 26
0.274188 26
0.273808 26
0.273676 26
0.273544 26
0.273419 26
0.273289 26
0.27317 26
0.273065 26
0.272857 25
0.272746 25
0.272488 25
0.272368 25
0.272241 25
0.272122 25
0.271993 25
0.271865 25
0.271539 25
0.271163 25
0.270917 25
0.270324 25
0.270189 25
0.269925 25
0.269801 25
0.269437 25
0.269158 25
0.269042 25
0.268924 25
0.268798 25
0.268662 25
0.268447 24
0.268312 24
0.268197 24
0.268086 24
0.267852 24
0.267474 24
0.267343 24
0.267222 24
0.267106 24
0.266853 24
0.266718 24
0.266591 24
0.266361 24
0.266122 24
0.265753 24
0.265637 24
0.265521 24
0.265411 24
0.265177 24
0.265064 24
0.264926 24
0.264806 24
0.264672 24
0.264563 24
0.264445 24
0.2643 24
0.262873 24
0.262749 24
0.262422 23
0.262316 23
0.262071 23
0.261946 23
0.261703 23
0.261593 23
0.261475 23
0.261233 23
0.260979 23
0.260201 23
0.260095 23
0.259953 23
0.259821 23
0.259458 23
0.259348 23
0.259208 23
0.259072 23
0.258823 23
0.2587 23
0.258477 23
0.258355 23
0.258226 23
0.258002 23
0.256045 23
0.255924 23
0.255792 23
0.255404 23
0.255268 23
0.255142 23
0.254884 23
0.254634 23
0.254508 23
0.253811 23
0.253689 23
0.251577 23
0.251432 23
0.251307 23
0.251047 23
0.250955 22
0.250845 22
0.250708 22
0.250479 22
0.250378 22
0.25013 22
0.249652 22
0.249539 22
0.248238 22
0.248117 22
0.247996 22
0.247871 22
0.247634 22
0.247515 22
0.247383 22
0.246784 22
0.246671 22
0.246539 22
0.246406 22
0.245339 22
0.244139 22
0.244033 22
0.243888 22
0.24377 22
0.239827 22
0.239695 22
0.239561 22
0.238392 21
0.238259 21
0.236736 20
0.23627 20
0.236122 20
0.235988 20
0.235523 20
0.235424 20
0.235316 20
0.235178 20
0.234682 20
0.234568 20
0.233347 20
0.232027 20
0.231891 20
0.23179 20
0.231431 20
0.230475 20
0.230356 20
0.230235 20
0.230118 20
0.229987 20
0.229871 20
0.229267 20
0.229142 20
0.226774 20
0.226664 20
0.226534 20
0.226402 20
0.22626 20
0.226141 20
0.226011 20
0.225878 20
0.225763 20
0.225654 20
0.225544 20
0.225303 20
0.225171 20
0.203084 20
0.202972 20
0.202854 20
0.202726 20
0.202613 20
0.202511 20
0.202402 20
0.202281 20
0.20215 20
0.20203 20
0.201906 20
0.201906 19
0.201782 19
0.201666 19
0.201549 19
0.201334 19
0.201216 19
0.201071 19
0.200946 19
0.200829 19
0.200688 19
0.200558 19
0.200424 19
0.200309 19
0.200172 19
0.200048 19
0.199937 19
0.199813 19
0.199672 19
0.199552 19
0.199417 19
0.199306 19
0.199179 19
0.199081 19
0.198994 18
0.198879 18
0.198777 18
0.198676 18
0.19856 18
0.19845 18
0.196995 18
0.196863 18
0.196743 18
0.196624 18
0.196504 18
0.196387 18
0.196251 18
0.196128 18
0.196009 18
0.195894 18
0.195796 18
0.195675 18
0.195569 18
0.195455 18
0.195341 18
0.19485 18
0.194707 18
0.194596 18
0.194087 18
0.193968 18
0.193824 18
0.193696 18
0.193565 18
0.19344 18
0.193338 18
0.193199 18
0.193081 18
0.192958 18
0.192841 18
0.192717 18
0.192595 18
0.192462 18
0.191991 18
0.191768 18
0.19152 18
0.191388 18
0.191264 18
0.190525 17
0.190064 17
0.189929 17
0.189818 17
0.1897 17
0.18958 17
0.189456 17
0.189318 17
0.189203 17
0.189075 17
0.188945 17
0.188826 17
0.188688 17
0.188566 17
0.188218 17
0.187974 17
0.187869 17
0.187739 17
0.187609 17
0.187219 17
0.187076 17
0.186962 17
0.186836 17
0.18662 16
0.186507 16
0.18639 16
0.186255 16
0.186127 16
0.185997 16
0.185872 16
0.185734 16
0.18548 16
0.185288 15
0.185197 14
0.185067 14
0.184938 14
0.184836 14
0.184719 14
0.184092 14
0.183864 14
0.183729 14
0.183492 14
0.183372 14
0.183259 14
0.183134 14
0.183009 14
0.182865 14
0.182749 14
0.182629 14
0.182519 14
0.182398 14
0.182156 14
0.182033 14
0.181918 14
0.181668 14
0.181545 14
0.181158 14
0.181028 14
0.180912 14
0.180784 14
0.180667 14
0.180535 14
0.180416 14
0.180297 14
0.180164 14
0.18005 14
0.179828 14
0.179704 14
0.179577 14
0.178075 14
0.177834 14
0.177715 14
0.177595 14
0.177483 14
0.17723 14
0.177094 14
0.17684 14
0.176729 14
0.176603 14
0.176479 14
0.175659 14
0.175391 14
0.175268 14
0.175145 14
0.175019 14
0.174907 14
0.174772 14
0.174667 14
0.17442 14
0.174306 14
0.174055 14
0.173933 14
0.173804 14
0.173671 14
0.17356 14
0.173447 14
0.173308 14
0.172926 14
0.17281 14
0.172686 14
0.172551 14
0.17242 14
0.172304 14
0.172063 14
0.171941 14
0.171827 14
0.171709 14
0.171579 14
0.171448 14
0.171345 14
0.171229 14
0.16979 14
0.169414 14
0.169277 14
0.169148 14
0.169027 14
0.168904 14
0.168762 14
0.168623 14
0.168493 14
0.168364 14
0.168132 14
0.168 14
0.167893 14
0.167526 14
0.167408 14
0.167294 14
0.166665 14
0.166532 14
0.166415 14
0.166304 14
0.166173 14
0.166029 14
0.165231 14
0.16501 14
0.164898 14
0.164767 14
0.164666 14
0.16454 14
0.16442 14
0.164284 14
0.164148 14
0.163887 14
0.162814 14
0.1627 14
0.162571 14
0.16245 14
0.161472 14
0.161352 14
0.160955 14
0.160829 14
0.160703 14
0.159138 14
0.159027 14
0.158783 14
0.158533 14
0.15841 14
0.157798 14
0.157666 14
0.157536 14
0.157423 14
0.157184 14
0.157069 14
0.156943 14
0.156692 14
0.156444 14
0.155956 14
0.155833 14
0.154241 14
0.154126 14
0.154008 14
0.153268 14
0.153161 14
0.153046 14
0.152672 14
0.152561 14
0.152442 14
0.152338 14
0.152242 14
0.1521 14
0.15197 14
0.151847 14
0.151742 14
0.151603 14
0.151461 14
0.138829 13
0.138704 13
0.138575 13
0.138458 13
0.138344 13
0.138042 13
0.137926 13
0.137796 13
0.137668 13
0.137557 13
0.137421 13
0.137298 13
0.137062 13
0.136794 13
0.136665 13
0.136536 13
0.136422 13
0.136307 13
0.136197 13
0.136079 13
0.135824 13
0.135592 13
0.135472 13
0.135347 13
0.135217 13
0.135093 13
0.134978 13
0.134855 13
0.134605 13
0.134485 13
0.134366 13
0.13425 13
0.134142 13
0.134 13
0.133752 13
0.13363 13
0.133516 13
0.133377 13
0.133273 13
0.133153 13
0.133038 13
0.132772 13
0.132519 13
0.132399 13
0.132279 13
0.131746 13
0.131601 13
0.13147 13
0.13134 13
0.131208 13
0.131091 13
0.130977 13
0.130854 13
0.130273 13
0.130156 13
0.130022 13
0.129889 13
0.129781 13
0.129663 13
0.129548 13
0.129431 13
0.129225 13
0.129108 13
0.128846 13
0.128721 13
0.128597 13
0.12846 13
0.128338 13
0.128193 13
0.128065 13
0.127831 13
0.127708 13
0.127093 13
0.126762 13
0.126632 13
0.126369 13
0.126244 13
0.126107 13
0.125971 13
0.125852 13
0.125616 13
0.125231 13
0.125124 13
0.124766 13
0.124647 13
0.124503 13
0.124357 13
0.124245 13
0.124112 13
0.12398 13
0.12387 13
0.123751 13
0.123636 13
0.123544 12
0.123411 12
0.1233 12
0.123179 12
0.123079 12
0.122714 12
0.122593 12
0.122481 12
0.117485 11
0.11735 11
0.11723 11
0.117101 11
0.116973 11
0.11685 11
0.116597 11
0.116461 11
0.116339 11
0.11621 11
0.116077 11
0.11595 11
0.115839 11
0.115717 11
0.115581 11
0.115453 11
0.115326 11
0.115188 11
0.115063 11
0.114929 11
0.114803 11
0.114677 11
0.114535 11
0.113817 11
0.113688 11
0.113572 11
0.113442 11
0.113315 11
0.113198 11
0.113084 11
0.112966 11
0.112838 11
0.112718 11
0.112579 11
0.112449 11
0.112323 11
0.112186 11
0.11205 11
0.111938 11
0.111834 11
0.111714 11
0.11158 11
0.111465 11
0.111329 11
0.111229 11
0.111101 11
0.110984 11
0.11084 11
0.110731 11
0.110603 11
0.110476 11
0.110374 11
0.110265 11
0.110135 11
0.110016 11
0.109891 11
0.109777 11
0.109559 11
0.109191 11
0.109066 11
0.108943 11
0.108816 11
0.108301 11
0.108187 11
0.108077 11
0.107939 11
0.107708 11
0.107559 11
0.107421 11
0.107287 11
0.10716 11
0.106904 11
0.10677 11
0.106538 11
0.106414 11
0.106283 11
0.106173 11
0.105893 11
0.105769 11
0.105631 11
0.105492 11
0.10536 11
0.105239 11
0.105103 11
0.104846 11
0.104712 11
0.104455 11
0.104329 11
0.104209 11
0.104095 11
0.103842 11
0.10361 11
0.103486 11
0.103363 11
0.103104 11
0.102983 11
0.102863 11
0.102732 11
0.102613 11
0.102482 11
0.102353 11
0.102237 11
0.102128 11
0.102008 11
0.101894 11
0.101778 11
0.101655 11
0.101517 11
0.101393 11
0.101257 11
0.10112 11
0.100992 11
0.100864 11
0.100751 11
0.0977657 9
0.0976248 9
0.0974921 9
0.0972278 9
0.0970996 9
0.0969766 9
0.0968741 9
0.0967453 9
0.0966175 9
0.0964933 9
0.0963864 9
0.0962761 9
0.0961445 9
0.0960375 9
0.0957745 9
0.0956484 9
0.0955407 9
0.0954218 9
0.0952953 9
0.0951743 9
0.0950502 9
0.0949208 9
0.094799 9
0.0946718 9
0.0940059 9
0.093384 9
0.0932525 9
0.0931252 9
0.0930063 9
0.092898 9
0.0927615 9
0.0926658 8
0.0925338 8
0.0924092 8
0.0922931 8
0.092162 8
0.0920371 8
0.0919131 8
0.0917849 8
0.091656 8
0.0915241 8
0.091421 8
0.0912902 8
0.0911718 8
0.0910531 8
0.0909315 8
0.0908031 8
0.0906835 8
0.0905657 8
0.0904612 8
0.0901933 8
0.0900636 8
0.0898179 8
0.0896761 8
0.0895636 8
0.0894407 8
0.089321 8
0.0890837 8
0.0889593 8
0.0888261 8
0.0885542 8
0.0884229 8
0.088312 8
0.0881879 8
0.0879042 8
0.0877703 8
0.087663 8
0.0875458 8
0.0874138 8
0.0871712 8
0.0867702 8
0.0866384 8
0.086171 8
0.0860288 8
0.0859135 8
0.0857879 8
0.0856838 8
0.0854263 8
0.0852958 8
0.0850298 8
0.0848843 8
0.0847687 8
0.0845212 8
0.0844021 8
0.0843119 7
0.0841808 7
0.0840525 7
0.0838233 7
0.0836932 7
0.0835458 7
0.083413 7
0.0833108 7
0.083195 7
0.0830606 7
0.0829355 7
0.0828492 6
0.0827373 6
0.0825967 6
0.0824547 6
0.082327 6
0.0821878 6
0.0820677 6
0.0819418 6
0.0788423 6
0.0787093 6
0.0785914 6
0.0784533 6
0.0783357 6
0.0781845 6
0.0780441 6
0.0779199 6
0.0776766 6
0.0775451 6
0.0774234 6
0.0749676 6
0.0748671 6
0.0747454 6
0.0746281 6
0.0745256 6
0.0744101 6
0.0741453 6
0.0740421 6
0.0739211 6
0.0738121 6
0.0736878 6
0.073559 6
0.073438 6
0.0733328 6
0.0732003 6
0.0730865 6
0.072857 6
0.072733 6
0.0726059 6
0.0723644 6
0.0722405 6
0.0721179 6
0.0720082 6
0.0718763 6
0.0717692 6
0.0716498 6
0.0715209 6
0.0714082 6
0.0712837 6
0.0711674 6
0.0710515 6
0.0709339 6
0.0707843 6
0.0706545 6
0.070537 6
0.0704223 6
0.0702936 6
0.0701613 6
0.0696663 6
0.0695397 6
0.069409 6
0.0692784 6
0.0691682 6
0.0690283 6
0.068901 6
0.0687786 6
0.068535 6
0.0684376 6
0.0683446 5
0.0682152 5
0.0681029 5
0.0679894 5
0.067717 5
0.0675836 5
0.0674608 5
0.0673518 5
0.0672373 5
0.0669743 5
0.0668444 5
0.066729 5
0.0666061 5
0.066495 5
0.0663835 5
0.0662701 5
0.0661362 5
0.0657919 5
0.0656581 5
0.0653824 5
0.0652489 5
0.064743 5
0.0646267 5
0.0645012 5
0.0643788 5
0.0642662 5
0.0641385 5
0.0640233 5
0.0638893 5
0.0637638 5
0.063633 5
0.063404 5
0.0632681 5
0.0631469 5
0.0629943 5
0.062637 5
0.0625143 5
0.0623751 5
0.0622538 5
0.0621296 5
0.0620011 5
0.0618578 5
0.061733 5
0.0616025 5
0.0614728 5
0.0613349 5
0.0611989 5
0.0610776 5
0.0604927 5
0.0603904 5
0.0602453 5
0.0573956 5
0.0572458 5
0.0571112 5
0.05698 5
0.0568691 5
0.0567499 5
0.0566325 5
0.0565048 5
0.0563821 5
0.0562473 5
0.056124 5
0.0559954 5
0.055618 5
0.0554811 5
0.0553552 5
0.0552276 5
0.0551132 5
0.054991 5
0.0548581 5
0.0547528 5
0.0546494 5
0.0544015 5
0.0542784 5
0.054151 5
0.0540021 5
0.0538723 5
0.0536294 5
0.0534031 5
0.053284 5
0.0531391 5
0.0530216 5
0.052887 5
0.0527611 5
0.0526134 5
0.0524909 5
0.0511431 5
0.0509059 5
0.050766 5
0.0505176 5
0.0504005 5
0.0497773 5
0.0496332 5
0.0495144 5
0.0490977 5
0.0489757 5
0.0487156 5
0.0484707 5
0.0483407 5
0.0482106 5
0.0480663 5
0.0478307 5
0.0476977 5
0.0474239 5
0.0473165 5
0.0471987 5
0.0470706 5
0.0455573 5
0.0454296 5
0.0453094 5
0.0451784 5
0.0450482 5
0.0449223 5
0.0447783 5
0.0446506 5
0.0445204 5
0.0433079 5
0.0431813 5
0.043046 5
0.042935 5
0.0427864 5
0.0426883 5
0.0425606 5
0.0424468 5
0.0423321 5
0.0414846 5
0.0413491 5
0.0412397 5
0.0411221 5
0.0409911 5
0.0408838 5
0.0389177 4
0.0387906 4
0.0386586 4
0.0385423 4
0.038425 4
0.0382998 4
0.0381741 4
0.0379114 4
0.0377856 4
0.0375127 4
0.0371156 4
0.0369723 4
0.0368405 4
0.0367184 4
0.0365831 4
0.036452 4
0.0363287 4
0.0362072 4
0.0358495 4
0.0357195 4
0.0355803 4
0.0354633 4
0.0340641 4
0.0339518 4
0.0338307 4
0.0335858 4
0.0334645 4
0.0333285 4
0.0330931 4
0.0329762 4
0.0327171 4
0.032608 4
0.0324768 4
0.0317158 4
0.0315877 4
0.0313383 4
0.0312215 4
0.030875 4
0.0307626 4
0.030646 4
0.030521 4
0.0297835 4
0.029653 4
0.0295311 4
0.0290337 4
0.0287761 4
0.0276774 4
0.0274431 4
0.0271948 4
0.0270835 4
0.0269518 4
0.0268323 4
0.0248275 4
0.0244435 4
0.0239383 4
0.0238228 4
0.0236927 4
0.0235743 4
0.0234352 4
0.0233181 4
0.0231932 4
0.0221947 4
0.0219443 4
0.0211755 4
0.0210421 4
0.0207788 4
0.0199205 4
0.0198117 4
0.00514889 4
0.00502018 4
0.00489649 4
0.00477288 4
0.00463811 4
0.00450252 4
0.00437734 4
0.00424703 4
0.00355799 4
0.00342813 4
0.0033009 4
0.00316665 4
0.00306294 4
0.00293641 4
0.00280259 4
0.00241979 4
0.00229462 4
0.00216935 4
0.00192494 4
0.00181107 4
0.00167503 4
0.00156867 4
0.00144903 4
0.00135298 3
0.00123157 3
0.00110207 3
0.00097748 3
0.000857531 3
0.000721723 3
0.000613338 3
0.000484665 3
0.00036619 3
0.000283945 2
0.000160008 2
0 0