0.858055 2807 1
0.837556 359 2
0.82924 131 3
0.818024 70 4
0.807968 36 5
0.797331 25 6
0.787662 15 7
0.779733 14 8
0.773158 7 9
0.766583 6 10
0.757494 5 11
0.750145 5 12
0.74357 5 13
0.736028 3 14
0.727712 2 15
0.720364 2 16
0.714175 2 17
0.710114 1 18
0.703732 1 19
0.695223 1 20
0.687295 1 21
0.682073 0 22
0.676078 0 23
0.67163 0 24
0.665055 0 25
0.658093 0 26
0.649971 0 27
0.642429 0 28
0.632373 0 29
0.625798 0 30
0.617095 0 31
0.611874 0 32
0.606266 0 33
0.599884 0 34
0.595049 0 35
0.589248 0 36
0.582286 0 37
0.575324 0 38
0.568169 0 39
0.562174 0 40
0.556565 0 41
0.551537 0 42
0.545929 0 43
0.539547 0 44
0.534713 0 45
0.528138 0 46
0.521176 0 47
0.514601 0 48
0.508219 0 49
0.502224 0 50
0.496616 0 51
0.48888 0 52
0.484239 0 53
0.476504 0 54
0.470122 0 55
0.464514 0 56
0.458905 0 57
0.453297 0 58
0.446529 0 59
0.441694 0 60
0.434732 0 61
0.42777 0 62
0.420615 0 63
0.414233 0 64
0.407851 0 65
0.40147 0 66
0.396055 0 67
0.389867 0 68
0.383678 0 69
0.37923 0 70
0.373235 0 71
0.368401 0 72
0.364146 0 73
0.358925 0 74
0.354477 0 75
0.348675 0 76
0.343647 0 77
0.339586 0 78
0.334945 0 79
0.329337 0 80
0.324115 0 81
0.319087 0 82
0.313286 0 83
0.308838 0 84
0.305744 0 85
0.301296 0 86
0.296848 0 87
0.292207 0 88
0.288532 0 89
0.284278 0 90
0.278863 0 91
0.274028 0 92
0.269 0 93
0.264166 0 94
0.258944 0 95
0.253336 0 96
0.249275 0 97
0.246181 0 98
0.243667 0 99
0.240959 0 100
0.237672 0 101
0.232257 0 102
0.228389 0 103
0.223941 0 104
0.221621 0 105
0.218913 0 106
0.214852 0 107
0.210404 0 108
0.205763 0 109
0.201702 0 110
0.198608 0 111
0.193966 0 112
0.188358 0 113
0.184877 0 114
0.181009 0 115
0.177722 0 116
0.174241 0 117
0.171147 0 118
0.166312 0 119
0.15993 0 120
0.157416 0 121
0.154322 0 122
0.151421 0 123
0.149294 0 124
0.1462 0 125
0.144459 0 126
0.141365 0 127
0.138078 0 128
0.136337 0 129
0.134403 0 130
0.131309 0 131
0.128795 0 132
0.126668 0 133
0.124927 0 134
0.1228 0 135
0.119513 0 136
0.114678 0 137
0.111197 0 138
0.108103 0 139
0.105782 0 140
0.102108 0 141
0.0995939 0 142
0.0982402 0 143
0.0963063 0 144
0.0943725 0 145
0.0920518 0 146
0.0889576 0 147
0.086637 0 148
0.0848965 0 149
0.0825759 0 150
0.0802553 0 151
0.078128 0 152
0.0752272 0 153
0.0734868 0 154
0.0731 0 155
0.0715529 0 156
0.0700058 0 157
0.0674918 0 158
0.0657513 0 159
0.0655579 0 160
0.0640108 0 161
0.0630439 0 162
0.0613034 0 163
0.0591762 0 164
0.0576291 0 165
0.0568555 0 166
0.0562754 0 167
0.0551151 0 168
0.0539547 0 169
0.0522143 0 170
0.0506672 0 171
0.0489267 0 172
0.0471862 0 173
0.0454458 0 174
0.0442854 0 175
0.0427383 0 176
0.0417714 0 177
0.0411913 0 178
0.0406111 0 179
0.0388706 0 180
0.0379037 0 181
0.0359698 0 182
0.0344227 0 183
0.033069 0 184
0.0319087 0 185
0.0313286 0 186
0.0309418 0 187
0.0303616 0 188
0.0299749 0 189
0.0292013 0 190
0.0282344 0 191
0.0268807 0 192
0.0259137 0 193
0.0251402 0 194
0.0241733 0 195
0.0228196 0 196
0.0226262 0 197
0.0214659 0 198
0.0208857 0 199
0.0206923 0 200
0.0201122 0 201
0.0185651 0 202
0.0179849 0 203
0.0175981 0 204
0.0172114 0 205
0.0160511 0 206
0.0156643 0 207
0.0148907 0 208
0.014504 0 209
0.0139238 0 210
0.0131503 0 211
0.0129569 0 212
0.0125701 0 213
0.0121833 0 214
0.0116032 0 215
0.011023 0 216
0.0108296 0 217
0.0104429 0 218
0.0098627 0 219
0.00947592 0 220
0.00908915 0 222
0.00889576 0 223
0.00831561 0 224
0.00792883 0 225
0.00773545 0 226
0.00754206 0 227
0.00734868 0 229
0.00715529 0 231
0.00676852 0 232
0.00638174 0 233
0.00580159 0 234
0.00541481 0 235
0.00502804 0 236
0.00483465 0 238
0.00464127 0 240
0.0042545 0 241
0.00386772 0 242
0.00328757 0 245
0.00309418 0 246
0.00290079 0 250
0.00270741 0 251
0.00251402 0 252
0.00212725 0 254
0.00174048 0 255
0.0013537 0 257
0.00116032 0 258
0.000966931 0 267
0.000773545 0 287
0.000580159 0 298
0.000386772 0 301
0.000193386 0 329
0 0 1.79769e+308
