0.528478 2467
0.528478 2466
0.528478 2465
0.528478 2464
0.528478 2463
0.528478 2462
0.528476 2461
0.528476 2460
0.528476 2458
0.528371 2458
0.528371 2457
0.528371 2456
0.528371 2455
0.528371 2454
0.528371 2453
0.528371 2452
0.528371 2451
0.528371 2450
0.528371 2449
0.528371 2448
0.528371 2447
0.528371 2446
0.528371 2445
0.528371 2444
0.528371 2443
0.528371 2442
0.528371 2441
0.528371 2440
0.528371 2439
0.528371 2438
0.528371 2437
0.528371 2436
0.528371 2435
0.528371 2434
0.528371 2433
0.528371 2432
0.528369 2431
0.528369 2430
0.528369 2429
0.528369 2428
0.528367 2427
0.528367 2426
0.528367 2425
0.528367 2424
0.528367 2423
0.528362 2422
0.528362 2421
0.528362 2420
0.528362 2419
0.528362 2418
0.528362 2417
0.528362 2416
0.528362 2415
0.528362 2414
0.528362 2413
0.528362 2412
0.528362 2411
0.528362 2410
0.528311 2409
0.528311 2408
0.528311 2407
0.528311 2406
0.528311 2405
0.528311 2404
0.52828 2403
0.52828 2402
0.52828 2401
0.52828 2400
0.52828 2399
0.52822 2398
0.52822 2397
0.52822 2396
0.52822 2395
0.52822 2394
0.52822 2393
0.52822 2392
0.52822 2391
0.528117 2391
0.528117 2390
0.528117 2389
0.528117 2388
0.527964 2388
0.527964 2387
0.527964 2386
0.527964 2385
0.527964 2384
0.527964 2383
0.527964 2382
0.527964 2381
0.527964 2380
0.527964 2379
0.527964 2378
0.527964 2377
0.527964 2376
0.527964 2375
0.527964 2374
0.527964 2373
0.527964 2372
0.527964 2371
0.527964 2370
0.527964 2369
0.527964 2368
0.527964 2367
0.527964 2366
0.527964 2365
0.527964 2364
0.527964 2363
0.527964 2362
0.527949 2361
0.527949 2360
0.527949 2359
0.527949 2357
0.527949 2356
0.527908 2355
0.527908 2354
0.527908 2353
0.527908 2352
0.527908 2351
0.527908 2350
0.527908 2349
0.527908 2348
0.527908 2347
0.527908 2346
0.527908 2345
0.527908 2344
0.527908 2343
0.527867 2342
0.527867 2341
0.527867 2340
0.527867 2339
0.527867 2338
0.527867 2337
0.527867 2336
0.527867 2335
0.527867 2334
0.527867 2333
0.527867 2332
0.527867 2331
0.527867 2330
0.527867 2329
0.527867 2328
0.527867 2327
0.527747 2327
0.527747 2326
0.527747 2325
0.527747 2324
0.527747 2323
0.527747 2322
0.527747 2321
0.527628 2321
0.527628 2320
0.527525 2320
0.527525 2319
0.527525 2318
0.527525 2317
0.527525 2316
0.527525 2315
0.527525 2314
0.527525 2313
0.527525 2312
0.527525 2311
0.527525 2310
0.527525 2309
0.527525 2308
0.527525 2307
0.527522 2306
0.527522 2305
0.527522 2304
0.527522 2302
0.527522 2301
0.527521 2300
0.527521 2299
0.527521 2298
0.527521 2297
0.527521 2296
0.527521 2295
0.527521 2294
0.527521 2293
0.527395 2293
0.527395 2292
0.527395 2291
0.527395 2290
0.527316 2289
0.527316 2288
0.527316 2287
0.527316 2286
0.527316 2285
0.527316 2284
0.527316 2283
0.527316 2282
0.527316 2281
0.527316 2280
0.527316 2279
0.527316 2278
0.527316 2277
0.527316 2276
0.527316 2275
0.527316 2274
0.527316 2273
0.527316 2272
0.527316 2271
0.527316 2270
0.527316 2269
0.527316 2268
0.527316 2267
0.527316 2266
0.527316 2265
0.527316 2264
0.527316 2263
0.527316 2261
0.527316 2260
0.527316 2259
0.527233 2258
0.527169 2257
0.527169 2255
0.527169 2254
0.527169 2253
0.527169 2252
0.527169 2251
0.527169 2250
0.527169 2249
0.527169 2248
0.527169 2247
0.527169 2246
0.527169 2245
0.527169 2244
0.527169 2243
0.527169 2242
0.527169 2241
0.527169 2240
0.527169 2239
0.527169 2238
0.527169 2237
0.527169 2236
0.527169 2235
0.527169 2234
0.527169 2233
0.527169 2232
0.527169 2231
0.527169 2230
0.527169 2229
0.527169 2228
0.527039 2228
0.527039 2227
0.527039 2226
0.527039 2225
0.527039 2224
0.527039 2223
0.527039 2222
0.527039 2221
0.527038 2220
0.526838 2220
0.526838 2219
0.526838 2218
0.526838 2217
0.526838 2216
0.526838 2215
0.526838 2214
0.526838 2213
0.526838 2212
0.526838 2211
0.526838 2210
0.526838 2209
0.526838 2208
0.526838 2207
0.526838 2206
0.526838 2205
0.526838 2204
0.526838 2203
0.526838 2202
0.526838 2201
0.526838 2200
0.526838 2199
0.526838 2198
0.526838 2197
0.526838 2196
0.526838 2195
0.526838 2194
0.526838 2193
0.526838 2192
0.526838 2191
0.526838 2190
0.526838 2189
0.526838 2188
0.526838 2187
0.526838 2186
0.526838 2185
0.526838 2184
0.526838 2183
0.526838 2182
0.526838 2181
0.526838 2180
0.526838 2179
0.526838 2178
0.526838 2177
0.526838 2175
0.526838 2174
0.526838 2173
0.526838 2172
0.526838 2171
0.526838 2170
0.526838 2169
0.526757 2168
0.526757 2167
0.526757 2166
0.526757 2165
0.526757 2164
0.526649 2164
0.526649 2163
0.526649 2162
0.526585 2161
0.526585 2160
0.526585 2159
0.526585 2157
0.526585 2156
0.526585 2155
0.526585 2154
0.526585 2153
0.526585 2152
0.526585 2151
0.526585 2150
0.526585 2149
0.526585 2148
0.526585 2147
0.526585 2146
0.526585 2145
0.526585 2144
0.526585 2143
0.526585 2142
0.526585 2141
0.526585 2140
0.526585 2139
0.526585 2138
0.526585 2137
0.526585 2136
0.526585 2135
0.526585 2134
0.526585 2133
0.526585 2132
0.526585 2131
0.526585 2130
0.526585 2129
0.526445 2129
0.526445 2128
0.526445 2127
0.526445 2126
0.526445 2125
0.526445 2124
0.526445 2123
0.526445 2122
0.526445 2121
0.526445 2120
0.526445 2119
0.526445 2118
0.526445 2117
0.526445 2116
0.526445 2114
0.526445 2112
0.526445 2111
0.526445 2110
0.526317 2110
0.526317 2109
0.526317 2108
0.526317 2107
0.526317 2106
0.526317 2105
0.526317 2104
0.526317 2103
0.526317 2102
0.526317 2101
0.526317 2100
0.526317 2099
0.526317 2098
0.526317 2097
0.526317 2096
0.526317 2095
0.526317 2094
0.52621 2094
0.52621 2093
0.52621 2091
0.52621 2090
0.52621 2089
0.52621 2088
0.52621 2087
0.52621 2086
0.52621 2085
0.52621 2084
0.52621 2083
0.52621 2082
0.52621 2081
0.52621 2080
0.52621 2079
0.52621 2078
0.52621 2077
0.52621 2076
0.52621 2075
0.52621 2074
0.52621 2073
0.52621 2072
0.52621 2071
0.52621 2070
0.52621 2069
0.52621 2068
0.52621 2067
0.52621 2066
0.52621 2065
0.52621 2064
0.52621 2063
0.52621 2062
0.52621 2061
0.52621 2060
0.52621 2059
0.52621 2058
0.52621 2057
0.52621 2056
0.52621 2055
0.526118 2054
0.526118 2053
0.526118 2052
0.526118 2051
0.526118 2050
0.526118 2049
0.526118 2048
0.526118 2047
0.526118 2046
0.526118 2045
0.526118 2044
0.526118 2043
0.526118 2042
0.526029 2041
0.526029 2040
0.526029 2039
0.526029 2038
0.526029 2037
0.526029 2036
0.526029 2035
0.526029 2034
0.526029 2033
0.526029 2032
0.525942 2031
0.525942 2030
0.525942 2029
0.525942 2028
0.525942 2027
0.525942 2026
0.525942 2025
0.525942 2024
0.525942 2023
0.525942 2022
0.525942 2021
0.525942 2020
0.525942 2019
0.525942 2018
0.525942 2017
0.525942 2016
0.525942 2015
0.525942 2014
0.525942 2013
0.525942 2012
0.525942 2010
0.525913 2009
0.525913 2008
0.525909 2007
0.525909 2006
0.525909 2005
0.525909 2004
0.525909 2003
0.525909 2002
0.525909 2001
0.525909 2000
0.525909 1999
0.525909 1998
0.525909 1997
0.525909 1996
0.525909 1995
0.525909 1994
0.525909 1993
0.525909 1992
0.525909 1991
0.525908 1990
0.525908 1989
0.525908 1988
0.525908 1987
0.525908 1986
0.525908 1985
0.525908 1983
0.525908 1982
0.525908 1981
0.525908 1980
0.525908 1979
0.525816 1978
0.525816 1977
0.525816 1976
0.525816 1975
0.525816 1974
0.525816 1973
0.525816 1972
0.525716 1972
0.525712 1971
0.525697 1970
0.525697 1969
0.525697 1968
0.525697 1967
0.525697 1966
0.525697 1965
0.525697 1964
0.525697 1963
0.525697 1962
0.525697 1961
0.525697 1960
0.525697 1959
0.525697 1958
0.525697 1956
0.525678 1955
0.525653 1954
0.525653 1953
0.525653 1952
0.525653 1951
0.525653 1950
0.525653 1949
0.525653 1948
0.525557 1947
0.525557 1946
0.525557 1945
0.525557 1944
0.525557 1943
0.525557 1942
0.525557 1941
0.525557 1940
0.525557 1939
0.525557 1938
0.525557 1937
0.525557 1936
0.525557 1935
0.525557 1934
0.525557 1933
0.525557 1932
0.525557 1931
0.525557 1930
0.525557 1929
0.525446 1929
0.525442 1928
0.525442 1927
0.525442 1926
0.525442 1925
0.525442 1924
0.525442 1923
0.525425 1922
0.525425 1921
0.525425 1920
0.525425 1919
0.525425 1918
0.525425 1917
0.525425 1916
0.525313 1916
0.525313 1915
0.525313 1914
0.525313 1913
0.525313 1912
0.525313 1911
0.525312 1910
0.525312 1909
0.525312 1908
0.525312 1907
0.525312 1906
0.525312 1905
0.525312 1903
0.525194 1903
0.525194 1902
0.525194 1901
0.525194 1900
0.525194 1899
0.525194 1898
0.525194 1897
0.525199 1896
0.525199 1895
0.525199 1894
0.525199 1893
0.525199 1891
0.525199 1890
0.525199 1889
0.525199 1888
0.525199 1887
0.525199 1886
0.525199 1885
0.525199 1884
0.525199 1883
0.525199 1882
0.525199 1881
0.525199 1880
0.525199 1879
0.525199 1878
0.525199 1877
0.5251 1877
0.5251 1876
0.5251 1875
0.5251 1874
0.5251 1873
0.5251 1872
0.5251 1871
0.5251 1870
0.5251 1869
0.5251 1868
0.5251 1866
0.5251 1865
0.5251 1864
0.5251 1863
0.5251 1862
0.5251 1861
0.5251 1860
0.5251 1859
0.5251 1858
0.5251 1857
0.5251 1856
0.5251 1855
0.5251 1853
0.52506 1852
0.52506 1851
0.525018 1850
0.525018 1849
0.525018 1848
0.525018 1847
0.525018 1846
0.525018 1845
0.525018 1844
0.525018 1843
0.525018 1842
0.525018 1841
0.525018 1840
0.525018 1839
0.525018 1838
0.525018 1837
0.525018 1836
0.525018 1835
0.525018 1834
0.525018 1833
0.525018 1832
0.525018 1831
0.525018 1830
0.525018 1829
0.525018 1828
0.525018 1827
0.525018 1826
0.525018 1825
0.525018 1824
0.525018 1823
0.525018 1822
0.525018 1821
0.525018 1820
0.525018 1819
0.525018 1818
0.525018 1817
0.52491 1817
0.52491 1816
0.52491 1815
0.52491 1814
0.52491 1813
0.52491 1812
0.52491 1811
0.52491 1810
0.52491 1809
0.52491 1807
0.52491 1806
0.52491 1805
0.52491 1804
0.52491 1803
0.52491 1802
0.52491 1801
0.52491 1800
0.52491 1799
0.52491 1798
0.52491 1797
0.52491 1796
0.52491 1794
0.52491 1793
0.524879 1792
0.524879 1791
0.524879 1790
0.524879 1789
0.524879 1788
0.524879 1787
0.524879 1786
0.524879 1785
0.524821 1784
0.524821 1782
0.524821 1781
0.524821 1780
0.524821 1779
0.524821 1777
0.524821 1776
0.524821 1775
0.524821 1774
0.524821 1773
0.524821 1772
0.524821 1771
0.524821 1770
0.524758 1769
0.524758 1768
0.524758 1767
0.524758 1766
0.524758 1765
0.524758 1764
0.524758 1763
0.524663 1762
0.524663 1761
0.524663 1760
0.524663 1759
0.524663 1758
0.524663 1757
0.524663 1756
0.524663 1755
0.524663 1754
0.524663 1753
0.524663 1752
0.524663 1751
0.524663 1750
0.524663 1749
0.524663 1748
0.524663 1747
0.524537 1746
0.524537 1745
0.524537 1744
0.524537 1743
0.524537 1742
0.524537 1741
0.524537 1740
0.524455 1739
0.524455 1738
0.524455 1737
0.524455 1736
0.524455 1735
0.524455 1734
0.524455 1733
0.524455 1732
0.524455 1731
0.524455 1730
0.524455 1729
0.524455 1728
0.524455 1727
0.524432 1726
0.524432 1725
0.524432 1724
0.524432 1723
0.524296 1723
0.524296 1722
0.524296 1721
0.524296 1720
0.524296 1719
0.524296 1718
0.524296 1717
0.524296 1716
0.524296 1715
0.524296 1714
0.524296 1713
0.524296 1712
0.524296 1711
0.524188 1711
0.524188 1710
0.524188 1709
0.524188 1708
0.524188 1707
0.524188 1706
0.524065 1706
0.524065 1705
0.524065 1704
0.524065 1703
0.524065 1702
0.524065 1701
0.524065 1700
0.524065 1699
0.524054 1698
0.524054 1697
0.524054 1696
0.524054 1695
0.524054 1694
0.524054 1693
0.524054 1692
0.524054 1691
0.524054 1690
0.524054 1689
0.524054 1687
0.524054 1686
0.524054 1685
0.524054 1684
0.524054 1683
0.524054 1682
0.524054 1681
0.524054 1680
0.524054 1679
0.524054 1678
0.524054 1677
0.524054 1676
0.524054 1675
0.524054 1674
0.524054 1673
0.524054 1672
0.524054 1671
0.524054 1670
0.524054 1669
0.524054 1668
0.524054 1667
0.524054 1666
0.524054 1665
0.524054 1664
0.524054 1663
0.524054 1662
0.524054 1661
0.524054 1660
0.524054 1659
0.524054 1658
0.523924 1658
0.523924 1657
0.523924 1656
0.523924 1655
0.523924 1654
0.523918 1653
0.523918 1652
0.523918 1651
0.523918 1650
0.523918 1649
0.523918 1648
0.523918 1647
0.523918 1646
0.523918 1645
0.523918 1644
0.523918 1643
0.523918 1642
0.523918 1641
0.523918 1640
0.523918 1639
0.523918 1638
0.523918 1637
0.523918 1636
0.523918 1635
0.523918 1634
0.523918 1633
0.523918 1632
0.523816 1632
0.523816 1631
0.523816 1630
0.523816 1629
0.523816 1628
0.523786 1627
0.523786 1626
0.523786 1625
0.523786 1624
0.523786 1623
0.523786 1622
0.523786 1621
0.523786 1619
0.523699 1618
0.523699 1617
0.523699 1616
0.523699 1615
0.523699 1614
0.523699 1613
0.523699 1612
0.523699 1611
0.523699 1610
0.523699 1609
0.523699 1608
0.523699 1607
0.523699 1606
0.523699 1605
0.523699 1604
0.523699 1603
0.523699 1602
0.523699 1601
0.523699 1600
0.523699 1599
0.523699 1598
0.523699 1597
0.523699 1595
0.523699 1594
0.523699 1593
0.523699 1592
0.523616 1592
0.523616 1591
0.523616 1590
0.523616 1588
0.523499 1588
0.523499 1587
0.523499 1586
0.523499 1585
0.523499 1584
0.523499 1583
0.523383 1583
0.523383 1582
0.523383 1581
0.523371 1580
0.523371 1579
0.523371 1578
0.523371 1577
0.523352 1576
0.523352 1575
0.523346 1574
0.523225 1574
0.523225 1573
0.523225 1572
0.523225 1571
0.523225 1570
0.523225 1569
0.523225 1568
0.523225 1567
0.523225 1566
0.523225 1565
0.523225 1564
0.523225 1563
0.523225 1562
0.523225 1561
0.523225 1560
0.523225 1559
0.523225 1558
0.523225 1557
0.523193 1556
0.523193 1555
0.523193 1554
0.52318 1553
0.52318 1552
0.52318 1551
0.52318 1550
0.52318 1549
0.52318 1548
0.52318 1547
0.52318 1546
0.52318 1545
0.52318 1544
0.52318 1543
0.52318 1542
0.52318 1541
0.52318 1540
0.52318 1539
0.52318 1538
0.52318 1537
0.52318 1536
0.52318 1535
0.52318 1534
0.52318 1533
0.52318 1532
0.52318 1531
0.52318 1530
0.52318 1529
0.52318 1528
0.52318 1527
0.523041 1527
0.523041 1526
0.523041 1525
0.523041 1524
0.523041 1523
0.523041 1522
0.523036 1521
0.523036 1520
0.523036 1519
0.523036 1518
0.523036 1517
0.523036 1516
0.523036 1515
0.523036 1514
0.523036 1513
0.523036 1512
0.523036 1511
0.523036 1510
0.523036 1509
0.523036 1508
0.523036 1507
0.523036 1506
0.523036 1505
0.523036 1504
0.523036 1503
0.523036 1502
0.523015 1501
0.523015 1500
0.522987 1499
0.522987 1498
0.522987 1497
0.522923 1496
0.522923 1495
0.522923 1494
0.522923 1493
0.522923 1492
0.522923 1491
0.522923 1490
0.522923 1489
0.522923 1488
0.522923 1487
0.522923 1486
0.522923 1485
0.522923 1484
0.522923 1483
0.522923 1482
0.522923 1481
0.522918 1480
0.522918 1479
0.522918 1478
0.522918 1477
0.522918 1476
0.522918 1475
0.522918 1474
0.522918 1473
0.522918 1472
0.522918 1471
0.522918 1470
0.522918 1469
0.522789 1469
0.522789 1468
0.522789 1467
0.522789 1466
0.522789 1465
0.522789 1464
0.522789 1463
0.522789 1462
0.522789 1461
0.522789 1460
0.522789 1459
0.522789 1458
0.522789 1457
0.522789 1456
0.522789 1455
0.522789 1454
0.522789 1453
0.522753 1452
0.522753 1451
0.522753 1450
0.522753 1449
0.522753 1448
0.522643 1448
0.522643 1447
0.522643 1445
0.522643 1444
0.522643 1443
0.522643 1442
0.522514 1441
0.522514 1439
0.522514 1438
0.522514 1437
0.522514 1436
0.522514 1435
0.522514 1434
0.522514 1433
0.522514 1432
0.522514 1431
0.522514 1430
0.522514 1429
0.522514 1428
0.522514 1427
0.522514 1426
0.522514 1425
0.522514 1424
0.522514 1423
0.522514 1422
0.522514 1421
0.522514 1420
0.522514 1419
0.522514 1418
0.522514 1417
0.522514 1416
0.522514 1415
0.522514 1414
0.522514 1413
0.522471 1412
0.522471 1411
0.522359 1411
0.522359 1410
0.522359 1409
0.522339 1408
0.522339 1407
0.522339 1406
0.522339 1405
0.522285 1404
0.522284 1402
0.522284 1401
0.522166 1401
0.522166 1400
0.52213 1399
0.52213 1398
0.52213 1397
0.52213 1396
0.522116 1395
0.522116 1394
0.521995 1394
0.521859 1394
0.521859 1393
0.521859 1392
0.521859 1391
0.521859 1390
0.521859 1389
0.521859 1388
0.521859 1387
0.521859 1386
0.521859 1385
0.521859 1384
0.521859 1383
0.521859 1382
0.521739 1382
0.521734 1381
0.521734 1380
0.521734 1379
0.521734 1378
0.521734 1377
0.521734 1376
0.521734 1374
0.52172 1373
0.52172 1372
0.52172 1371
0.52159 1371
0.52159 1370
0.52159 1369
0.52159 1368
0.52159 1367
0.52159 1365
0.52159 1364
0.52159 1363
0.52158 1361
0.52158 1360
0.52158 1359
0.52158 1358
0.52158 1357
0.52158 1356
0.52158 1355
0.52154 1355
0.52154 1354
0.52154 1353
0.52154 1352
0.52154 1351
0.52154 1350
0.52154 1349
0.52154 1348
0.52154 1347
0.52154 1346
0.52154 1345
0.52154 1344
0.52154 1343
0.52154 1342
0.52154 1341
0.52154 1340
0.52154 1339
0.52154 1338
0.52154 1337
0.52154 1336
0.52154 1335
0.521407 1335
0.521407 1334
0.521407 1333
0.521407 1332
0.521407 1331
0.521407 1330
0.521407 1329
0.521407 1328
0.521407 1327
0.521407 1326
0.521338 1325
0.521338 1324
0.521338 1323
0.521338 1322
0.521338 1321
0.521238 1321
0.521238 1320
0.521238 1319
0.521238 1318
0.521238 1317
0.521238 1316
0.521238 1315
0.521238 1314
0.521224 1313
0.521224 1312
0.521224 1311
0.521224 1310
0.521224 1309
0.521224 1308
0.521224 1307
0.521224 1306
0.521224 1305
0.521116 1305
0.521116 1304
0.521116 1303
0.521116 1302
0.521116 1301
0.521116 1300
0.521116 1299
0.521116 1298
0.521116 1297
0.521116 1296
0.521116 1295
0.521116 1294
0.521116 1293
0.521116 1292
0.521116 1291
0.521116 1290
0.521116 1289
0.521116 1288
0.520973 1288
0.520973 1287
0.520973 1286
0.520973 1285
0.520973 1284
0.520973 1283
0.520973 1282
0.520973 1281
0.520973 1280
0.520973 1279
0.520868 1279
0.520868 1278
0.520868 1277
0.520739 1277
0.520735 1276
0.520735 1275
0.520735 1274
0.520735 1273
0.520735 1272
0.520735 1271
0.520735 1270
0.520735 1269
0.520628 1269
0.520628 1268
0.520628 1267
0.520628 1266
0.520628 1265
0.520628 1264
0.520628 1263
0.520628 1262
0.520628 1261
0.520628 1260
0.520628 1259
0.520628 1258
0.520628 1257
0.520628 1256
0.520628 1255
0.520628 1254
0.520628 1253
0.520628 1252
0.520499 1252
0.520499 1251
0.520499 1250
0.520499 1249
0.520499 1248
0.520499 1247
0.520499 1246
0.520499 1245
0.520499 1244
0.520499 1243
0.520499 1242
0.520499 1241
0.520499 1240
0.520499 1239
0.520499 1238
0.520499 1237
0.520499 1236
0.520499 1235
0.520499 1234
0.520499 1233
0.520499 1232
0.520499 1231
0.520499 1230
0.520499 1229
0.520371 1229
0.520371 1228
0.520371 1227
0.520371 1226
0.520371 1225
0.520345 1224
0.520345 1223
0.520345 1222
0.520345 1221
0.520345 1220
0.520345 1219
0.520345 1218
0.520345 1217
0.520345 1216
0.520345 1215
0.520345 1214
0.520345 1213
0.520345 1212
0.520345 1211
0.520191 1211
0.520046 1211
0.520034 1210
0.520034 1209
0.520034 1208
0.520034 1207
0.520034 1206
0.520034 1205
0.520034 1204
0.520034 1203
0.520034 1202
0.520034 1201
0.520034 1200
0.520034 1199
0.520034 1198
0.520034 1197
0.520034 1196
0.519922 1196
0.519922 1195
0.519922 1194
0.519922 1193
0.519922 1192
0.519922 1191
0.519922 1190
0.519919 1189
0.519919 1188
0.519919 1187
0.519919 1186
0.519919 1185
0.519814 1185
0.519732 1184
0.519732 1183
0.519732 1182
0.519732 1180
0.519732 1179
0.519732 1178
0.519732 1176
0.519653 1175
0.519581 1174
0.519581 1173
0.519581 1172
0.519581 1171
0.519562 1170
0.519562 1169
0.519562 1168
0.519562 1167
0.519562 1166
0.519562 1165
0.519562 1164
0.519562 1163
0.519562 1162
0.519562 1161
0.519562 1160
0.519562 1159
0.519562 1158
0.519558 1157
0.519558 1156
0.519558 1155
0.519556 1154
0.519447 1154
0.519447 1153
0.519365 1152
0.519365 1151
0.519365 1150
0.519354 1149
0.519349 1148
0.519349 1147
0.519349 1146
0.519247 1146
0.519247 1145
0.519247 1144
0.519247 1143
0.519247 1142
0.519247 1141
0.519247 1140
0.519145 1140
0.519145 1139
0.519145 1138
0.519043 1138
0.519043 1137
0.519043 1136
0.519027 1135
0.518923 1135
0.518809 1135
0.518809 1134
0.518809 1133
0.518688 1133
0.518581 1133
0.518581 1132
0.518581 1131
0.518581 1130
0.518581 1129
0.518581 1128
0.518581 1127
0.518578 1126
0.518578 1125
0.518578 1124
0.518578 1123
0.518578 1122
0.518578 1121
0.518578 1120
0.518578 1119
0.518578 1118
0.518578 1117
0.518578 1116
0.518445 1116
0.518435 1115
0.518435 1114
0.518435 1113
0.518435 1112
0.518435 1111
0.518435 1110
0.518435 1109
0.518435 1108
0.518435 1107
0.518435 1106
0.51833 1106
0.51833 1105
0.518214 1105
0.518214 1104
0.518214 1103
0.518214 1102
0.518212 1101
0.518189 1100
0.518189 1099
0.518189 1098
0.518189 1097
0.518189 1096
0.518189 1095
0.518189 1094
0.518189 1093
0.518189 1092
0.518189 1091
0.518189 1090
0.518166 1089
0.518166 1088
0.518166 1087
0.518054 1087
0.518054 1086
0.518054 1085
0.518054 1084
0.518054 1083
0.518054 1082
0.518054 1081
0.518021 1080
0.518021 1079
0.517884 1079
0.517884 1078
0.517884 1077
0.517884 1076
0.517884 1075
0.517884 1074
0.517884 1073
0.517884 1072
0.517884 1071
0.517884 1070
0.517884 1069
0.517884 1068
0.517884 1067
0.517884 1066
0.517884 1065
0.517799 1064
0.517799 1063
0.517799 1062
0.517799 1061
0.517799 1060
0.517702 1059
0.517702 1058
0.517694 1057
0.517694 1056
0.517694 1055
0.517664 1054
0.517664 1053
0.517664 1052
0.517664 1051
0.517664 1050
0.51763 1049
0.51763 1048
0.51763 1047
0.51763 1046
0.51763 1045
0.51763 1044
0.51763 1043
0.51763 1042
0.51763 1041
0.51763 1040
0.51763 1039
0.51763 1038
0.51763 1037
0.51763 1036
0.51762 1035
0.51762 1034
0.51762 1033
0.51762 1032
0.51762 1031
0.51762 1030
0.517588 1029
0.517588 1028
0.517588 1027
0.517588 1026
0.517588 1025
0.517588 1024
0.517443 1024
0.517342 1024
0.517342 1023
0.517342 1022
0.517339 1021
0.517339 1020
0.517339 1019
0.517339 1018
0.517258 1017
0.517258 1016
0.517258 1015
0.517258 1014
0.517258 1013
0.517258 1012
0.517258 1011
0.517258 1010
0.517258 1009
0.517258 1008
0.517215 1007
0.517215 1006
0.517215 1005
0.517094 1005
0.517094 1004
0.517022 1003
0.517022 1002
0.517022 1001
0.517022 1000
0.517022 999
0.517022 998
0.517022 997
0.517022 996
0.516945 995
0.516945 994
0.516919 993
0.516919 992
0.516919 991
0.516919 990
0.516919 989
0.516919 988
0.516919 987
0.516919 986
0.516919 985
0.516919 984
0.516919 983
0.516919 982
0.516919 981
0.516919 980
0.516919 979
0.516919 978
0.516801 978
0.516761 977
0.516664 977
0.516664 976
0.516664 975
0.516664 974
0.516653 972
0.516653 971
0.516608 970
0.516608 969
0.516608 968
0.516565 967
0.516565 966
0.516565 965
0.516565 964
0.516565 963
0.516565 962
0.516565 961
0.516565 960
0.516565 959
0.516477 958
0.516477 957
0.516477 956
0.516398 955
0.516398 954
0.516398 953
0.516398 952
0.516398 951
0.516398 950
0.516398 949
0.516398 948
0.516398 947
0.516398 946
0.516398 945
0.516398 944
0.516398 943
0.516398 942
0.516398 941
0.516308 940
0.516308 939
0.516308 938
0.516308 937
0.516308 936
0.516308 935
0.516308 934
0.516308 933
0.516308 932
0.516296 931
0.516296 930
0.516296 929
0.516296 928
0.516296 927
0.516296 926
0.516296 925
0.516296 924
0.516296 923
0.516296 922
0.516296 921
0.516296 920
0.516296 919
0.516296 918
0.516296 917
0.516296 916
0.516296 915
0.516296 914
0.516296 913
0.516296 912
0.516296 911
0.516296 910
0.516296 909
0.516296 908
0.516296 907
0.51625 906
0.51625 905
0.51625 904
0.51625 903
0.51625 902
0.51625 901
0.516137 901
0.516137 900
0.516137 899
0.516137 898
0.516137 897
0.516137 896
0.516137 895
0.516137 894
0.516137 893
0.516137 892
0.516007 892
0.516007 891
0.516007 890
0.516007 889
0.516007 888
0.516007 887
0.516007 886
0.516007 885
0.516007 884
0.515877 884
0.515729 884
0.515729 883
0.515729 882
0.515729 881
0.515729 880
0.515729 879
0.515729 878
0.515729 877
0.515605 877
0.515605 876
0.515484 876
0.515484 875
0.515484 874
0.515484 873
0.515484 872
0.515484 871
0.515484 870
0.515484 869
0.515484 868
0.515484 867
0.515484 866
0.515484 865
0.515484 864
0.515484 863
0.515484 862
0.515484 861
0.515484 860
0.515484 859
0.515484 858
0.515476 857
0.515476 856
0.515476 855
0.515476 854
0.515476 853
0.515476 852
0.515476 851
0.515476 850
0.515476 849
0.515476 848
0.515476 847
0.515476 846
0.515476 845
0.515476 844
0.515415 843
0.515415 842
0.515415 841
0.515415 840
0.515283 840
0.515283 839
0.515283 838
0.515283 837
0.515283 836
0.515282 835
0.515282 834
0.515282 833
0.515282 832
0.515282 831
0.515282 830
0.515282 829
0.515282 828
0.515282 827
0.515145 827
0.515145 826
0.515145 825
0.515145 824
0.515145 823
0.515145 822
0.515145 821
0.515145 820
0.515054 819
0.514925 819
0.514795 819
0.514795 818
0.514795 817
0.514795 816
0.514795 815
0.514795 814
0.514795 812
0.514795 811
0.514795 810
0.514795 809
0.514795 808
0.514795 807
0.514795 806
0.514795 805
0.514791 804
0.514791 803
0.514791 802
0.514791 801
0.514627 801
0.514627 800
0.514627 799
0.514627 798
0.514627 797
0.514505 797
0.514505 796
0.514505 795
0.514505 794
0.514505 793
0.514505 792
0.514505 791
0.514505 790
0.514505 789
0.514505 788
0.514505 787
0.514505 786
0.514505 785
0.514505 784
0.514505 783
0.514505 782
0.514505 781
0.514505 780
0.514505 779
0.514505 778
0.514505 777
0.514505 776
0.514505 775
0.514416 774
0.514416 773
0.514416 772
0.514416 771
0.514416 770
0.514416 769
0.514416 768
0.514416 767
0.514416 766
0.514416 765
0.514416 764
0.514416 763
0.514416 762
0.514416 761
0.514416 760
0.514416 759
0.514416 758
0.514416 757
0.514416 756
0.514416 755
0.514416 754
0.514416 753
0.514416 752
0.514371 751
0.514371 750
0.514371 749
0.514371 748
0.514371 747
0.514256 747
0.514147 747
0.514147 746
0.514147 745
0.514147 744
0.514062 743
0.514061 742
0.514061 741
0.514061 740
0.514061 739
0.514061 738
0.514183 736
0.514183 735
0.514183 734
0.514183 733
0.514183 732
0.514183 731
0.514183 730
0.514183 729
0.514183 728
0.514183 727
0.514183 726
0.514183 725
0.514183 724
0.51418 723
0.514178 722
0.514097 721
0.514097 720
0.514097 719
0.514089 718
0.514089 717
0.514089 716
0.514089 715
0.514089 714
0.514089 713
0.514089 712
0.514089 711
0.514089 710
0.514089 709
0.514045 709
0.514045 708
0.514045 707
0.514045 706
0.514045 705
0.514045 704
0.514045 703
0.514045 702
0.514045 701
0.514045 700
0.514045 699
0.514045 698
0.514045 697
0.514045 696
0.514131 694
0.514131 693
0.514131 692
0.514131 691
0.514131 690
0.514131 689
0.514131 688
0.514131 687
0.514131 686
0.514131 685
0.514131 684
0.514131 683
0.514131 682
0.514131 681
0.514131 680
0.514131 679
0.514131 678
0.514131 677
0.514131 676
0.514131 675
0.514131 674
0.514131 673
0.514127 672
0.514127 671
0.514127 670
0.514006 670
0.514006 669
0.514006 668
0.514006 667
0.514006 666
0.514006 665
0.514006 664
0.514006 663
0.514006 662
0.514006 661
0.514006 660
0.513877 660
0.513835 660
0.513835 659
0.513828 658
0.513828 657
0.513828 656
0.513783 655
0.513658 655
0.513658 654
0.513539 654
0.513539 653
0.513539 652
0.513539 651
0.513539 650
0.513534 650
0.513534 649
0.51341 649
0.51341 648
0.51341 647
0.513279 647
0.513279 646
0.513279 645
0.513279 644
0.513279 643
0.513279 642
0.513279 641
0.513279 640
0.513279 639
0.513279 638
0.513164 638
0.513164 637
0.513164 636
0.513164 635
0.513164 634
0.513164 633
0.513066 633
0.513066 632
0.513066 631
0.513066 630
0.513066 629
0.513066 628
0.512948 628
0.512948 627
0.512948 626
0.512948 625
0.512948 624
0.512948 623
0.512948 622
0.512948 621
0.512948 620
0.51284 620
0.512798 619
0.512798 618
0.512798 617
0.512798 616
0.512798 615
0.512798 614
0.512798 613
0.512798 612
0.512798 611
0.512798 610
0.512798 609
0.512798 608
0.512798 607
0.512695 607
0.512615 607
0.512615 606
0.512615 605
0.512476 605
0.512476 604
0.512476 603
0.512476 602
0.512476 601
0.512337 601
0.512337 600
0.512337 599
0.512337 598
0.512337 597
0.512255 596
0.512255 595
0.512255 594
0.512255 593
0.512255 592
0.512255 591
0.512105 591
0.511952 591
0.511952 590
0.511818 590
0.511818 589
0.511773 589
0.511773 588
0.511763 587
0.511763 586
0.511763 585
0.51165 585
0.51165 584
0.51165 583
0.51165 582
0.51165 581
0.511554 581
0.511554 580
0.511554 579
0.511448 579
0.511448 578
0.511448 577
0.511448 576
0.511448 575
0.511448 574
0.511448 573
0.511297 573
0.511297 572
0.511297 571
0.511158 571
0.511158 570
0.511158 569
0.511158 568
0.511158 567
0.511158 566
0.511061 566
0.510962 566
0.510962 565
0.510962 564
0.510962 563
0.510962 562
0.510962 561
0.510962 560
0.510838 560
0.510838 559
0.510698 559
0.510698 558
0.510698 557
0.510698 556
0.510698 555
0.510698 554
0.510698 553
0.510698 552
0.510698 551
0.510698 550
0.510698 549
0.510598 549
0.510586 547
0.510586 546
0.510586 545
0.510586 544
0.510586 543
0.510586 542
0.510668 540
0.510668 539
0.510668 538
0.510518 538
0.510518 537
0.510431 535
0.510431 534
0.510431 533
0.510431 532
0.510431 531
0.510356 531
0.510356 530
0.510269 529
0.510118 529
0.509978 529
0.509978 528
0.509978 527
0.509854 527
0.509854 526
0.509854 525
0.509854 524
0.509732 524
0.509732 523
0.509613 523
0.509613 522
0.5095 522
0.5095 521
0.5095 520
0.5095 519
0.5095 518
0.509367 518
0.509367 517
0.509231 517
0.509231 516
0.509231 515
0.509231 514
0.509231 513
0.509119 513
0.509119 512
0.508977 512
0.508977 511
0.508977 510
0.508949 509
0.508949 508
0.508949 507
0.508949 506
0.508908 505
0.508901 504
0.508901 503
0.508901 502
0.508901 501
0.508796 501
0.508796 500
0.508796 499
0.508796 498
0.508649 498
0.508649 497
0.508649 496
0.508649 495
0.508649 494
0.508649 493
0.508649 492
0.508649 491
0.508649 490
0.508649 489
0.508648 488
0.508648 487
0.508648 486
0.508648 485
0.508534 485
0.508534 484
0.508534 483
0.508417 483
0.508311 483
0.508311 482
0.50831 481
0.50831 480
0.50831 479
0.508252 478
0.508252 477
0.508252 476
0.508252 475
0.508252 474
0.508252 473
0.508109 473
0.508109 472
0.508109 471
0.507973 470
0.507973 469
0.507898 468
0.507999 466
0.507999 465
0.507999 464
0.507879 464
0.507879 463
0.507879 462
0.507879 461
0.507879 460
0.507756 460
0.507756 459
0.507756 458
0.507756 457
0.507756 456
0.507756 455
0.507657 455
0.507657 454
0.507657 453
0.507657 452
0.507528 452
0.507528 451
0.507528 450
0.507424 450
0.507424 449
0.507424 448
0.507424 447
0.507424 446
0.507424 445
0.507424 444
0.507424 443
0.507424 442
0.507424 441
0.507424 440
0.507424 439
0.507424 438
0.507338 437
0.507338 436
0.507202 436
0.507202 435
0.50707 435
0.50707 434
0.50707 433
0.50707 432
0.506958 432
0.506958 431
0.506958 430
0.506958 429
0.506958 428
0.506958 427
0.506958 426
0.506958 425
0.506958 424
0.506932 423
0.506932 422
0.506932 421
0.506799 421
0.506799 420
0.506799 419
0.506799 418
0.50671 417
0.50671 416
0.50671 415
0.50671 414
0.50671 413
0.50671 412
0.50671 411
0.50671 410
0.50671 409
0.50671 408
0.50671 407
0.50671 406
0.506566 406
0.506566 405
0.506566 404
0.50643 404
0.50643 403
0.50643 402
0.506338 401
0.506338 400
0.506333 399
0.506333 398
0.506333 397
0.506333 396
0.506205 395
0.506205 394
0.50608 394
0.50608 393
0.50608 392
0.50608 391
0.50608 390
0.50596 390
0.50596 389
0.505941 388
0.505941 387
0.505941 386
0.505941 385
0.505941 384
0.505941 383
0.505941 382
0.505941 381
0.505941 380
0.505941 379
0.505836 379
0.505836 378
0.505777 377
0.505777 376
0.505694 375
0.505694 374
0.505694 373
0.505597 373
0.505482 373
0.505378 373
0.505378 372
0.505287 371
0.505194 370
0.505299 368
0.505166 368
0.505166 367
0.505166 366
0.505166 365
0.505062 365
0.505062 364
0.504943 364
0.504943 363
0.504943 362
0.504943 361
0.504909 361
0.504909 360
0.504773 360
0.504643 360
0.504531 360
0.504531 359
0.504531 358
0.504429 358
0.504429 357
0.504429 356
0.504429 355
0.504307 355
0.504307 354
0.504307 353
0.504307 352
0.504307 350
0.504307 349
0.504307 348
0.504307 347
0.504307 346
0.504182 346
0.504182 345
0.504182 344
0.504052 344
0.503898 344
0.503776 344
0.503647 344
0.503526 344
0.503526 343
0.503526 342
0.503526 341
0.503526 340
0.503526 339
0.503385 339
0.503385 338
0.503385 337
0.503385 336
0.503385 335
0.503385 334
0.503272 334
0.503136 334
0.502999 334
0.502999 333
0.502999 332
0.502999 331
0.502999 330
0.502999 329
0.502999 328
0.502999 327
0.502999 326
0.502999 325
0.50288 325
0.50288 324
0.50288 323
0.50276 323
0.50276 322
0.502682 321
0.502682 320
0.502682 319
0.502682 318
0.502682 317
0.502681 316
0.502543 316
0.502543 315
0.502543 314
0.502543 313
0.502543 312
0.502543 311
0.502378 309
0.502378 308
0.502273 308
0.502273 307
0.502273 306
0.502273 305
0.502142 304
0.502142 303
0.502142 302
0.502142 301
0.502142 300
0.502142 299
0.502142 298
0.502142 297
0.502045 297
0.50194 296
0.501799 296
0.501799 295
0.501799 294
0.501799 293
0.50168 293
0.50168 292
0.50168 291
0.50168 290
0.50168 289
0.50168 288
0.50168 287
0.50168 286
0.50168 285
0.50168 284
0.501567 284
0.501503 283
0.501503 282
0.501503 281
0.501503 280
0.501397 280
0.501397 279
0.501288 279
0.501175 279
0.501077 279
0.500976 279
0.500976 278
0.500976 277
0.500976 276
0.500976 275
0.500976 274
0.500976 273
0.500971 272
0.500971 271
0.500971 270
0.500971 269
0.500877 268
0.500877 267
0.500787 266
0.500787 265
0.500787 264
0.500787 263
0.500787 262
0.500663 262
0.500663 261
0.500663 260
0.500663 259
0.50055 259
0.500421 259
0.500421 258
0.500284 258
0.500284 257
0.500284 256
0.500284 255
0.500169 255
0.500169 254
0.500169 253
0.500047 253
0.499934 253
0.499934 252
0.499934 251
0.499934 250
0.499836 250
0.499836 249
0.499703 249
0.499703 248
0.499567 248
0.499436 248
0.499436 247
0.499436 246
0.499311 246
0.49926 246
0.49926 245
0.499172 244
0.499076 243
0.498952 243
0.498952 242
0.498952 241
0.498952 240
0.498952 239
0.498952 238
0.498952 237
0.498952 236
0.49888 235
0.49888 234
0.49888 233
0.498764 233
0.498659 233
0.498592 232
0.498592 231
0.498592 230
0.498592 229
0.498455 229
0.498455 228
0.49832 228
0.49832 227
0.49832 226
0.498184 226
0.498184 225
0.49805 224
0.497985 223
0.497985 222
0.497855 222
0.497729 222
0.497729 221
0.497729 220
0.497729 219
0.497602 219
0.497602 218
0.497475 218
0.497475 217
0.497475 216
0.497367 216
0.497367 215
0.497367 214
0.497367 213
0.497367 212
0.497367 211
0.497292 210
0.497292 209
0.497292 208
0.497292 207
0.497292 206
0.497152 206
0.497045 206
0.496928 206
0.496928 205
0.496928 204
0.496824 204
0.496744 203
0.496609 203
0.496504 203
0.496504 202
0.496373 202
0.496241 202
0.496241 201
0.496193 200
0.496193 199
0.496083 199
0.495937 199
0.495817 199
0.495679 199
0.495679 198
0.495679 197
0.495548 197
0.495548 196
0.495548 195
0.495418 195
0.495418 194
0.495418 193
0.495296 193
0.495296 192
0.49519 192
0.495059 192
0.494928 192
0.494928 191
0.494928 190
0.494928 189
0.494819 189
0.494819 188
0.494819 187
0.494819 186
0.494819 185
0.494819 184
0.49469 184
0.49469 183
0.49469 182
0.494554 182
0.494454 182
0.494329 182
0.494199 182
0.494075 182
0.494075 181
0.494075 180
0.493967 180
0.493858 180
0.493743 180
0.493619 180
0.493505 180
0.493391 180
0.493293 180
0.493203 179
0.493203 178
0.493203 177
0.493074 177
0.493013 176
0.493013 175
0.492891 175
0.492891 174
0.492891 173
0.492759 173
0.492663 172
0.492663 171
0.492663 170
0.492559 170
0.492439 170
0.492439 169
0.492388 168
0.492277 168
0.492277 167
0.492277 166
0.492138 166
0.492138 165
0.491998 165
0.491998 164
0.491998 163
0.491889 163
0.491889 162
0.491791 162
0.491682 162
0.491682 161
0.491682 160
0.491559 160
0.491559 159
0.491524 159
0.491524 158
0.491524 157
0.491524 156
0.49141 156
0.4914 155
0.4914 154
0.491273 154
0.491273 153
0.491134 153
0.491019 153
0.491017 152
0.490926 151
0.490808 151
0.490808 150
0.490682 150
0.49055 150
0.49055 149
0.490405 149
0.49028 149
0.49028 148
0.490151 148
0.490009 148
0.490009 147
0.490009 146
0.489887 146
0.489756 146
0.489756 145
0.48967 144
0.48967 143
0.489563 143
0.489447 143
0.489319 143
0.489211 143
0.489098 143
0.489098 142
0.488962 142
0.488833 142
0.488718 142
0.488718 141
0.488642 140
0.488529 140
0.488432 139
0.488432 138
0.488329 138
0.488329 137
0.488329 136
0.488217 136
0.488095 136
0.488095 135
0.487971 135
0.48785 135
0.487836 134
0.487699 134
0.487699 133
0.487572 133
0.487444 133
0.48736 132
0.48736 131
0.487244 131
0.487126 131
0.486996 131
0.486877 131
0.486743 131
0.48664 131
0.486516 131
0.486264 131
0.486159 131
0.486023 131
0.486023 130
0.486008 129
0.486008 128
0.486008 127
0.485908 127
0.485908 126
0.485908 125
0.485908 124
0.485774 124
0.485664 124
0.485664 123
0.485664 122
0.485543 122
0.485427 122
0.485427 121
0.485308 121
0.485308 120
0.485308 119
0.485191 119
0.485191 118
0.485104 117
0.485104 116
0.485104 115
0.484987 115
0.484987 114
0.484851 114
0.484722 114
0.484594 114
0.484594 113
0.484594 112
0.484453 112
0.484343 112
0.484225 112
0.484119 112
0.483986 112
0.483945 111
0.483834 111
0.483723 111
0.483723 110
0.483723 109
0.483723 108
0.4836 108
0.483487 108
0.48336 108
0.48325 108
0.483087 108
0.482935 108
0.482816 108
0.482705 108
0.482705 107
0.482705 106
0.482566 106
0.482566 105
0.482448 105
0.482173 105
0.482046 105
0.481912 105
0.481788 104
0.481663 104
0.481552 104
0.481425 104
0.48131 104
0.48131 103
0.481182 103
0.481182 102
0.481065 102
0.480947 102
0.480815 102
0.480815 101
0.48071 101
0.480587 101
0.480451 101
0.480451 100
0.480331 100
0.480221 100
0.480089 100
0.479951 100
0.479951 99
0.479951 98
0.479825 98
0.479694 98
0.479576 98
0.479484 97
0.479353 97
0.479207 97
0.479101 97
0.479 97
0.47889 97
0.478775 97
0.478661 97
0.478549 97
0.478433 97
0.478165 97
0.478041 97
0.47793 97
0.47793 96
0.477799 96
0.477799 95
0.477799 94
0.47768 94
0.47768 93
0.477572 93
0.477572 92
0.477448 92
0.47733 92
0.477218 92
0.477218 91
0.477089 91
0.477089 90
0.476976 90
0.47687 90
0.476773 90
0.476659 90
0.476659 89
0.476506 89
0.476368 89
0.476248 89
0.47612 89
0.476013 89
0.475881 89
0.475881 88
0.475881 87
0.475881 86
0.475751 86
0.475615 86
0.47548 86
0.47548 85
0.47548 84
0.47548 83
0.47548 82
0.475343 82
0.475225 82
0.475109 82
0.474997 82
0.474844 82
0.474716 82
0.474589 82
0.474589 81
0.474464 81
0.474341 81
0.474218 81
0.474089 81
0.473962 81
0.473882 80
0.473882 79
0.473769 79
0.473635 79
0.473504 79
0.473504 78
0.473376 78
0.473373 77
0.47323 77
0.473129 77
0.473003 77
0.472884 77
0.47275 77
0.472641 77
0.472524 77
0.472524 76
0.472415 76
0.4723 76
0.4723 75
0.472159 75
0.472053 75
0.471915 75
0.47178 75
0.471666 75
0.471551 75
0.471551 74
0.471428 74
0.471297 74
0.471297 73
0.471187 73
0.471047 73
0.470916 73
0.470821 72
0.470694 72
0.470581 72
0.470459 72
0.470336 72
0.470213 72
0.470213 71
0.470106 71
0.469998 71
0.469879 71
0.469774 71
0.469774 70
0.469666 70
0.469551 70
0.469551 69
0.469409 69
0.469316 68
0.469181 68
0.469049 68
0.468915 68
0.468825 67
0.46872 67
0.468603 67
0.468489 67
0.468361 67
0.468248 67
0.468101 67
0.467988 67
0.467859 67
0.467739 67
0.4676 67
0.467505 66
0.467386 66
0.467256 66
0.467256 65
0.467135 65
0.467021 65
0.466887 65
0.466743 65
0.46662 65
0.46662 64
0.466492 64
0.466492 63
0.466366 63
0.466231 63
0.466118 63
0.465994 63
0.465886 63
0.46577 63
0.465643 63
0.465508 63
0.465397 63
0.465289 63
0.465167 63
0.465066 63
0.464946 63
0.464813 63
0.464686 63
0.464581 63
0.464483 63
0.464352 63
0.464213 63
0.464083 63
0.463982 63
0.463888 62
0.463663 62
0.463663 61
0.463565 61
0.463431 61
0.463325 61
0.46321 61
0.463081 61
0.463081 60
0.463029 59
0.463029 58
0.462913 58
0.462913 57
0.462811 57
0.462694 57
0.462554 57
0.462419 57
0.462293 57
0.462158 57
0.462021 57
0.461891 57
0.461766 57
0.461649 57
0.461404 57
0.461293 57
0.461176 57
0.461046 57
0.461046 56
0.46092 56
0.460798 56
0.460646 56
0.460561 55
0.460442 55
0.460378 54
0.46026 54
0.46026 53
0.460134 53
0.459995 53
0.459852 53
0.45971 53
0.459568 53
0.459443 53
0.459443 52
0.459326 52
0.459189 52
0.45906 52
0.458932 52
0.458802 52
0.458666 52
0.458551 52
0.458418 52
0.458283 52
0.458153 52
0.458016 52
0.457911 52
0.457781 52
0.45764 52
0.457512 52
0.457512 51
0.45738 51
0.457268 51
0.457142 51
0.457021 51
0.456901 51
0.456792 51
0.456673 51
0.456548 51
0.456421 51
0.456299 51
0.456169 51
0.456039 51
0.455903 51
0.455763 51
0.455623 51
0.455516 51
0.455389 51
0.455254 51
0.455143 51
0.455008 51
0.455008 50
0.454863 50
0.454863 49
0.454755 49
0.454639 49
0.45454 49
0.454406 49
0.454265 49
0.454167 49
0.454046 49
0.454046 48
0.454046 47
0.453904 47
0.453904 46
0.453768 46
0.453656 46
0.453515 46
0.453373 46
0.453251 46
0.453245 45
0.453131 45
0.453019 45
0.452919 45
0.452784 45
0.452651 45
0.45251 45
0.45239 45
0.452269 45
0.452132 45
0.452016 45
0.451786 45
0.451646 45
0.451536 45
0.451438 45
0.451438 44
0.451312 44
0.451312 43
0.451174 43
0.451047 43
0.450975 42
0.450741 42
0.45061 42
0.450482 42
0.450359 42
0.450256 42
0.450143 42
0.450027 42
0.449893 42
0.449762 42
0.449762 41
0.449629 41
0.4495 41
0.44938 41
0.44925 41
0.449141 41
0.449141 40
0.449046 39
0.448925 39
0.448807 39
0.448671 39
0.448543 39
0.44841 39
0.448322 38
0.448206 38
0.448077 38
0.447959 38
0.447825 38
0.447682 38
0.447548 38
0.447425 38
0.4473 38
0.447157 38
0.447027 38
0.446907 38
0.446773 38
0.446773 37
0.446654 37
0.446534 37
0.446428 37
0.446322 37
0.4462 37
0.446072 37
0.445953 37
0.445838 37
0.445704 37
0.445581 37
0.44546 37
0.445348 37
0.445239 37
0.445122 37
0.445005 37
0.444888 37
0.444769 37
0.444657 37
0.444529 37
0.444394 37
0.444138 37
0.444003 37
0.443887 37
0.443758 37
0.443639 37
0.443508 37
0.443376 37
0.443376 36
0.443376 35
0.44323 35
0.443105 35
0.442975 35
0.442975 34
0.442842 34
0.442721 34
0.442583 34
0.442583 33
0.442461 33
0.442461 32
0.442331 32
0.442223 32
0.442078 32
0.441963 32
0.441832 32
0.441689 32
0.441556 32
0.441421 32
0.441285 32
0.441285 31
0.441162 31
0.441037 31
0.440911 31
0.440787 31
0.440669 31
0.440549 31
0.440432 31
0.440304 31
0.440176 31
0.440035 31
0.439914 31
0.439782 31
0.439656 31
0.439517 31
0.439402 31
0.439266 31
0.439144 31
0.43901 31
0.438894 31
0.438807 30
0.438687 30
0.438548 30
0.438428 30
0.438311 30
0.438192 30
0.438079 30
0.437965 30
0.437847 30
0.437723 30
0.437599 30
0.437491 30
0.437362 30
0.437231 30
0.4371 30
0.437014 29
0.436996 28
0.43684 28
0.43672 28
0.43661 28
0.43649 28
0.436374 28
0.436238 28
0.436124 28
0.435984 28
0.435853 28
0.435713 28
0.435585 28
0.435509 27
0.435387 27
0.435252 27
0.435151 27
0.434991 27
0.434864 27
0.434755 27
0.434618 27
0.434474 27
0.434386 26
0.43426 26
0.434126 26
0.434004 26
0.433904 26
0.433757 26
0.433632 26
0.433495 26
0.433355 26
0.433228 26
0.433105 26
0.432974 26
0.432833 26
0.43256 26
0.432441 26
0.432327 26
0.432191 26
0.432065 26
0.431935 26
0.431805 26
0.431684 26
0.431565 26
0.431438 26
0.431334 26
0.431226 26
0.43109 26
0.430954 26
0.430832 26
0.430704 26
0.430584 26
0.430453 26
0.430347 26
0.430229 26
0.430229 25
0.430091 25
0.429965 25
0.429709 25
0.429573 25
0.429469 25
0.429347 25
0.42923 25
0.429096 25
0.428953 25
0.428829 25
0.428692 25
0.428596 24
0.428596 23
0.428473 23
0.428344 23
0.428188 23
0.427949 23
0.42783 23
0.427716 23
0.427596 23
0.427487 23
0.427355 23
0.427232 23
0.42711 23
0.42699 23
0.426857 23
0.426742 23
0.426612 23
0.426475 23
0.426343 23
0.426237 23
0.426111 23
0.425997 23
0.425858 23
0.425637 23
0.425513 23
0.425394 23
0.425258 23
0.425129 23
0.424984 23
0.424868 23
0.42474 23
0.424623 23
0.424503 23
0.424373 23
0.424373 22
0.424249 22
0.424133 22
0.42402 22
0.423881 22
0.423761 22
0.423646 22
0.423517 22
0.423379 22
0.423251 22
0.423115 22
0.422999 22
0.422862 22
0.422734 22
0.422641 21
0.422383 21
0.422243 21
0.422121 21
0.422 21
0.421868 21
0.42176 21
0.421678 20
0.421563 20
0.421426 20
0.421305 20
0.421177 20
0.421048 20
0.42093 20
0.420795 20
0.420653 20
0.42054 20
0.420408 20
0.420297 20
0.420176 20
0.420057 20
0.419924 20
0.419777 20
0.41966 20
0.419552 20
0.419426 20
0.419307 20
0.419186 20
0.419065 20
0.41893 20
0.418813 20
0.418698 20
0.418569 20
0.418297 20
0.418039 20
0.417913 20
0.4178 20
0.417675 20
0.417545 20
0.41741 20
0.417294 20
0.417201 19
0.417063 19
0.416952 19
0.416831 19
0.416713 19
0.41659 19
0.416456 19
0.416318 19
0.416204 19
0.416084 19
0.415972 19
0.415841 19
0.415729 19
0.41559 19
0.415468 19
0.415342 19
0.415228 19
0.4151 19
0.414974 19
0.414854 19
0.41475 19
0.414622 19
0.414505 19
0.414383 19
0.414263 19
0.414169 18
0.414027 18
0.4139 18
0.413773 18
0.413649 18
0.413508 18
0.413388 18
0.413261 18
0.413152 18
0.41302 18
0.412884 18
0.412773 18
0.412639 18
0.412483 18
0.412347 18
0.412223 18
0.41209 18
0.411947 18
0.411812 18
0.41169 18
0.411567 18
0.411441 18
0.411307 18
0.41118 18
0.411064 18
0.410948 18
0.410815 18
0.410696 18
0.410556 18
0.410434 18
0.4103 18
0.410048 18
0.409919 18
0.409784 18
0.409669 18
0.409541 18
0.409408 18
0.409283 18
0.409158 18
0.409029 18
0.408893 18
0.408644 18
0.408511 18
0.408378 18
0.408257 18
0.408121 18
0.407986 18
0.407863 18
0.40776 18
0.407639 18
0.407516 18
0.407387 18
0.407252 18
0.407143 18
0.406901 18
0.406782 18
0.406661 18
0.406554 18
0.406416 18
0.406254 18
0.406129 18
0.406129 17
0.405991 17
0.40589 17
0.40577 17
0.405647 17
0.405522 17
0.40538 17
0.405241 17
0.405123 17
0.405033 16
0.404908 16
0.404785 16
0.404667 16
0.404542 16
0.40444 16
0.404306 16
0.404173 16
0.404045 16
0.403915 16
0.403785 16
0.403649 16
0.403529 16
0.403417 16
0.40328 16
0.403157 16
0.40302 16
0.402884 16
0.402755 16
0.402629 16
0.402495 16
0.402393 16
0.40225 16
0.402107 16
0.401981 16
0.401854 16
0.401724 16
0.4016 16
0.4016 15
0.401477 15
0.401345 15
0.401205 15
0.401096 15
0.400982 15
0.400844 15
0.400721 15
0.400577 15
0.400467 15
0.400339 15
0.400211 15
0.40006 15
0.399927 15
0.399812 15
0.399691 15
0.39955 15
0.399294 15
0.399153 15
0.399027 15
0.398869 15
0.398745 15
0.398616 15
0.398498 15
0.398389 15
0.398247 15
0.39812 15
0.398018 15
0.397878 15
0.397758 15
0.397659 15
0.397659 14
0.397524 14
0.397404 14
0.397277 14
0.397039 14
0.396926 14
0.39682 14
0.396689 14
0.396556 14
0.396419 14
0.396291 14
0.396163 14
0.396038 14
0.395903 14
0.395775 14
0.395647 14
0.395516 14
0.395388 14
0.395265 14
0.395132 14
0.395001 14
0.394858 14
0.394724 14
0.394611 14
0.394499 14
0.394361 14
0.394222 14
0.394097 14
0.393977 14
0.393862 14
0.393729 14
0.393598 14
0.393481 14
0.39334 14
0.393215 14
0.393092 14
0.392974 14
0.392848 14
0.392719 14
0.392594 14
0.392471 14
0.392342 14
0.392249 13
0.392135 13
0.392044 12
0.391925 12
0.391797 12
0.391693 12
0.391575 12
0.391458 12
0.391374 11
0.391173 10
0.391041 10
0.390908 10
0.390758 10
0.390662 9
0.390536 9
0.390403 9
0.390273 9
0.390149 9
0.390028 9
0.389913 9
0.389792 9
0.389652 9
0.389519 9
0.389392 9
0.389253 9
0.389119 9
0.388986 9
0.388848 9
0.388579 9
0.38845 9
0.388239 9
0.388122 9
0.388004 9
0.38788 9
0.387748 9
0.387628 9
0.387501 9
0.387358 9
0.387246 9
0.387118 9
0.386999 9
0.386868 9
0.386741 9
0.386621 9
0.386491 9
0.38639 9
0.386254 9
0.386132 9
0.386001 9
0.385908 8
0.385785 8
0.385652 8
0.385534 8
0.385408 8
0.385281 8
0.385156 8
0.385025 8
0.384892 8
0.384762 8
0.384637 8
0.384511 8
0.384377 8
0.384241 8
0.38412 8
0.383992 8
0.383856 8
0.383735 8
0.383632 8
0.383493 8
0.383357 8
0.383216 8
0.383081 8
0.382964 8
0.382837 8
0.382714 8
0.382583 8
0.382447 8
0.382314 8
0.382179 8
0.382045 8
0.381916 8
0.381808 8
0.38168 8
0.381543 8
0.381413 8
0.381278 8
0.381162 8
0.381031 8
0.380895 8
0.380754 8
0.380629 8
0.380508 8
0.380383 8
0.380256 8
0.380126 8
0.380004 8
0.379873 8
0.37977 8
0.379638 8
0.37952 8
0.379398 8
0.379259 8
0.379133 8
0.37901 8
0.378884 8
0.378767 8
0.378638 8
0.378516 8
0.378381 8
0.378256 8
0.378129 8
0.37802 8
0.377904 8
0.377783 8
0.377646 8
0.377538 8
0.377413 8
0.377268 8
0.377134 8
0.377012 8
0.37687 8
0.376743 8
0.376485 8
0.376352 8
0.376229 8
0.376106 8
0.375976 8
0.375735 8
0.37561 8
0.375483 8
0.375356 8
0.37523 8
0.375088 8
0.374969 8
0.374832 8
0.374721 8
0.374591 8
0.374454 8
0.374329 8
0.374216 8
0.374093 8
0.373968 8
0.373843 8
0.373717 8
0.373578 8
0.373452 8
0.373305 8
0.373165 8
0.373042 8
0.372913 8
0.372796 8
0.372653 8
0.372541 8
0.372422 8
0.372296 8
0.372164 8
0.372034 8
0.371935 8
0.371815 8
0.371685 8
0.371559 8
0.371425 8
0.371301 8
0.371171 8
0.371033 8
0.3709 8
0.370763 8
0.370522 8
0.370379 8
0.370246 8
0.370112 8
0.369987 8
0.369846 8
0.369737 8
0.369622 8
0.369489 8
0.369381 8
0.369254 8
0.369129 8
0.369004 8
0.368874 8
0.368744 8
0.368605 8
0.368468 8
0.368339 8
0.368198 8
0.368054 8
0.367937 8
0.367806 8
0.367682 8
0.367454 8
0.367324 8
0.367201 8
0.367092 8
0.366949 8
0.366841 8
0.366717 8
0.366586 8
0.366456 8
0.366319 8
0.366198 8
0.366075 8
0.365955 8
0.365825 8
0.365699 8
0.365561 8
0.365424 8
0.36529 8
0.365164 8
0.365036 8
0.364901 8
0.364786 8
0.364648 8
0.364542 8
0.364421 8
0.364292 8
0.364151 8
0.364029 8
0.363912 8
0.363793 8
0.363664 8
0.363536 8
0.363407 8
0.363145 8
0.363021 8
0.362885 8
0.362753 8
0.362496 8
0.362355 8
0.362232 8
0.362106 8
0.36198 8
0.361873 8
0.361736 8
0.361612 8
0.361488 8
0.361355 8
0.361121 8
0.360976 8
0.360854 8
0.360735 8
0.360625 8
0.360492 8
0.360354 8
0.360231 8
0.360084 8
0.359943 8
0.359812 8
0.359552 8
0.359412 8
0.359272 8
0.359137 8
0.35901 8
0.358885 8
0.35876 8
0.358638 8
0.358508 8
0.35837 8
0.358249 8
0.358148 8
0.358021 8
0.357897 8
0.357742 8
0.357608 8
0.357475 8
0.357353 8
0.357204 8
0.357073 8
0.356931 8
0.356794 8
0.356666 8
0.356531 8
0.356405 8
0.356275 8
0.356148 8
0.356032 8
0.355893 8
0.355773 8
0.355521 8
0.355403 8
0.355275 8
0.355144 8
0.355002 8
0.354893 8
0.354758 8
0.354642 8
0.354535 8
0.354396 8
0.35427 8
0.354144 8
0.354007 8
0.353878 8
0.353737 8
0.353622 8
0.353497 8
0.353366 8
0.353265 8
0.353135 8
0.353015 8
0.352891 8
0.352762 8
0.352639 8
0.352522 8
0.352401 8
0.352266 8
0.352122 8
0.351986 8
0.351872 8
0.351752 8
0.351625 8
0.3515 8
0.351386 8
0.351254 8
0.351119 8
0.351005 8
0.350867 8
0.350748 8
0.350635 8
0.350511 8
0.350382 8
0.350255 8
0.350104 8
0.349985 8
0.349867 8
0.349712 8
0.349571 8
0.349434 8
0.349311 8
0.349191 8
0.349047 8
0.348924 8
0.3488 8
0.348661 8
0.348531 8
0.348394 8
0.348268 8
0.348129 8
0.347994 8
0.347879 8
0.347761 8
0.347627 8
0.3475 8
0.347361 8
0.347242 8
0.347116 8
0.347 8
0.346874 8
0.346734 8
0.346622 8
0.346505 8
0.346389 8
0.346263 8
0.346132 8
0.346018 8
0.345892 8
0.345783 8
0.345648 8
0.345516 8
0.345389 8
0.345258 8
0.345009 8
0.344886 8
0.344774 8
0.34467 8
0.344544 8
0.344423 8
0.344291 8
0.344159 8
0.344018 8
0.343881 8
0.343754 8
0.343648 8
0.343514 8
0.343378 8
0.343263 8
0.343129 8
0.343016 8
0.342888 8
0.34275 8
0.342617 8
0.342503 8
0.3424 8
0.342294 8
0.342161 8
0.342034 8
0.341917 8
0.341802 8
0.341687 8
0.341565 8
0.341444 8
0.341305 8
0.341188 8
0.341078 8
0.340948 8
0.34083 8
0.340687 8
0.340548 8
0.34042 8
0.340291 8
0.340178 8
0.340047 8
0.339913 8
0.339794 8
0.339657 8
0.339555 8
0.339425 8
0.339304 8
0.339172 8
0.339038 8
0.338904 8
0.338783 8
0.338661 8
0.338541 8
0.338423 8
0.338319 8
0.3382 8
0.338069 8
0.337938 8
0.337804 8
0.337663 8
0.337544 8
0.337418 8
0.337287 8
0.337161 8
0.337039 8
0.337039 7
0.336909 7
0.336792 7
0.336665 7
0.336527 7
0.336402 7
0.336277 7
0.336146 7
0.336022 7
0.33589 7
0.335768 7
0.335657 7
0.335548 7
0.335418 7
0.335276 7
0.335146 7
0.335031 7
0.334901 7
0.334653 7
0.334518 7
0.334139 7
0.334011 7
0.333879 7
0.333751 7
0.333647 7
0.333519 7
0.333382 7
0.333254 7
0.333133 7
0.333008 7
0.332882 7
0.332742 7
0.33262 7
0.332376 7
0.332245 7
0.332133 7
0.331993 7
0.331882 7
0.331747 7
0.331619 7
0.331493 7
0.331362 7
0.331232 7
0.331122 7
0.330988 7
0.330867 7
0.330745 7
0.330616 7
0.330489 7
0.330371 7
0.330243 7
0.330115 7
0.329991 7
0.329861 7
0.329717 7
0.329588 7
0.329454 7
0.32933 7
0.329198 7
0.329046 7
0.328909 7
0.328774 7
0.328661 7
0.328554 7
0.32843 7
0.3283 7
0.328165 7
0.328043 7
0.327911 7
0.327783 7
0.32766 7
0.327529 7
0.327403 7
0.327279 7
0.327158 7
0.327036 7
0.32692 7
0.32678 7
0.326648 7
0.326516 7
0.326409 7
0.326266 7
0.326133 7
0.326003 7
0.32587 7
0.325748 7
0.325648 7
0.325516 7
0.325388 7
0.325268 7
0.325162 7
0.324917 7
0.324793 7
0.32466 7
0.324533 7
0.324407 7
0.324282 7
0.324163 7
0.324033 7
0.323911 7
0.323789 7
0.323643 7
0.323511 7
0.323366 7
0.323236 7
0.323104 7
0.322841 7
0.322711 7
0.322572 7
0.322436 7
0.322323 7
0.3222 7
0.322084 7
0.321958 7
0.321829 7
0.321692 7
0.321568 7
0.321441 7
0.321318 7
0.321184 7
0.321062 7
0.320929 7
0.320782 7
0.320647 7
0.320513 7
0.320378 7
0.320248 7
0.320113 7
0.319988 7
0.319872 7
0.319748 7
0.319494 7
0.319396 7
0.319265 7
0.319128 7
0.31888 7
0.318762 7
0.31863 7
0.318499 7
0.318375 7
0.318261 7
0.318139 7
0.318001 7
0.31786 7
0.317729 7
0.317601 7
0.317481 7
0.317356 7
0.317223 7
0.317092 7
0.316977 7
0.31687 7
0.316735 7
0.316604 7
0.316486 7
0.316351 7
0.316221 7
0.316111 7
0.315978 7
0.315866 7
0.315744 7
0.31561 7
0.315489 7
0.315348 7
0.315214 7
0.315074 7
0.314938 7
0.314805 7
0.314673 7
0.314553 7
0.314408 7
0.314288 7
0.314156 7
0.314035 7
0.313896 7
0.313761 7
0.313653 7
0.313521 7
0.313398 7
0.313269 7
0.313154 7
0.313016 7
0.31274 7
0.312599 7
0.312463 7
0.312357 7
0.312235 7
0.312099 7
0.311971 7
0.311821 7
0.311681 7
0.31154 7
0.311401 7
0.311266 7
0.311142 7
0.311023 7
0.310909 7
0.310771 7
0.310652 7
0.310521 7
0.310383 7
0.310252 7
0.310129 7
0.31 7
0.309873 7
0.309737 7
0.30961 7
0.309467 7
0.309339 7
0.309206 7
0.309077 7
0.308959 7
0.308839 7
0.308713 7
0.308601 7
0.308462 7
0.308309 7
0.308196 7
0.308073 7
0.307956 7
0.307825 7
0.307568 7
0.307431 7
0.307302 7
0.307171 7
0.307038 7
0.306913 7
0.306794 7
0.306664 7
0.306526 7
0.306403 7
0.306269 7
0.306138 7
0.306026 7
0.305889 7
0.305764 7
0.305637 7
0.305512 7
0.305387 7
0.305256 7
0.305136 7
0.305013 7
0.30493 6
0.304796 6
0.30466 6
0.304514 6
0.304386 6
0.304263 6
0.304014 6
0.303883 6
0.303745 6
0.30363 6
0.303495 6
0.303366 6
0.303228 6
0.303096 6
0.302968 6
0.302838 6
0.302704 6
0.302567 6
0.302446 6
0.302306 6
0.302179 6
0.302049 6
0.30193 6
0.301817 6
0.301693 6
0.301566 6
0.301434 6
0.301316 6
0.301199 6
0.301074 6
0.300939 6
0.300805 6
0.300668 6
0.300529 6
0.30038 6
0.300246 6
0.300106 6
0.299981 6
0.299841 6
0.299704 6
0.299589 6
0.299462 6
0.299333 6
0.299195 6
0.299072 6
0.298948 6
0.298833 6
0.298713 6
0.298617 5
0.298479 5
0.298371 5
0.298244 5
0.298115 5
0.297977 5
0.297844 5
0.297722 5
0.297592 5
0.297462 5
0.297196 5
0.297068 5
0.296938 5
0.296811 5
0.296678 5
0.296549 5
0.296412 5
0.296289 5
0.296157 5
0.296028 5
0.295892 5
0.295754 5
0.295634 5
0.29551 5
0.295368 5
0.295235 5
0.295115 5
0.29498 5
0.294846 5
0.294721 5
0.294603 5
0.294493 5
0.294371 5
0.294251 5
0.294119 5
0.293993 5
0.293866 5
0.293612 5
0.293482 5
0.293362 5
0.293236 5
0.29311 5
0.293006 5
0.29288 5
0.292761 5
0.292631 5
0.292504 5
0.292372 5
0.292244 5
0.292124 5
0.291999 5
0.291856 5
0.29174 5
0.29162 5
0.291505 5
0.291375 5
0.291252 5
0.291129 5
0.291 5
0.290881 5
0.290767 5
0.290655 5
0.290523 5
0.290385 5
0.290251 5
0.290119 5
0.290006 5
0.289913 4
0.289782 4
0.289653 4
0.289518 4
0.289399 4
0.289149 4
0.289014 4
0.288882 4
0.28875 4
0.288628 4
0.288498 4
0.28837 4
0.288246 4
0.288132 4
0.287997 4
0.287865 4
0.287737 4
0.287622 4
0.287486 4
0.287382 4
0.28725 4
0.287121 4
0.286995 4
0.286856 4
0.286735 4
0.286597 4
0.286462 4
0.286344 4
0.286239 4
0.286123 4
0.286003 4
0.285865 4
0.285757 4
0.285619 4
0.285485 4
0.285357 4
0.285234 4
0.285112 4
0.284973 4
0.284841 4
0.284693 4
0.284564 4
0.284435 4
0.28431 4
0.284183 4
0.284047 4
0.283917 4
0.283787 4
0.28368 4
0.283555 4
0.283436 4
0.283307 4
0.283185 4
0.283056 4
0.282913 4
0.282796 4
0.282665 4
0.282512 4
0.282377 4
0.282286 3
0.282168 3
0.282039 3
0.281921 3
0.281798 3
0.281664 3
0.28154 3
0.281405 3
0.28126 3
0.281134 3
0.281017 3
0.280898 3
0.280772 3
0.280635 3
0.280503 3
0.280372 3
0.280241 3
0.280128 3
0.280002 3
0.279882 3
0.27975 3
0.279621 3
0.279505 3
0.279372 3
0.279234 3
0.2791 3
0.278976 3
0.278842 3
0.278713 3
0.278585 3
0.278465 3
0.278334 3
0.278189 3
0.278072 3
0.27794 3
0.27781 3
0.277681 3
0.277536 3
0.277411 3
0.27717 3
0.277047 3
0.276924 3
0.276795 3
0.276671 3
0.276569 3
0.276455 3
0.276328 3
0.276197 3
0.276055 3
0.275783 3
0.275647 3
0.275504 3
0.275378 3
0.275258 3
0.27513 3
0.274996 3
0.274873 3
0.274732 3
0.274592 3
0.274464 3
0.274335 3
0.274197 3
0.274069 3
0.273942 3
0.273807 3
0.273682 3
0.273546 3
0.273418 3
0.273292 3
0.27316 3
0.272879 3
0.272757 3
0.272622 3
0.272492 3
0.272359 3
0.272229 3
0.272125 3
0.271997 3
0.271872 3
0.271748 3
0.271635 3
0.271504 3
0.271395 3
0.271278 3
0.271144 3
0.271017 3
0.270881 3
0.270746 3
0.270611 3
0.270486 3
0.270366 3
0.270232 3
0.270101 3
0.269953 3
0.269819 3
0.269685 3
0.269547 3
0.269424 3
0.269285 3
0.269158 3
0.269031 3
0.268909 3
0.268779 3
0.268652 3
0.268525 3
0.268405 3
0.268273 3
0.26814 3
0.267995 3
0.267872 3
0.267746 3
0.267629 3
0.267492 3
0.267358 3
0.267235 3
0.267108 3
0.266984 3
0.266866 3
0.266736 3
0.266599 3
0.266484 3
0.266365 3
0.266236 3
0.266123 3
0.265997 3
0.265867 3
0.265739 3
0.265601 3
0.265481 3
0.265354 3
0.265239 3
0.2651 3
0.264979 3
0.264854 3
0.264729 3
0.264626 3
0.264505 3
0.264382 3
0.264261 3
0.264126 3
0.263993 3
0.26387 3
0.263748 3
0.263632 3
0.263499 3
0.26337 3
0.263248 3
0.263128 3
0.26301 3
0.262879 3
0.262743 3
0.262631 3
0.262508 3
0.262386 3
0.262248 3
0.262121 3
0.261998 3
0.261877 3
0.261742 3
0.261604 3
0.261483 3
0.261348 3
0.261205 3
0.261073 3
0.260945 3
0.260819 3
0.260696 3
0.260556 3
0.260435 3
0.260301 3
0.260182 3
0.260056 3
0.259931 3
0.25981 3
0.259683 3
0.259541 3
0.259403 3
0.259265 3
0.259141 3
0.259022 3
0.258896 3
0.258768 3
0.258643 3
0.258518 3
0.258404 3
0.258274 3
0.258148 3
0.258023 3
0.257888 3
0.257741 3
0.257614 3
0.257492 3
0.25736 3
0.257238 3
0.257115 3
0.256991 3
0.256863 3
0.256714 3
0.256584 3
0.256453 3
0.256321 3
0.256193 3
0.256078 3
0.255938 3
0.255808 3
0.255677 3
0.255559 3
0.255428 3
0.255292 3
0.255169 3
0.255045 3
0.254915 3
0.254796 3
0.254681 3
0.25456 3
0.254422 3
0.254289 3
0.254159 3
0.254021 3
0.253882 3
0.253751 3
0.253631 3
0.2535 3
0.253374 3
0.253254 3
0.253123 3
0.253002 3
0.252871 3
0.252744 3
0.252624 3
0.252486 3
0.252375 3
0.252097 3
0.25196 3
0.251827 3
0.251702 3
0.251569 3
0.251439 3
0.251307 3
0.25118 3
0.251039 3
0.250926 3
0.250787 3
0.250643 3
0.250509 3
0.250393 3
0.250271 3
0.250145 3
0.250009 3
0.249896 3
0.249767 3
0.249635 3
0.249502 3
0.249367 3
0.249237 3
0.24911 3
0.248972 3
0.248844 3
0.24871 3
0.248587 3
0.248357 3
0.248225 3
0.248094 3
0.247955 3
0.247851 3
0.247729 3
0.247597 3
0.247466 3
0.247339 3
0.247217 3
0.247096 3
0.246966 3
0.246842 3
0.246612 3
0.246482 3
0.246357 3
0.246225 3
0.246081 3
0.24595 3
0.245822 3
0.245701 3
0.245567 3
0.24545 3
0.245329 3
0.245191 3
0.244916 3
0.244797 3
0.244683 3
0.244562 3
0.244441 3
0.244316 3
0.244186 3
0.24406 3
0.24393 3
0.243788 3
0.243535 3
0.243405 3
0.243274 3
0.243163 3
0.24303 3
0.242905 3
0.242778 3
0.242661 3
0.242551 3
0.242418 3
0.24229 3
0.242155 3
0.242028 3
0.241891 3
0.241769 3
0.241642 3
0.241522 3
0.241407 3
0.241291 3
0.241148 3
0.241008 3
0.240888 3
0.240758 3
0.240628 3
0.240488 3
0.240366 3
0.240245 3
0.240112 3
0.239981 3
0.239874 3
0.239752 3
0.239621 3
0.239497 3
0.239368 3
0.239254 3
0.239135 3
0.239012 3
0.238885 3
0.238767 3
0.238649 3
0.238518 3
0.238375 3
0.238237 3
0.238106 3
0.237985 3
0.237868 3
0.237732 3
0.237598 3
0.237461 3
0.237328 3
0.237201 3
0.237071 3
0.236939 3
0.236821 3
0.236713 3
0.236591 3
0.236451 3
0.236331 3
0.236204 3
0.236101 3
0.235984 3
0.235864 3
0.23574 3
0.235629 3
0.235504 3
0.235378 3
0.235256 3
0.235121 3
0.234991 3
0.234863 3
0.234739 3
0.234613 3
0.234498 3
0.234371 3
0.234258 3
0.234117 3
0.233992 3
0.233866 3
0.233613 3
0.233484 3
0.233369 3
0.233243 3
0.233122 3
0.233002 3
0.232875 3
0.232754 3
0.232633 3
0.23249 3
0.23235 3
0.232224 3
0.232097 3
0.231956 3
0.231825 3
0.231706 3
0.231586 3
0.231457 3
0.23132 3
0.231196 3
0.23107 3
0.230937 3
0.230819 3
0.230671 3
0.23042 3
0.230284 3
0.230154 3
0.230021 3
0.229894 3
0.229774 3
0.229527 3
0.229391 3
0.229269 3
0.229139 3
0.229004 3
0.228886 3
0.228756 3
0.228521 3
0.228389 3
0.228276 3
0.228145 3
0.228009 3
0.227881 3
0.227749 3
0.227629 3
0.227499 3
0.227364 3
0.227233 3
0.227102 3
0.22698 3
0.226835 3
0.22674 2
0.226612 2
0.226494 2
0.226369 2
0.226235 2
0.226111 2
0.225995 2
0.225864 2
0.225732 2
0.22559 2
0.225461 2
0.225339 2
0.225207 2
0.225073 2
0.224946 2
0.22481 2
0.2247 2
0.224579 2
0.224446 2
0.224318 2
0.224195 2
0.224075 2
0.223937 2
0.223813 2
0.223696 2
0.223564 2
0.223431 2
0.223306 2
0.223193 2
0.223055 2
0.22292 2
0.2228 2
0.222673 2
0.222551 2
0.222432 2
0.222315 2
0.222176 2
0.222053 2
0.221919 2
0.221786 2
0.221655 2
0.221517 2
0.221399 2
0.221273 2
0.221134 2
0.221015 2
0.220896 2
0.220771 2
0.220644 2
0.220515 2
0.220392 2
0.220268 2
0.220132 2
0.220003 2
0.219868 2
0.219731 2
0.219611 2
0.2195 2
0.219376 2
0.219249 2
0.219123 2
0.218991 2
0.218867 2
0.218748 2
0.218626 2
0.2185 2
0.218362 2
0.218233 2
0.218099 2
0.217976 2
0.217845 2
0.217721 2
0.217587 2
0.217451 2
0.217317 2
0.217214 2
0.217074 2
0.216945 2
0.216821 2
0.216562 2
0.216437 2
0.216306 2
0.216171 2
0.216059 2
0.215938 2
0.215804 2
0.215674 2
0.215546 2
0.215422 2
0.215295 2
0.21516 2
0.215037 2
0.214895 2
0.214774 2
0.214648 2
0.214515 2
0.214393 2
0.214258 2
0.214144 2
0.214027 2
0.213892 2
0.21376 2
0.213627 2
0.213509 2
0.213374 2
0.213255 2
0.213149 2
0.213024 2
0.21289 2
0.212768 2
0.212635 2
0.212513 2
0.212377 2
0.21224 2
0.212118 2
0.21199 2
0.211867 2
0.211729 2
0.211598 2
0.211471 2
0.211356 2
0.211211 2
0.211091 2
0.21097 2
0.210853 2
0.210711 2
0.210596 2
0.210464 2
0.210325 2
0.210206 2
0.21008 2
0.20996 2
0.209839 2
0.20971 2
0.209579 2
0.209463 2
0.209345 2
0.209208 2
0.209062 2
0.208943 2
0.208814 2
0.208683 2
0.208554 2
0.208418 2
0.208287 2
0.20817 2
0.207913 2
0.207785 2
0.207653 2
0.20752 2
0.207391 2
0.207265 2
0.207137 2
0.207006 2
0.206875 2
0.206743 2
0.206612 2
0.206477 2
0.206346 2
0.206093 2
0.205972 2
0.205838 2
0.205694 2
0.205559 2
0.205427 2
0.205292 2
0.205168 2
0.205031 2
0.204896 2
0.204769 2
0.20464 2
0.204517 2
0.204386 2
0.204272 2
0.204136 2
0.204009 2
0.203872 2
0.203738 2
0.203618 2
0.203494 2
0.20337 2
0.203262 2
0.203128 2
0.202999 2
0.202865 2
0.202738 2
0.202612 2
0.202487 2
0.202358 2
0.202233 2
0.202093 2
0.201966 2
0.201844 2
0.201722 2
0.201583 2
0.201455 2
0.201331 2
0.201074 2
0.200944 2
0.200823 2
0.200698 2
0.200571 2
0.200311 2
0.20022 1
0.200097 1
0.199961 1
0.199836 1
0.199712 1
0.199569 1
0.199327 1
0.199194 1
0.199067 1
0.198952 1
0.198826 1
0.198702 1
0.19857 1
0.19845 1
0.198314 1
0.19819 1
0.198069 1
0.197951 1
0.197824 1
0.197691 1
0.19758 1
0.197446 1
0.197317 1
0.197191 1
0.197054 1
0.196938 1
0.196819 1
0.196686 1
0.196568 1
0.196443 1
0.196314 1
0.196185 1
0.196052 1
0.195925 1
0.195799 1
0.195673 1
0.195555 1
0.195425 1
0.195303 1
0.195172 1
0.195048 1
0.194927 1
0.194792 1
0.19466 1
0.194525 1
0.194389 1
0.194282 1
0.194156 1
0.194023 1
0.1939 1
0.193759 1
0.193623 1
0.193498 1
0.193363 1
0.193234 1
0.193109 1
0.192991 1
0.192867 1
0.192724 1
0.192593 1
0.192455 1
0.192334 1
0.192213 1
0.192083 1
0.191963 1
0.191847 1
0.191716 1
0.191588 1
0.191451 1
0.191317 1
0.191192 1
0.191076 1
0.190947 1
0.190815 1
0.190694 1
0.190578 1
0.190454 1
0.190329 1
0.190191 1
0.190063 1
0.189927 1
0.189796 1
0.189666 1
0.189536 1
0.189404 1
0.189274 1
0.189143 1
0.189015 1
0.188886 1
0.188772 1
0.188633 1
0.18852 1
0.188391 1
0.188259 1
0.188131 1
0.188005 1
0.187877 1
0.187746 1
0.187633 1
0.187496 1
0.187377 1
0.187246 1
0.187114 1
0.186993 1
0.186864 1
0.186738 1
0.186613 1
0.18649 1
0.186347 1
0.186225 1
0.186104 1
0.185975 1
0.185856 1
0.185716 1
0.185586 1
0.185465 1
0.185329 1
0.185208 1
0.185085 1
0.184972 1
0.184845 1
0.184716 1
0.184586 1
0.18445 1
0.184321 1
0.184192 1
0.184075 1
0.183951 1
0.183826 1
0.183707 1
0.183564 1
0.183304 1
0.183189 1
0.183056 1
0.182928 1
0.182802 1
0.182681 1
0.182556 1
0.182444 1
0.182316 1
0.182199 1
0.182068 1
0.181937 1
0.181812 1
0.181695 1
0.181558 1
0.181434 1
0.181293 1
0.181168 1
0.181036 1
0.180893 1
0.180759 1
0.180633 1
0.180501 1
0.180381 1
0.180262 1
0.180136 1
0.180009 1
0.179896 1
0.179771 1
0.179651 1
0.179535 1
0.179409 1
0.179269 1
0.179136 1
0.179003 1
0.178875 1
0.178752 1
0.178618 1
0.178494 1
0.178358 1
0.178236 1
0.178111 1
0.177975 1
0.177846 1
0.177729 1
0.177603 1
0.177483 1
0.17736 1
0.177236 1
0.176982 1
0.176871 1
0.176749 1
0.176606 1
0.176466 1
0.17634 1
0.176206 1
0.176086 1
0.175959 1
0.175831 1
0.175705 1
0.175581 1
0.17546 1
0.175336 1
0.17521 1
0.175076 1
0.174946 1
0.17483 1
0.174696 1
0.174557 1
0.174422 1
0.174291 1
0.174169 1
0.174045 1
0.173911 1
0.173779 1
0.17365 1
0.173515 1
0.173377 1
0.173237 1
0.173106 1
0.172974 1
0.172869 1
0.172739 1
0.172623 1
0.172501 1
0.172373 1
0.17226 1
0.172146 1
0.172022 1
0.17189 1
0.171769 1
0.171639 1
0.171515 1
0.171402 1
0.171278 1
0.171154 1
0.171018 1
0.170878 1
0.170736 1
0.170619 1
0.170501 1
0.170363 1
0.170242 1
0.170114 1
0.169987 1
0.169867 1
0.169738 1
0.169608 1
0.169483 1
0.169349 1
0.169217 1
0.169099 1
0.16897 1
0.168833 1
0.168716 1
0.168587 1
0.168445 1
0.168309 1
0.168177 1
0.168063 1
0.167927 1
0.167793 1
0.167543 1
0.167406 1
0.167277 1
0.167154 1
0.167025 1
0.166884 1
0.16676 1
0.166622 1
0.166491 1
0.166358 1
0.16624 1
0.166123 1
0.165976 1
0.165849 1
0.165712 1
0.165584 1
0.165447 1
0.165327 1
0.165187 1
0.165098 0
0.16498 0
0.164847 0
0.164714 0
0.164569 0
0.164436 0
0.164313 0
0.164188 0
0.164054 0
0.163921 0
0.163792 0
0.163656 0
0.163529 0
0.163406 0
0.163285 0
0.16315 0
0.163017 0
0.16289 0
0.162764 0
0.162635 0
0.162505 0
0.162372 0
0.162237 0
0.162106 0
0.161986 0
0.161864 0
0.161729 0
0.161608 0
0.161481 0
0.161357 0
0.161234 0
0.161099 0
0.160961 0
0.160831 0
0.160701 0
0.160584 0
0.160454 0
0.160339 0
0.160212 0
0.160079 0
0.15994 0
0.159679 0
0.159543 0
0.159411 0
0.159295 0
0.159169 0
0.159025 0
0.158892 0
0.15876 0
0.15863 0
0.158517 0
0.158384 0
0.158248 0
0.158116 0
0.15799 0
0.157853 0
0.157732 0
0.1576 0
0.15746 0
0.157333 0
0.157204 0
0.157078 0
0.156964 0
0.15684 0
0.156713 0
0.156583 0
0.156453 0
0.156323 0
0.156202 0
0.156073 0
0.155943 0
0.155809 0
0.155681 0
0.155544 0
0.155415 0
0.155288 0
0.155158 0
0.155032 0
0.15489 0
0.154773 0
0.154645 0
0.154532 0
0.154402 0
0.154277 0
0.154161 0
0.154021 0
0.153884 0
0.153763 0
0.153642 0
0.153511 0
0.153389 0
0.153269 0
0.153136 0
0.153009 0
0.152887 0
0.152765 0
0.152625 0
0.152497 0
0.152367 0
0.152238 0
0.152103 0
0.151977 0
0.151827 0
0.151699 0
0.151572 0
0.15144 0
0.151304 0
0.151169 0
0.151044 0
0.150912 0
0.150776 0
0.150642 0
0.150505 0
0.150369 0
0.150245 0
0.150113 0
0.149986 0
0.149859 0
0.149736 0
0.14961 0
0.149494 0
0.149368 0
0.149246 0
0.14912 0
0.149006 0
0.148881 0
0.14876 0
0.148634 0
0.148512 0
0.148382 0
0.148257 0
0.148126 0
0.147996 0
0.147878 0
0.147746 0
0.147611 0
0.147484 0
0.147345 0
0.147213 0
0.147087 0
0.14695 0
0.146813 0
0.146688 0
0.146564 0
0.146437 0
0.146311 0
0.146186 0
0.146047 0
0.145921 0
0.145794 0
0.145669 0
0.145558 0
0.145428 0
0.145289 0
0.145159 0
0.145028 0
0.144906 0
0.14479 0
0.14466 0
0.14453 0
0.144398 0
0.144271 0
0.144132 0
0.144006 0
0.143871 0
0.143744 0
0.143608 0
0.143482 0
0.143346 0
0.14322 0
0.143081 0
0.142965 0
0.14283 0
0.142707 0
0.142564 0
0.14243 0
0.142281 0
0.142143 0
0.142003 0
0.141877 0
0.141752 0
0.141641 0
0.141504 0
0.141375 0
0.141248 0
0.141115 0
0.140977 0
0.14086 0
0.14073 0
0.140603 0
0.140477 0
0.140353 0
0.140212 0
0.140093 0
0.13983 0
0.139702 0
0.139568 0
0.13944 0
0.13931 0
0.139175 0
0.139054 0
0.138923 0
0.138801 0
0.13867 0
0.138542 0
0.138401 0
0.138272 0
0.13814 0
0.137872 0
0.137748 0
0.137619 0
0.137483 0
0.137361 0
0.137237 0
0.137104 0
0.136972 0
0.136841 0
0.13671 0
0.13657 0
0.136459 0
0.13632 0
0.136198 0
0.136075 0
0.135944 0
0.135818 0
0.135672 0
0.135546 0
0.135412 0
0.135273 0
0.135148 0
0.135028 0
0.134897 0
0.134784 0
0.134668 0
0.13454 0
0.134409 0
0.134284 0
0.134146 0
0.13401 0
0.133894 0
0.133755 0
0.133625 0
0.133499 0
0.133377 0
0.13325 0
0.133136 0
0.13301 0
0.132893 0
0.132771 0
0.132644 0
0.132515 0
0.132388 0
0.132262 0
0.132135 0
0.132021 0
0.131913 0
0.131779 0
0.131651 0
0.131531 0
0.131404 0
0.131279 0
0.131162 0
0.131046 0
0.130922 0
0.130801 0
0.130675 0
0.130546 0
0.130407 0
0.13028 0
0.130154 0
0.130026 0
0.129901 0
0.12977 0
0.129633 0
0.129509 0
0.12938 0
0.129243 0
0.129124 0
0.128999 0
0.12887 0
0.128729 0
0.128599 0
0.128468 0
0.128343 0
0.128205 0
0.128067 0
0.127949 0
0.127829 0
0.127703 0
0.127576 0
0.127453 0
0.127328 0
0.127205 0
0.127083 0
0.126964 0
0.126848 0
0.126696 0
0.126574 0
0.126441 0
0.126316 0
0.12619 0
0.126069 0
0.125936 0
0.125812 0
0.125686 0
0.125563 0
0.125423 0
0.125288 0
0.125164 0
0.125037 0
0.124915 0
0.124795 0
0.124671 0
0.12454 0
0.124425 0
0.124283 0
0.124155 0
0.124028 0
0.1239 0
0.12376 0
0.123629 0
0.123508 0
0.123393 0
0.123271 0
0.123146 0
0.123021 0
0.122771 0
0.122656 0
0.122521 0
0.12239 0
0.122255 0
0.122116 0
0.121983 0
0.121843 0
0.12172 0
0.121586 0
0.121483 0
0.121348 0
0.121221 0
0.121081 0
0.120955 0
0.120832 0
0.120691 0
0.120571 0
0.120438 0
0.120296 0
0.120165 0
0.120031 0
0.119902 0
0.119774 0
0.119634 0
0.119513 0
0.119385 0
0.119255 0
0.119122 0
0.118997 0
0.118874 0
0.118743 0
0.118608 0
0.118487 0
0.118377 0
0.118251 0
0.118119 0
0.11799 0
0.117851 0
0.117712 0
0.117584 0
0.117465 0
0.11734 0
0.117222 0
0.117099 0
0.116975 0
0.116836 0
0.116715 0
0.11658 0
0.116468 0
0.116334 0
0.116195 0
0.116063 0
0.115924 0
0.115801 0
0.115673 0
0.115554 0
0.115423 0
0.115283 0
0.115153 0
0.115012 0
0.11488 0
0.114768 0
0.114661 0
0.114522 0
0.114387 0
0.11425 0
0.114122 0
0.113994 0
0.113863 0
0.11373 0
0.113608 0
0.113477 0
0.11335 0
0.113217 0
0.113095 0
0.112965 0
0.112833 0
0.112706 0
0.112428 0
0.112325 0
0.11221 0
0.112077 0
0.111972 0
0.111853 0
0.11172 0
0.111582 0
0.111452 0
0.11132 0
0.11119 0
0.111071 0
0.110937 0
0.110806 0
0.110676 0
0.110558 0
0.110417 0
0.110291 0
0.110158 0
0.110028 0
0.109892 0
0.109757 0
0.109613 0
0.109484 0
0.109355 0
0.109216 0
0.109092 0
0.108966 0
0.108835 0
0.108706 0
0.108587 0
0.108453 0
0.108322 0
0.1082 0
0.108054 0
0.107927 0
0.107786 0
0.107662 0
0.107536 0
0.107278 0
0.107135 0
0.107017 0
0.106883 0
0.106781 0
0.10652 0
0.106392 0
0.106254 0
0.106125 0
0.106 0
0.105879 0
0.105753 0
0.105626 0
0.105497 0
0.10537 0
0.105245 0
0.105127 0
0.105002 0
0.104868 0
0.104744 0
0.104603 0
0.104466 0
0.104336 0
0.10419 0
0.104075 0
0.103941 0
0.103818 0
0.103693 0
0.103559 0
0.103453 0
0.10332 0
0.103194 0
0.103071 0
0.102957 0
0.102836 0
0.102708 0
0.102588 0
0.102458 0
0.102334 0
0.102202 0
0.102074 0
0.101931 0
0.101796 0
0.101671 0
0.101527 0
0.10139 0
0.101256 0
0.101129 0
0.100996 0
0.100867 0
0.100735 0
0.100602 0
0.100462 0
0.100347 0
0.100209 0
0.100079 0
0.0999505 0
0.099815 0
0.0996944 0
0.0995676 0
0.0994385 0
0.099168 0
0.0990422 0
0.0989169 0
0.0987831 0
0.0986583 0
0.0985286 0
0.098399 0
0.0982752 0
0.0981532 0
0.098029 0
0.0979064 0
0.0977703 0
0.0976443 0
0.0975169 0
0.0973967 0
0.0972692 0
0.0971423 0
0.0970193 0
0.0968831 0
0.0967486 0
0.0966279 0
0.0964989 0
0.0963617 0
0.0962514 0
0.0961387 0
0.0960093 0
0.0958827 0
0.0957664 0
0.0956376 0
0.0955022 0
0.0953699 0
0.0952495 0
0.0951138 0
0.0949966 0
0.0948637 0
0.0947342 0
0.0946168 0
0.0944864 0
0.094359 0
0.0942241 0
0.0940829 0
0.093953 0
0.093829 0
0.0936897 0
0.0935587 0
0.0934321 0
0.0933009 0
0.093176 0
0.0930431 0
0.092908 0
0.0927755 0
0.0926444 0
0.0925239 0
0.0924086 0
0.0922689 0
0.0921386 0
0.0920031 0
0.0918779 0
0.0917531 0
0.0916183 0
0.0915048 0
0.0913672 0
0.0912328 0
0.0910923 0
0.090966 0
0.0908345 0
0.0905776 0
0.0904554 0
0.0903367 0
0.0902016 0
0.0900714 0
0.0899382 0
0.0898047 0
0.0896877 0
0.0895521 0
0.0894331 0
0.0890272 0
0.0889042 0
0.0887722 0
0.0886529 0
0.0885139 0
0.0883789 0
0.0882553 0
0.0881265 0
0.0879963 0
0.0878647 0
0.0877433 0
0.0876211 0
0.0874942 0
0.0873683 0
0.0872363 0
0.087105 0
0.0869813 0
0.0868487 0
0.0867268 0
0.0866033 0
0.086466 0
0.0863457 0
0.0862124 0
0.0860834 0
0.0859498 0
0.0858215 0
0.0856912 0
0.0855567 0
0.0854187 0
0.0852814 0
0.0851532 0
0.085016 0
0.0848979 0
0.0847767 0
0.0846543 0
0.0845193 0
0.08438 0
0.0842571 0
0.0841303 0
0.0839956 0
0.083868 0
0.0837351 0
0.0836067 0
0.0834793 0
0.0833647 0
0.0832413 0
0.0831158 0
0.0829991 0
0.0828752 0
0.0827578 0
0.0826329 0
0.0824995 0
0.0823743 0
0.0822463 0
0.0821267 0
0.081995 0
0.0818632 0
0.0817473 0
0.081613 0
0.0814904 0
0.0813585 0
0.0812285 0
0.0810999 0
0.0809677 0
0.0808487 0
0.08073 0
0.0806049 0
0.0804802 0
0.0803465 0
0.0802216 0
0.0800891 0
0.0799699 0
0.0798421 0
0.0797181 0
0.0795912 0
0.0794643 0
0.0793317 0
0.079195 0
0.0790671 0
0.0789284 0
0.0787891 0
0.0786623 0
0.0785338 0
0.0783928 0
0.0782609 0
0.07814 0
0.0780197 0
0.0778986 0
0.0777699 0
0.0776504 0
0.077514 0
0.0773888 0
0.0772643 0
0.0771346 0
0.0770088 0
0.0768738 0
0.0767422 0
0.0766137 0
0.0764973 0
0.0763661 0
0.0762371 0
0.0761259 0
0.0759908 0
0.0758657 0
0.0757259 0
0.075603 0
0.0754781 0
0.0753385 0
0.0752087 0
0.0750748 0
0.074952 0
0.0746805 0
0.0745452 0
0.0744211 0
0.074297 0
0.0741813 0
0.0740503 0
0.0739267 0
0.0738005 0
0.0736752 0
0.0735395 0
0.0734039 0
0.0732825 0
0.0731594 0
0.0730329 0
0.0729 0
0.0727676 0
0.0726315 0
0.0725036 0
0.0723756 0
0.0722391 0
0.0721146 0
0.0719899 0
0.0718724 0
0.0717428 0
0.0716119 0
0.0714822 0
0.0713522 0
0.0712281 0
0.0710984 0
0.0709594 0
0.0708349 0
0.0707038 0
0.0705719 0
0.0704412 0
0.0703238 0
0.0702006 0
0.0700762 0
0.069955 0
0.0698234 0
0.0696948 0
0.0695686 0
0.0694283 0
0.0692921 0
0.0691654 0
0.0690383 0
0.0688982 0
0.0687734 0
0.0686455 0
0.0685141 0
0.0683971 0
0.0682702 0
0.0681308 0
0.0680017 0
0.0678825 0
0.0677513 0
0.0676232 0
0.0674947 0
0.0673755 0
0.0672448 0
0.0671322 0
0.0669981 0
0.0668583 0
0.0667239 0
0.0665996 0
0.0664739 0
0.0662218 0
0.0660912 0
0.0659636 0
0.0658339 0
0.0657012 0
0.065583 0
0.065451 0
0.0653216 0
0.0651981 0
0.0650642 0
0.0649422 0
0.0648053 0
0.064691 0
0.064553 0
0.0644289 0
0.0642973 0
0.0641656 0
0.0640357 0
0.0639264 0
0.0638058 0
0.063668 0
0.0635346 0
0.0634061 0
0.0632791 0
0.0631517 0
0.0630207 0
0.0628829 0
0.0627423 0
0.0626078 0
0.0624777 0
0.0623612 0
0.0622239 0
0.0620989 0
0.0619708 0
0.0618474 0
0.061713 0
0.0615995 0
0.061335 0
0.06121 0
0.0610903 0
0.0609634 0
0.0608386 0
0.060719 0
0.0605944 0
0.060474 0
0.0603387 0
0.0602101 0
0.0600887 0
0.059954 0
0.0598266 0
0.0596965 0
0.0595757 0
0.0594519 0
0.0593176 0
0.0591913 0
0.0590506 0
0.0589147 0
0.0587777 0
0.0586559 0
0.0585368 0
0.0584337 0
0.0583058 0
0.0581741 0
0.0580496 0
0.0579269 0
0.0577883 0
0.0576636 0
0.0575382 0
0.0574156 0
0.0572826 0
0.0571513 0
0.0570383 0
0.0568927 0
0.0567699 0
0.056644 0
0.0565094 0
0.0563821 0
0.0562641 0
0.056127 0
0.0559968 0
0.0558613 0
0.0557282 0
0.0555829 0
0.0554461 0
0.0553209 0
0.0552041 0
0.0550897 0
0.0549639 0
0.0548281 0
0.054689 0
0.0545579 0
0.0544248 0
0.0542933 0
0.0541703 0
0.0540397 0
0.0539142 0
0.0537912 0
0.0536587 0
0.0535255 0
0.0533999 0
0.0532551 0
0.0531142 0
0.0530094 0
0.0528836 0
0.05275 0
0.0526199 0
0.0524903 0
0.0523613 0
0.0522411 0
0.0521121 0
0.0519909 0
0.051841 0
0.051708 0
0.0515789 0
0.0514467 0
0.0513266 0
0.0511998 0
0.0510784 0
0.0509515 0
0.0508228 0
0.0506966 0
0.0505569 0
0.0504315 0
0.050294 0
0.0501627 0
0.0500262 0
0.0499057 0
0.0497691 0
0.0496484 0
0.0495065 0
0.0493761 0
0.0492451 0
0.0491265 0
0.0490004 0
0.0488745 0
0.0487524 0
0.0486217 0
0.0485009 0
0.0483783 0
0.0482403 0
0.0481006 0
0.0479791 0
0.0478489 0
0.0477045 0
0.0475721 0
0.0474499 0
0.0473172 0
0.0471894 0
0.0470602 0
0.0469289 0
0.0468057 0
0.0466959 0
0.0465607 0
0.0464377 0
0.0463104 0
0.0461859 0
0.0460457 0
0.0459139 0
0.0457865 0
0.0456544 0
0.0455244 0
0.0453869 0
0.0452519 0
0.045137 0
0.0450127 0
0.0448869 0
0.044633 0
0.0444952 0
0.0443698 0
0.0441205 0
0.0439721 0
0.0438431 0
0.0437151 0
0.0435912 0
0.0434591 0
0.0433233 0
0.0431929 0
0.0430612 0
0.0429155 0
0.0427894 0
0.0426607 0
0.0425267 0
0.0424076 0
0.0422751 0
0.0421703 0
0.0420359 0
0.0419021 0
0.0417608 0
0.0416302 0
0.0414981 0
0.0413608 0
0.0412389 0
0.0411122 0
0.0409763 0
0.040852 0
0.0407216 0
0.0405878 0
0.0404671 0
0.0403441 0
0.0402134 0
0.040078 0
0.0399482 0
0.0398113 0
0.0396836 0
0.0395532 0
0.0394304 0
0.0392969 0
0.0391743 0
0.0390404 0
0.0389163 0
0.0387862 0
0.0386522 0
0.0385196 0
0.0383776 0
0.0382403 0
0.0381074 0
0.0379779 0
0.037865 0
0.037741 0
0.0376127 0
0.0374732 0
0.0373403 0
0.0372139 0
0.0370949 0
0.036959 0
0.0368209 0
0.0366898 0
0.0365621 0
0.0364346 0
0.0363069 0
0.0361739 0
0.0360593 0
0.0359341 0
0.0356974 0
0.035568 0
0.0354476 0
0.0353116 0
0.0351776 0
0.0350498 0
0.034921 0
0.0347954 0
0.0346585 0
0.0345304 0
0.0344154 0
0.034289 0
0.0341727 0
0.0340503 0
0.0339279 0
0.0338152 0
0.0336904 0
0.0335633 0
0.0334311 0
0.033306 0
0.0331833 0
0.0330595 0
0.0329409 0
0.0328141 0
0.0326823 0
0.0325554 0
0.0324355 0
0.0323098 0
0.03218 0
0.0320509 0
0.0319205 0
0.0318073 0
0.0316691 0
0.0315461 0
0.0314164 0
0.0312947 0
0.0311651 0
0.03103 0
0.0309053 0
0.0307843 0
0.0306569 0
0.030531 0
0.0304057 0
0.0302908 0
0.0301674 0
0.0300386 0
0.0299059 0
0.0297698 0
0.0296465 0
0.0295113 0
0.0293888 0
0.0292507 0
0.029121 0
0.0289949 0
0.0288504 0
0.0287227 0
0.0285922 0
0.0284679 0
0.028342 0
0.0282176 0
0.0280961 0
0.0279671 0
0.0278458 0
0.0277142 0
0.0275956 0
0.0274664 0
0.0273339 0
0.0272035 0
0.027065 0
0.0269265 0
0.0267904 0
0.0266651 0
0.026551 0
0.0264267 0
0.0262913 0
0.0261645 0
0.0260378 0
0.0259083 0
0.025798 0
0.0256586 0
0.0255281 0
0.0253992 0
0.0252827 0
0.0251299 0
0.0250077 0
0.0248735 0
0.0247535 0
0.024627 0
0.0245029 0
0.0243791 0
0.0242542 0
0.0241307 0
0.0239913 0
0.0238534 0
0.0237357 0
0.0234731 0
0.0233299 0
0.0232016 0
0.0230878 0
0.0229561 0
0.0228225 0
0.0226961 0
0.0225472 0
0.0224225 0
0.0222951 0
0.0220255 0
0.0218957 0
0.0217723 0
0.0216472 0
0.0215038 0
0.0213547 0
0.0212238 0
0.0211045 0
0.0209757 0
0.0208555 0
0.0207355 0
0.0206006 0
0.0204801 0
0.020354 0
0.0202194 0
0.020091 0
0.0199634 0
0.0198362 0
0.0196953 0
0.0195637 0
0.0194388 0
0.0193092 0
0.019181 0
0.0190557 0
0.0189282 0
0.0187979 0
0.0186624 0
0.0185368 0
0.0184044 0
0.0182705 0
0.0181504 0
0.0180256 0
0.017901 0
0.0177747 0
0.0176556 0
0.0175234 0
0.0174089 0
0.0172884 0
0.0171601 0
0.0170442 0
0.0169251 0
0.0167916 0
0.0166678 0
0.0165375 0
0.0162791 0
0.0161526 0
0.0160312 0
0.0159113 0
0.0157703 0
0.0156356 0
0.0155062 0
0.0153789 0
0.0152422 0
0.0151139 0
0.0149969 0
0.0148684 0
0.0145857 0
0.0144526 0
0.014319 0
0.0141857 0
0.0140698 0
0.0139394 0
0.0138108 0
0.0136765 0
0.0135596 0
0.0134391 0
0.0133054 0
0.0131828 0
0.013055 0
0.0129275 0
0.012784 0
0.012667 0
0.0125458 0
0.0124139 0
0.0122839 0
0.0121553 0
0.0120254 0
0.0119022 0
0.0117819 0
0.0116521 0
0.0115213 0
0.0114024 0
0.011275 0
0.0111392 0
0.011008 0
0.0108831 0
0.0107537 0
0.0106301 0
0.0104925 0
0.0103602 0
0.0102322 0
0.0101023 0
0.00996819 0
0.00983734 0
0.00971967 0
0.00958427 0
0.00933995 0
0.0092051 0
0.00908455 0
0.00895362 0
0.00881839 0
0.00868452 0
0.00855995 0
0.00844322 0
0.00831886 0
0.00818364 0
0.00804143 0
0.00791981 0
0.00778669 0
0.00765013 0
0.00751587 0
0.00738035 0
0.00724442 0
0.00711613 0
0.00698907 0
0.00684884 0
0.00671745 0
0.00659531 0
0.00647184 0
0.00634212 0
0.00621191 0
0.0060737 0
0.0059545 0
0.005831 0
0.00570127 0
0.00558435 0
0.00545806 0
0.00533075 0
0.00520019 0
0.00507123 0
0.00494946 0
0.0048188 0
0.00470739 0
0.00457914 0
0.00445362 0
0.00432649 0
0.00418987 0
0.0040554 0
0.00393416 0
0.0038106 0
0.003697 0
0.00356966 0
0.00344366 0
0.00331735 0
0.00319745 0
0.00307104 0
0.00294961 0
0.00282328 0
0.002709 0
0.00258464 0
0.00245639 0
0.00233002 0
0.00220007 0
0.00207468 0
0.00194087 0
0.00182279 0
0.00169846 0
0.00157728 0
0.00144418 0
0.00130546 0
0.00117545 0
0.00104865 0
0.000917085 0
0.000793956 0
0.000658964 0
0.000524785 0
0.000386964 0
0.000251102 0
0.000120853 0
0 0