0.676916 2807
0.658649 359
0.651967 131
0.643745 70
0.635924 36
0.627999 25
0.6206 15
0.614864 14
0.609846 7
0.604969 6
0.598193 5
0.592632 5
0.587645 5
0.581873 3
0.575573 2
0.570056 2
0.565519 2
0.56241 1
0.55749 1
0.55095 1
0.54497 1
0.540849 0
0.536189 0
0.532744 0
0.5276 0
0.522222 0
0.516074 0
0.510251 0
0.502594 0
0.497524 0
0.490756 0
0.486604 0
0.482097 0
0.477146 0
0.473427 0
0.468929 0
0.463611 0
0.458121 0
0.452569 0
0.447823 0
0.443356 0
0.439434 0
0.434947 0
0.430033 0
0.426231 0
0.42114 0
0.415647 0
0.410584 0
0.405462 0
0.400729 0
0.396451 0
0.390402 0
0.38677 0
0.380739 0
0.375772 0
0.371342 0
0.366931 0
0.362501 0
0.357113 0
0.353267 0
0.347777 0
0.342246 0
0.336533 0
0.331424 0
0.326446 0
0.321356 0
0.31703 0
0.312224 0
0.30724 0
0.30366 0
0.298946 0
0.29514 0
0.291828 0
0.287698 0
0.284171 0
0.279463 0
0.27548 0
0.272189 0
0.268482 0
0.264039 0
0.259989 0
0.256013 0
0.251351 0
0.24788 0
0.245501 0
0.242015 0
0.238469 0
0.234779 0
0.231922 0
0.22846 0
0.224066 0
0.220238 0
0.216237 0
0.212411 0
0.208281 0
0.203804 0
0.200565 0
0.198099 0
0.196064 0
0.193878 0
0.191178 0
0.186854 0
0.18376 0
0.180246 0
0.178454 0
0.176328 0
0.173122 0
0.169479 0
0.165762 0
0.162432 0
0.159956 0
0.156274 0
0.151737 0
0.148933 0
0.145809 0
0.143244 0
0.140515 0
0.138046 0
0.134126 0
0.129091 0
0.127043 0
0.124521 0
0.122241 0
0.120521 0
0.118002 0
0.116597 0
0.114147 0
0.111545 0
0.11011 0
0.108522 0
0.106004 0
0.10396 0
0.102268 0
0.100867 0
0.0991229 0
0.0964307 0
0.0925583 0
0.0898258 0
0.0874012 0
0.0855603 0
0.0826507 0
0.080619 0
0.0795305 0
0.077957 0
0.0763884 0
0.0745138 0
0.0720271 0
0.0701889 0
0.0688269 0
0.0669991 0
0.0651617 0
0.0634923 0
0.0610914 0
0.0596795 0
0.0593593 0
0.0580672 0
0.0568041 0
0.0547697 0
0.0533507 0
0.0531723 0
0.0519372 0
0.0511513 0
0.049793 0
0.0481282 0
0.0468461 0
0.0462227 0
0.0457218 0
0.0447718 0
0.0438138 0
0.0423454 0
0.0410712 0
0.0396618 0
0.0382551 0
0.036849 0
0.035896 0
0.0346754 0
0.0338616 0
0.033392 0
0.0329395 0
0.031503 0
0.030692 0
0.0291292 0
0.0278886 0
0.0267942 0
0.0258513 0
0.0253766 0
0.0250559 0
0.0245676 0
0.0242528 0
0.0236653 0
0.022865 0
0.0217907 0
0.0209671 0
0.0203451 0
0.0195467 0
0.0184319 0
0.0182704 0
0.0173451 0
0.0168734 0
0.0167015 0
0.0162479 0
0.0150286 0
0.0145526 0
0.0142353 0
0.0139506 0
0.0130359 0
0.0126964 0
0.0120656 0
0.0117456 0
0.0112761 0
0.0106205 0
0.0104536 0
0.0101459 0
0.00983665 0
0.00934343 0
0.00886563 0
0.008727 0
0.00843918 0
0.00794602 0
0.00763982 0
0.0073545 0
0.00720382 0
0.00672398 0
0.00642411 0
0.00627236 0
0.00612932 0
0.00596706 0
0.00582804 0
0.00550584 0
0.00516415 0
0.00468599 0
0.00437036 0
0.00405166 0
0.00390709 0
0.00375737 0
0.003452 0
0.00316036 0
0.00267874 0
0.00251992 0
0.00235857 0
0.00221265 0
0.00205961 0
0.00173083 0
0.00143291 0
0.0011299 0
0.000975815 0
0.000812755 0
0.000641335 0
0.000476183 0
0.000314183 0
0.00014361 0
0 0
