0.659213 1.000000
0.754335 2.000000
0.776601 3.000000
0.798879 4.000000
0.817441 5.000000
0.822864 6.000000
0.829427 7.000000
0.833883 8.000000
0.845872 9.000000
0.847229 10.000000
0.850899 11.000000
0.855336 12.000000
0.857460 13.000000
0.860172 14.000000
0.861525 15.000000
0.863071 16.000000
0.863266 17.000000
0.863846 18.000000
0.864814 19.000000
0.865784 20.000000
0.866362 21.000000
0.866362 22.000000
0.867523 23.000000
0.868682 24.000000
0.869068 25.000000
0.869068 26.000000
0.869261 27.000000
0.869647 28.000000
0.870035 29.000000
0.871386 30.000000
0.871772 31.000000
0.872549 32.000000
0.872549 33.000000
0.872549 34.000000
0.873515 35.000000
0.874482 36.000000
0.875064 37.000000
0.875257 38.000000
0.875450 39.000000
0.875645 40.000000
0.875838 41.000000
0.876032 42.000000
0.876032 43.000000
0.876225 44.000000
0.876416 45.000000
0.877192 46.000000
0.877193 47.000000
0.877581 48.000000
0.877776 49.000000
0.878548 50.000000
0.878743 51.000000
0.878743 52.000000
0.878936 53.000000
0.879517 54.000000
0.879711 55.000000
0.880096 56.000000
0.880290 57.000000
0.880484 58.000000
0.880677 59.000000
0.881061 60.000000
0.881254 61.000000
0.881447 62.000000
0.882219 63.000000
0.882219 64.000000
0.882412 65.000000
0.882412 66.000000
0.882412 67.000000
0.882606 68.000000
0.882799 69.000000
0.883377 70.000000
0.883572 71.000000
0.883765 72.000000
0.884152 73.000000
0.884152 74.000000
0.884537 75.000000
0.884537 76.000000
0.884730 77.000000
0.884730 78.000000
0.884730 79.000000
0.884730 80.000000
0.884730 81.000000
0.884730 82.000000
0.884729 83.000000
0.885114 84.000000
0.885114 85.000000
0.885114 86.000000
0.885308 87.000000
0.885501 88.000000
0.885501 89.000000
0.885501 90.000000
0.885501 91.000000
0.885501 92.000000
0.885694 93.000000
0.885887 94.000000
0.885887 95.000000
0.885887 96.000000
0.886273 97.000000
0.886661 98.000000
0.886661 99.000000
0.886661 100.000000
0.886661 101.000000
0.886854 102.000000
0.886854 103.000000
0.886854 104.000000
0.886854 105.000000
0.886854 106.000000
0.887047 107.000000
0.887047 108.000000
0.887240 109.000000
0.887433 110.000000
0.887433 111.000000
0.888015 112.000000
0.888015 113.000000
0.888015 114.000000
0.888015 115.000000
0.888015 116.000000
0.888015 117.000000
0.888015 118.000000
0.888015 119.000000
0.888015 120.000000
0.888015 121.000000
0.888207 122.000000
0.888592 123.000000
0.888592 124.000000
0.888592 125.000000
0.888592 126.000000
0.888785 127.000000
0.888785 128.000000
0.888785 129.000000
0.888785 130.000000
0.888785 131.000000
0.888785 132.000000
0.888979 133.000000
0.888979 134.000000
0.888979 135.000000
0.888979 136.000000
0.888979 137.000000
0.888979 138.000000
0.889173 139.000000
0.889173 140.000000
0.889563 141.000000
0.889757 142.000000
0.890339 143.000000
0.890339 144.000000
0.890339 145.000000
0.890339 146.000000
0.890339 147.000000
0.890725 148.000000
0.890725 149.000000
0.890725 150.000000
0.890725 151.000000
0.890725 152.000000
0.890918 153.000000
0.890918 154.000000
0.890918 155.000000
0.890918 156.000000
0.890918 157.000000
0.890918 158.000000
0.890918 159.000000
0.890918 160.000000
0.891111 161.000000
0.891111 162.000000
0.891111 163.000000
0.891111 164.000000
0.891111 165.000000
0.891111 166.000000
0.891111 167.000000
0.891111 168.000000
0.891111 169.000000
0.891111 170.000000
0.891111 171.000000
0.891111 172.000000
0.891111 173.000000
0.891111 174.000000
0.891111 175.000000
0.891111 176.000000
0.891306 177.000000
0.892074 178.000000
0.892268 179.000000
0.892268 180.000000
0.892268 181.000000
0.892268 182.000000
0.892268 183.000000
0.892461 184.000000
0.892461 185.000000
0.892461 186.000000
0.892461 187.000000
0.892461 188.000000
0.892653 189.000000
0.892653 190.000000
0.892653 191.000000
0.892653 192.000000
0.892653 193.000000
0.892653 194.000000
0.892847 195.000000
0.892847 196.000000
0.892847 197.000000
0.893041 198.000000
0.893041 199.000000
0.893041 200.000000
0.893041 201.000000
0.893041 202.000000
0.893041 203.000000
0.893041 204.000000
0.893041 205.000000
0.893041 206.000000
0.893041 207.000000
0.893234 208.000000
0.893234 209.000000
0.893234 210.000000
0.893234 211.000000
0.893429 212.000000
0.893429 213.000000
0.893429 214.000000
0.893429 215.000000
0.893623 216.000000
0.893623 217.000000
0.893623 218.000000
0.893623 219.000000
0.893623 220.000000
0.893816 221.000000
0.893816 222.000000
0.893816 223.000000
0.893816 224.000000
0.893816 225.000000
0.893816 226.000000
0.893816 227.000000
0.893816 228.000000
0.893816 229.000000
0.893816 230.000000
0.893816 231.000000
0.893816 232.000000
0.893816 233.000000
0.893816 234.000000
0.893816 235.000000
0.893816 236.000000
0.893816 237.000000
0.893816 238.000000
0.894011 239.000000
0.894011 240.000000
0.894011 241.000000
0.894206 242.000000
0.894206 243.000000
0.894206 244.000000
0.894206 245.000000
0.894206 246.000000
0.894206 247.000000
0.894206 248.000000
0.894206 249.000000
0.894206 250.000000
0.894206 251.000000
0.894206 252.000000
0.894206 253.000000
0.894206 254.000000
0.894206 255.000000
0.894206 256.000000
0.894206 257.000000
0.894206 258.000000
0.894206 259.000000
0.894206 260.000000
0.894206 261.000000
0.894206 262.000000
0.894206 263.000000
0.894206 264.000000
0.894206 265.000000
0.894206 266.000000
0.894400 267.000000
0.894400 268.000000
0.894400 269.000000
0.894400 270.000000
0.894593 271.000000
0.894593 272.000000
0.894787 273.000000
0.894787 274.000000
0.894787 275.000000
0.894787 276.000000
0.894787 277.000000
0.894981 278.000000
0.894981 279.000000
0.894981 280.000000
0.895367 281.000000
0.895367 282.000000
0.895367 283.000000
0.895367 284.000000
0.895367 285.000000
0.895367 286.000000
0.895367 287.000000
0.895367 288.000000
0.895367 289.000000
0.895367 290.000000
0.895367 291.000000
0.895367 292.000000
0.895367 293.000000
0.895367 294.000000
0.895367 295.000000
0.895367 296.000000
0.895367 297.000000
0.895367 298.000000
0.895562 299.000000
0.895562 300.000000
0.895562 301.000000
0.895756 302.000000
0.895756 303.000000
0.895756 304.000000
0.895756 305.000000
0.895756 306.000000
0.895756 307.000000
0.895756 308.000000
0.895756 309.000000
0.895756 310.000000
0.895756 311.000000
0.895949 312.000000
0.895949 313.000000
0.895949 314.000000
0.896339 315.000000
0.896339 316.000000
0.896339 317.000000
0.896339 318.000000
0.896339 319.000000
0.896339 320.000000
0.896339 321.000000
0.896339 322.000000
0.896339 323.000000
0.896339 324.000000
0.896533 325.000000
0.896533 326.000000
0.896533 327.000000
0.896533 328.000000
0.896533 329.000000
0.896533 330.000000
0.896533 331.000000
0.896533 332.000000
0.896726 333.000000
0.896726 334.000000
0.896726 335.000000
0.896726 336.000000
0.896726 337.000000
0.896726 338.000000
0.896726 339.000000
0.896726 340.000000
0.896726 341.000000
0.896726 342.000000
0.896726 343.000000
0.896921 344.000000
0.896921 345.000000
0.896921 346.000000
0.896921 347.000000
0.896921 348.000000
0.896921 349.000000
0.896921 350.000000
0.896921 351.000000
0.896921 352.000000
0.896921 353.000000
0.896921 354.000000
0.896921 355.000000
0.896921 356.000000
0.896921 357.000000
0.896921 358.000000
0.896921 359.000000
0.896921 360.000000
0.896921 361.000000
0.896921 362.000000
0.896921 363.000000
0.897113 364.000000
0.897113 365.000000
0.897113 366.000000
0.897113 367.000000
0.897113 368.000000
0.897113 369.000000
0.897113 370.000000
0.897113 371.000000
0.897113 372.000000
0.897113 373.000000
0.897113 374.000000
0.897113 375.000000
0.897113 376.000000
0.897113 377.000000
0.897113 378.000000
0.897113 379.000000
0.897113 380.000000
0.897113 381.000000
0.897113 382.000000
0.897113 383.000000
0.897113 384.000000
0.897113 385.000000
0.896918 386.000000
0.896918 387.000000
0.896918 388.000000
0.896918 389.000000
0.897113 390.000000
0.897113 391.000000
0.897113 392.000000
0.897113 393.000000
0.897113 394.000000
0.897113 395.000000
0.897113 396.000000
0.897113 397.000000
0.897113 398.000000
0.897113 399.000000
0.897113 400.000000
0.897113 401.000000
0.897113 402.000000
0.897113 403.000000
0.897307 404.000000
0.897307 405.000000
0.897307 406.000000
0.897307 407.000000
0.897307 408.000000
0.897307 409.000000
0.897307 410.000000
0.897307 411.000000
0.897307 412.000000
0.897307 413.000000
0.897499 414.000000
0.897692 415.000000
0.897692 416.000000
0.897692 417.000000
0.897692 418.000000
0.897692 419.000000
0.897692 420.000000
0.897692 421.000000
0.897692 422.000000
0.897692 423.000000
0.897692 424.000000
0.897692 425.000000
0.897692 426.000000
0.897692 427.000000
0.897692 428.000000
0.897692 429.000000
0.897692 430.000000
0.897692 431.000000
0.897692 432.000000
0.897692 433.000000
0.897692 434.000000
0.897692 435.000000
0.897692 436.000000
0.897692 437.000000
0.897692 438.000000
0.897692 439.000000
0.897692 440.000000
0.897692 441.000000
0.897692 442.000000
0.897692 443.000000
0.897692 444.000000
0.897692 445.000000
0.897692 446.000000
0.897692 447.000000
0.897692 448.000000
0.897692 449.000000
0.897692 450.000000
0.897692 451.000000
0.897692 452.000000
0.897692 453.000000
0.897692 454.000000
0.897692 455.000000
0.898077 456.000000
0.898077 457.000000
0.898077 458.000000
0.898077 459.000000
0.898077 460.000000
0.898077 461.000000
0.898077 462.000000
0.898077 463.000000
0.898077 464.000000
0.898077 465.000000
0.898077 466.000000
0.898077 467.000000
0.898077 468.000000
0.898077 469.000000
0.898077 470.000000
0.898077 471.000000
0.898077 472.000000
0.898077 473.000000
0.898077 474.000000
0.898077 475.000000
0.898077 476.000000
0.898077 477.000000
0.898270 478.000000
0.898270 479.000000
0.898270 480.000000
0.898270 481.000000
0.898270 482.000000
0.898270 483.000000
0.898270 484.000000
0.898270 485.000000
0.898270 486.000000
0.898270 487.000000
0.898270 488.000000
0.898465 489.000000
0.898465 490.000000
0.898465 491.000000
0.898465 492.000000
0.898465 493.000000
0.898465 494.000000
0.898659 495.000000
0.898659 496.000000
0.898659 497.000000
0.898659 498.000000
0.898659 499.000000
0.898659 500.000000
0.898659 501.000000
0.898659 502.000000
0.898659 503.000000
0.898659 504.000000
0.898659 505.000000
0.898659 506.000000
0.898659 507.000000
0.898853 508.000000
0.898853 509.000000
0.898853 510.000000
0.898853 511.000000
0.898853 512.000000
0.898853 513.000000
0.898853 514.000000
0.898853 515.000000
0.898853 516.000000
0.898853 517.000000
0.898853 518.000000
0.898853 519.000000
0.898853 520.000000
0.898853 521.000000
0.898853 522.000000
0.899048 523.000000
0.899048 524.000000
0.899048 525.000000
0.899048 526.000000
0.899241 527.000000
0.899241 528.000000
0.899241 529.000000
0.899241 530.000000
0.899241 531.000000
0.899241 532.000000
0.899241 533.000000
0.899241 534.000000
0.899241 535.000000
0.899241 536.000000
0.899241 537.000000
0.899241 538.000000
0.899241 539.000000
0.899241 540.000000
0.899241 541.000000
0.899241 542.000000
0.899241 543.000000
0.899241 544.000000
0.899241 545.000000
0.899241 546.000000
0.899241 547.000000
0.899241 548.000000
0.899241 549.000000
0.899241 550.000000
0.899241 551.000000
0.899241 552.000000
0.899241 553.000000
0.899241 554.000000
0.899241 555.000000
0.899241 556.000000
0.899241 557.000000
0.899241 558.000000
0.899241 559.000000
0.899241 560.000000
0.899241 561.000000
0.899241 562.000000
0.899241 563.000000
0.899241 564.000000
0.899241 565.000000
0.899241 566.000000
0.899241 567.000000
0.899241 568.000000
0.899241 569.000000
0.899241 570.000000
0.899241 571.000000
0.899433 572.000000
0.899627 573.000000
0.899627 574.000000
0.899627 575.000000
0.899627 576.000000
0.899627 577.000000
0.899627 578.000000
0.899627 579.000000
0.899627 580.000000
0.899627 581.000000
0.899627 582.000000
0.899627 583.000000
0.899627 584.000000
0.899627 585.000000
0.899627 586.000000
0.899627 587.000000
0.899627 588.000000
0.899627 589.000000
0.899627 590.000000
0.899627 591.000000
0.899627 592.000000
0.899627 593.000000
0.899627 594.000000
0.899627 595.000000
0.899627 596.000000
0.899627 597.000000
0.899627 598.000000
0.899627 599.000000
0.899627 600.000000
0.899627 601.000000
0.899820 602.000000
0.899820 603.000000
0.899820 604.000000
0.899820 605.000000
0.899820 606.000000
0.899820 607.000000
0.899820 608.000000
0.899820 609.000000
0.899820 610.000000
0.899820 611.000000
0.899820 612.000000
0.899820 613.000000
0.899820 614.000000
0.899820 615.000000
0.899820 616.000000
0.899820 617.000000
0.899820 618.000000
0.899820 619.000000
0.899820 620.000000
0.899820 621.000000
0.899820 622.000000
0.899820 623.000000
0.899820 624.000000
0.899820 625.000000
0.899820 626.000000
0.899820 627.000000
0.899820 628.000000
0.899820 629.000000
0.899820 630.000000
0.899820 631.000000
0.899820 632.000000
0.899820 633.000000
0.899820 634.000000
0.899820 635.000000
0.899820 636.000000
0.899820 637.000000
0.899820 638.000000
0.899820 639.000000
0.899820 640.000000
0.900013 641.000000
0.900013 642.000000
0.900013 643.000000
0.900013 644.000000
0.900013 645.000000
0.900013 646.000000
0.900013 647.000000
0.900013 648.000000
0.900013 649.000000
0.900013 650.000000
0.900013 651.000000
0.900013 652.000000
0.900013 653.000000
0.900013 654.000000
0.900013 655.000000
0.900013 656.000000
0.900013 657.000000
0.900013 658.000000
0.900013 659.000000
0.900013 660.000000
0.900013 661.000000
0.900013 662.000000
0.900013 663.000000
0.900013 664.000000
0.900013 665.000000
0.900013 666.000000
0.900013 667.000000
0.900013 668.000000
0.900013 669.000000
0.900013 670.000000
0.900013 671.000000
0.900013 672.000000
0.900013 673.000000
0.900013 674.000000
0.900013 675.000000
0.900013 676.000000
0.900013 677.000000
0.900013 678.000000
0.900013 679.000000
0.900013 680.000000
0.900013 681.000000
0.900013 682.000000
0.900013 683.000000
0.900013 684.000000
0.900013 685.000000
0.900013 686.000000
0.900013 687.000000
0.900013 688.000000
0.900013 689.000000
0.900013 690.000000
0.900013 691.000000
0.900013 692.000000
0.900013 693.000000
0.900013 694.000000
0.900013 695.000000
0.900013 696.000000
0.900013 697.000000
0.900013 698.000000
0.900013 699.000000
0.900013 700.000000
0.900013 701.000000
0.900013 702.000000
0.900013 703.000000
0.900013 704.000000
0.900013 705.000000
0.900013 706.000000
0.900013 707.000000
0.900013 708.000000
0.900013 709.000000
0.900013 710.000000
0.900013 711.000000
0.900013 712.000000
0.900013 713.000000
0.900013 714.000000
0.900013 715.000000
0.900013 716.000000
0.900013 717.000000
0.900013 718.000000
0.900013 719.000000
0.900013 720.000000
0.900013 721.000000
0.900013 722.000000
0.900013 723.000000
0.900013 724.000000
0.900013 725.000000
0.900013 726.000000
0.900013 727.000000
0.900013 728.000000
0.900013 729.000000
0.900013 730.000000
0.900013 731.000000
0.900013 732.000000
0.900013 733.000000
0.900013 734.000000
0.900013 735.000000
0.900013 736.000000
0.900013 737.000000
0.900013 738.000000
0.900013 739.000000
0.900013 740.000000
0.900013 741.000000
0.900013 742.000000
0.900013 743.000000
0.900013 744.000000
0.900013 745.000000
0.900013 746.000000
0.900013 747.000000
0.900013 748.000000
0.900013 749.000000
0.900013 750.000000
0.900013 751.000000
0.900013 752.000000
0.900013 753.000000
0.900013 754.000000
0.900013 755.000000
0.900013 756.000000
0.900013 757.000000
0.900013 758.000000
0.900013 759.000000
0.900013 760.000000
0.900013 761.000000
0.900013 762.000000
0.900013 763.000000
0.900013 764.000000
0.900013 765.000000
0.900013 766.000000
0.900013 767.000000
0.900013 768.000000
0.900013 769.000000
0.900013 770.000000
0.900013 771.000000
0.900013 772.000000
0.900013 773.000000
0.900013 774.000000
0.900013 775.000000
0.900013 776.000000
0.900013 777.000000
0.900013 778.000000
0.900013 779.000000
0.900013 780.000000
0.900013 781.000000
0.900013 782.000000
0.900013 783.000000
0.900013 784.000000
0.900013 785.000000
0.900013 786.000000
0.900013 787.000000
0.900013 788.000000
0.900013 789.000000
0.900013 790.000000
0.900013 791.000000
0.900013 792.000000
0.900013 793.000000
0.900013 794.000000
0.900013 795.000000
0.900013 796.000000
0.900013 797.000000
0.900013 798.000000
0.900013 799.000000
0.900013 800.000000
0.900013 801.000000
0.900013 802.000000
0.900013 803.000000
0.900013 804.000000
0.900013 805.000000
0.900013 806.000000
0.900013 807.000000
0.900013 808.000000
0.900013 809.000000
0.900013 810.000000
0.900013 811.000000
0.900013 812.000000
0.900013 813.000000
0.900013 814.000000
0.900013 815.000000
0.900013 816.000000
0.900013 817.000000
0.900013 818.000000
0.900013 819.000000
0.900013 820.000000
0.900013 821.000000
0.900013 822.000000
0.900013 823.000000
0.900013 824.000000
0.900013 825.000000
0.900013 826.000000
0.900013 827.000000
0.900013 828.000000
0.900013 829.000000
0.900013 830.000000
0.900013 831.000000
0.900013 832.000000
0.900013 833.000000
0.900013 834.000000
0.900013 835.000000
0.900013 836.000000
0.900013 837.000000
0.900013 838.000000
0.900013 839.000000
0.900013 840.000000
0.900013 841.000000
0.900013 842.000000
0.900013 843.000000
0.900013 844.000000
0.900013 845.000000
0.900013 846.000000
0.900013 847.000000
0.900013 848.000000
0.900013 849.000000
0.900013 850.000000
0.900013 851.000000
0.900013 852.000000
0.900013 853.000000
0.900013 854.000000
0.900013 855.000000
0.900013 856.000000
0.900013 857.000000
0.900013 858.000000
0.900013 859.000000
0.900013 860.000000
0.900013 861.000000
0.900013 862.000000
0.900013 863.000000
0.900013 864.000000
0.900013 865.000000
0.900013 866.000000
0.900013 867.000000
0.900013 868.000000
0.900013 869.000000
0.900013 870.000000
0.900013 871.000000
0.900013 872.000000
0.900013 873.000000
0.900013 874.000000
0.900013 875.000000
0.900013 876.000000
0.900013 877.000000
0.900013 878.000000
0.900013 879.000000
0.900013 880.000000
0.900013 881.000000
0.900013 882.000000
0.900013 883.000000
0.900013 884.000000
0.900013 885.000000
0.900013 886.000000
0.900013 887.000000
0.900013 888.000000
0.900013 889.000000
0.900013 890.000000
0.900013 891.000000
0.900013 892.000000
0.900013 893.000000
0.900013 894.000000
0.900013 895.000000
0.900013 896.000000
0.900013 897.000000
0.900013 898.000000
0.900013 899.000000
0.900013 900.000000
0.900013 901.000000
0.900013 902.000000
0.900013 903.000000
0.900013 904.000000
0.900013 905.000000
0.900013 906.000000
0.900013 907.000000
0.900013 908.000000
0.900013 909.000000
0.900013 910.000000
0.900013 911.000000
0.900013 912.000000
0.900013 913.000000
0.900013 914.000000
0.900013 915.000000
0.900013 916.000000
0.900013 917.000000
0.900013 918.000000
0.900013 919.000000
0.900013 920.000000
0.900013 921.000000
0.900013 922.000000
0.900013 923.000000
0.900013 924.000000
0.900013 925.000000
0.900013 926.000000
0.900013 927.000000
0.900013 928.000000
0.900013 929.000000
0.900013 930.000000
0.900013 931.000000
0.900013 932.000000
0.900013 933.000000
0.900013 934.000000
0.900013 935.000000
0.900013 936.000000
0.900013 937.000000
0.900013 938.000000
0.900013 939.000000
0.900013 940.000000
0.900013 941.000000
0.900013 942.000000
0.900013 943.000000
0.900013 944.000000
0.900013 945.000000
0.900013 946.000000
0.900013 947.000000
0.900013 948.000000
0.900013 949.000000
0.900013 950.000000
0.900013 951.000000
0.900013 952.000000
0.900013 953.000000
0.900013 954.000000
0.900013 955.000000
0.900013 956.000000
0.900013 957.000000
0.900013 958.000000
0.900013 959.000000
0.900013 960.000000
0.900013 961.000000
0.900013 962.000000
0.900013 963.000000
0.900013 964.000000
0.900013 965.000000
0.900013 966.000000
0.900013 967.000000
0.900013 968.000000
0.900013 969.000000
0.900013 970.000000
0.900013 971.000000
0.900013 972.000000
0.900013 973.000000
0.900013 974.000000
0.900013 975.000000
0.900013 976.000000
0.900013 977.000000
0.900013 978.000000
0.900013 979.000000
0.900013 980.000000
0.900013 981.000000
0.900013 982.000000
0.900013 983.000000
0.900013 984.000000
0.900013 985.000000
0.900013 986.000000
0.900013 987.000000
0.900013 988.000000
0.900013 989.000000
0.900013 990.000000
0.900013 991.000000
0.900013 992.000000
0.900013 993.000000
0.900013 994.000000
0.900013 995.000000
0.900013 996.000000
0.900013 997.000000
0.900013 998.000000
0.900013 999.000000
0.900013 1000.000000
0.900013 1001.000000
0.900013 1002.000000
0.900013 1003.000000
0.900013 1004.000000
0.900013 1005.000000
0.900013 1006.000000
0.900013 1007.000000
0.900013 1008.000000
0.900013 1009.000000
0.900013 1010.000000
0.900013 1011.000000
0.900013 1012.000000
0.900013 1013.000000
0.900013 1014.000000
0.900013 1015.000000
0.900013 1016.000000
0.900013 1017.000000
0.900013 1018.000000
0.900013 1019.000000
0.900013 1020.000000
0.900013 1021.000000
0.900013 1022.000000
0.900013 1023.000000
0.900013 1024.000000
0.900013 1025.000000
0.900013 1026.000000
0.900013 1027.000000
0.900013 1028.000000
0.900013 1029.000000
0.900013 1030.000000
0.900013 1031.000000
0.900013 1032.000000
0.900013 1033.000000
0.900013 1034.000000
0.900013 1035.000000
0.900013 1036.000000
0.900013 1037.000000
0.900013 1038.000000
0.900013 1039.000000
0.900013 1040.000000
0.900013 1041.000000
0.900013 1042.000000
0.900013 1043.000000
0.900013 1044.000000
0.900013 1045.000000
0.900013 1046.000000
0.900013 1047.000000
0.900013 1048.000000
0.900013 1049.000000
0.900013 1050.000000
0.900013 1051.000000
0.900013 1052.000000
0.900013 1053.000000
0.900013 1054.000000
0.900013 1055.000000
0.900013 1056.000000
0.900013 1057.000000
0.900013 1058.000000
0.900013 1059.000000
0.900013 1060.000000
0.900013 1061.000000
0.900013 1062.000000
0.900013 1063.000000
0.900013 1064.000000
0.900013 1065.000000
0.900013 1066.000000
0.900013 1067.000000
0.900013 1068.000000
0.900013 1069.000000
0.900013 1070.000000
0.900013 1071.000000
0.900013 1072.000000
0.900013 1073.000000
0.900013 1074.000000
0.900013 1075.000000
0.900013 1076.000000
0.900013 1077.000000
0.900013 1078.000000
0.900013 1079.000000
0.900013 1080.000000
0.900013 1081.000000
0.900013 1082.000000
0.900013 1083.000000
0.900013 1084.000000
0.900013 1085.000000
0.900013 1086.000000
0.900013 1087.000000
0.900013 1088.000000
0.900013 1089.000000
0.900013 1090.000000
0.900013 1091.000000
0.900013 1092.000000
0.900013 1093.000000
0.900013 1094.000000
0.900013 1095.000000
0.900013 1096.000000
0.900013 1097.000000
0.900013 1098.000000
0.900013 1099.000000
0.900013 1100.000000
0.900013 1101.000000
0.900013 1102.000000
0.900013 1103.000000
0.900013 1104.000000
0.900013 1105.000000
0.900013 1106.000000
0.900013 1107.000000
0.900013 1108.000000
0.900013 1109.000000
0.900013 1110.000000
0.900013 1111.000000
0.900013 1112.000000
0.900013 1113.000000
0.900013 1114.000000
0.900013 1115.000000
0.900013 1116.000000
0.900013 1117.000000
0.900013 1118.000000
0.900013 1119.000000
0.900013 1120.000000
0.900013 1121.000000
0.900013 1122.000000
0.900013 1123.000000
0.900013 1124.000000
0.900013 1125.000000
0.900013 1126.000000
0.900013 1127.000000
0.900013 1128.000000
0.900013 1129.000000
0.900013 1130.000000
0.900013 1131.000000
0.900013 1132.000000
0.900013 1133.000000
0.900013 1134.000000
0.900013 1135.000000
0.900013 1136.000000
0.900013 1137.000000
0.900013 1138.000000
0.900013 1139.000000
0.900013 1140.000000
0.900013 1141.000000
0.900013 1142.000000
0.900013 1143.000000
0.900013 1144.000000
0.900013 1145.000000
0.900013 1146.000000
0.900013 1147.000000
0.900013 1148.000000
0.900013 1149.000000
0.900013 1150.000000
0.900013 1151.000000
0.900013 1152.000000
0.900013 1153.000000
0.900013 1154.000000
0.900013 1155.000000
0.900013 1156.000000
0.900013 1157.000000
0.900013 1158.000000
0.900013 1159.000000
0.900013 1160.000000
0.900013 1161.000000
0.900013 1162.000000
0.900013 1163.000000
0.900013 1164.000000
0.900013 1165.000000
0.900013 1166.000000
0.900013 1167.000000
0.900013 1168.000000
0.900013 1169.000000
0.900013 1170.000000
0.900013 1171.000000
0.900013 1172.000000
0.900013 1173.000000
0.900013 1174.000000
0.900013 1175.000000
0.900013 1176.000000
0.900013 1177.000000
0.900013 1178.000000
0.900013 1179.000000
0.900013 1180.000000
0.900013 1181.000000
0.900013 1182.000000
0.900013 1183.000000
0.900013 1184.000000
0.900013 1185.000000
0.900013 1186.000000
0.900013 1187.000000
0.900013 1188.000000
0.900013 1189.000000
0.900013 1190.000000
0.900013 1191.000000
0.900013 1192.000000
0.900013 1193.000000
0.900013 1194.000000
0.900013 1195.000000
0.900013 1196.000000
0.900013 1197.000000
0.900013 1198.000000
0.900013 1199.000000
0.900013 1200.000000
0.900013 1201.000000
0.900013 1202.000000
0.900013 1203.000000
0.900013 1204.000000
0.900013 1205.000000
0.900013 1206.000000
0.900013 1207.000000
0.900013 1208.000000
0.900013 1209.000000
0.900013 1210.000000
0.900013 1211.000000
0.900013 1212.000000
0.900013 1213.000000
0.900013 1214.000000
0.900013 1215.000000
0.900013 1216.000000
0.900013 1217.000000
0.900013 1218.000000
0.900013 1219.000000
0.900013 1220.000000
0.900013 1221.000000
0.900013 1222.000000
0.900013 1223.000000
0.900013 1224.000000
0.900013 1225.000000
0.900013 1226.000000
0.900013 1227.000000
0.900013 1228.000000
0.900013 1229.000000
0.900013 1230.000000
0.900013 1231.000000
0.900013 1232.000000
0.900013 1233.000000
0.900013 1234.000000
0.900013 1235.000000
0.900013 1236.000000
0.900013 1237.000000
0.900013 1238.000000
0.900013 1239.000000
0.900013 1240.000000
0.900013 1241.000000
0.900013 1242.000000
0.900013 1243.000000
0.900013 1244.000000
0.900013 1245.000000
0.900013 1246.000000
0.900013 1247.000000
0.900013 1248.000000
0.900013 1249.000000
0.900013 1250.000000
0.900013 1251.000000
0.900013 1252.000000
0.900013 1253.000000
0.900013 1254.000000
0.900013 1255.000000
0.900013 1256.000000
0.900013 1257.000000
0.900013 1258.000000
0.900013 1259.000000
0.900013 1260.000000
0.900013 1261.000000
0.900013 1262.000000
0.900013 1263.000000
0.900013 1264.000000
0.900013 1265.000000
0.900013 1266.000000
0.900013 1267.000000
0.900013 1268.000000
0.900013 1269.000000
0.900013 1270.000000
0.900013 1271.000000
0.900013 1272.000000
0.900013 1273.000000
0.900013 1274.000000
0.900013 1275.000000
0.900013 1276.000000
0.900013 1277.000000
0.900013 1278.000000
0.900013 1279.000000
0.900013 1280.000000
0.900013 1281.000000
0.900013 1282.000000
0.900013 1283.000000
0.900013 1284.000000
0.900013 1285.000000
0.900013 1286.000000
0.900013 1287.000000
0.900013 1288.000000
0.900013 1289.000000
0.900013 1290.000000
0.900013 1291.000000
0.900013 1292.000000
0.900013 1293.000000
0.900013 1294.000000
0.900013 1295.000000
0.900013 1296.000000
0.900013 1297.000000
0.900013 1298.000000
0.900013 1299.000000
0.900013 1300.000000
0.900013 1301.000000
0.900013 1302.000000
0.900013 1303.000000
0.900013 1304.000000
0.900013 1305.000000
0.900013 1306.000000
0.900013 1307.000000
0.900013 1308.000000
0.900013 1309.000000
0.900013 1310.000000
0.900013 1311.000000
0.900013 1312.000000
0.900013 1313.000000
0.900013 1314.000000
0.900013 1315.000000
0.900013 1316.000000
0.900013 1317.000000
0.900013 1318.000000
0.900013 1319.000000
0.900013 1320.000000
0.900013 1321.000000
0.900013 1322.000000
0.900013 1323.000000
0.900013 1324.000000
0.900013 1325.000000
0.900013 1326.000000
0.900013 1327.000000
0.900013 1328.000000
0.900013 1329.000000
0.900013 1330.000000
0.900013 1331.000000
0.900013 1332.000000
0.900013 1333.000000
0.900013 1334.000000
0.900013 1335.000000
0.900013 1336.000000
0.900013 1337.000000
0.900013 1338.000000
0.900013 1339.000000
0.900013 1340.000000
0.900013 1341.000000
0.900013 1342.000000
0.900013 1343.000000
0.900013 1344.000000
0.900013 1345.000000
0.900013 1346.000000
0.900013 1347.000000
0.900013 1348.000000
0.900013 1349.000000
0.900013 1350.000000
0.900013 1351.000000
0.900013 1352.000000
0.900013 1353.000000
0.900013 1354.000000
0.900013 1355.000000
0.900013 1356.000000
0.900013 1357.000000
0.900013 1358.000000
0.900013 1359.000000
0.900013 1360.000000
0.900013 1361.000000
0.900013 1362.000000
0.900013 1363.000000
0.900013 1364.000000
0.900013 1365.000000
0.900013 1366.000000
0.900013 1367.000000
0.900013 1368.000000
0.900013 1369.000000
0.900013 1370.000000
0.900013 1371.000000
0.900013 1372.000000
0.900013 1373.000000
0.900013 1374.000000
0.900013 1375.000000
0.900013 1376.000000
0.900013 1377.000000
0.900013 1378.000000
0.900013 1379.000000
0.900013 1380.000000
0.900013 1381.000000
0.900013 1382.000000
0.900013 1383.000000
0.900013 1384.000000
0.900013 1385.000000
0.900013 1386.000000
0.900013 1387.000000
0.900013 1388.000000
0.900013 1389.000000
0.900013 1390.000000
0.900013 1391.000000
0.900013 1392.000000
0.900013 1393.000000
0.900013 1394.000000
0.900013 1395.000000
0.900013 1396.000000
0.900013 1397.000000
0.900013 1398.000000
0.900013 1399.000000
0.900013 1400.000000
0.900013 1401.000000
0.900013 1402.000000
0.900013 1403.000000
0.900013 1404.000000
0.900013 1405.000000
0.900013 1406.000000
0.900013 1407.000000
0.900013 1408.000000
0.900013 1409.000000
0.900013 1410.000000
0.900013 1411.000000
0.900013 1412.000000
0.900013 1413.000000
0.900013 1414.000000
0.900013 1415.000000
0.900013 1416.000000
0.900013 1417.000000
0.900013 1418.000000
0.900013 1419.000000
0.900013 1420.000000
0.900013 1421.000000
0.900013 1422.000000
0.900013 1423.000000
0.900013 1424.000000
0.900013 1425.000000
0.900013 1426.000000
0.900013 1427.000000
0.900013 1428.000000
0.900013 1429.000000
0.900013 1430.000000
0.900013 1431.000000
0.900013 1432.000000
0.900013 1433.000000
0.900013 1434.000000
0.900013 1435.000000
0.900013 1436.000000
0.900013 1437.000000
0.900013 1438.000000
0.900013 1439.000000
0.900013 1440.000000
0.900013 1441.000000
0.900013 1442.000000
0.900013 1443.000000
0.900013 1444.000000
0.900013 1445.000000
0.900013 1446.000000
0.900013 1447.000000
0.900013 1448.000000
0.900013 1449.000000
0.900013 1450.000000
0.900013 1451.000000
0.900013 1452.000000
0.900013 1453.000000
0.900013 1454.000000
0.900013 1455.000000
0.900013 1456.000000
0.900013 1457.000000
0.900013 1458.000000
0.900013 1459.000000
0.900013 1460.000000
0.900013 1461.000000
0.900013 1462.000000
0.900013 1463.000000
0.900013 1464.000000
0.900013 1465.000000
0.900013 1466.000000
0.900013 1467.000000
0.900013 1468.000000
0.900013 1469.000000
0.900013 1470.000000
0.900013 1471.000000
0.900013 1472.000000
0.900013 1473.000000
0.900013 1474.000000
0.900013 1475.000000
0.900013 1476.000000
0.900013 1477.000000
0.900013 1478.000000
0.900013 1479.000000
0.900013 1480.000000
0.900013 1481.000000
0.900013 1482.000000
0.900013 1483.000000
0.900013 1484.000000
0.900013 1485.000000
0.900013 1486.000000
0.900013 1487.000000
0.900013 1488.000000
0.900013 1489.000000
0.900013 1490.000000
0.900013 1491.000000
0.900013 1492.000000
0.900013 1493.000000
0.900013 1494.000000
0.900013 1495.000000
0.900013 1496.000000
0.900013 1497.000000
0.900013 1498.000000
0.900013 1499.000000
0.900013 1500.000000
0.900013 1501.000000
0.900013 1502.000000
0.900013 1503.000000
0.900013 1504.000000
0.900013 1505.000000
0.900013 1506.000000
0.900013 1507.000000
0.900013 1508.000000
0.900013 1509.000000
0.900013 1510.000000
0.900013 1511.000000
0.900013 1512.000000
0.900013 1513.000000
0.900013 1514.000000
0.900013 1515.000000
0.900013 1516.000000
0.900013 1517.000000
0.900013 1518.000000
0.900013 1519.000000
0.900013 1520.000000
0.900013 1521.000000
0.900013 1522.000000
0.900013 1523.000000
0.900013 1524.000000
0.900013 1525.000000
0.900013 1526.000000
0.900013 1527.000000
0.900013 1528.000000
0.900013 1529.000000
0.900013 1530.000000
0.900013 1531.000000
0.900013 1532.000000
0.900013 1533.000000
0.900013 1534.000000
0.900013 1535.000000
0.900013 1536.000000
0.900013 1537.000000
0.900013 1538.000000
0.900013 1539.000000
0.900013 1540.000000
0.900013 1541.000000
0.900013 1542.000000
0.900013 1543.000000
0.900013 1544.000000
0.900013 1545.000000
0.900013 1546.000000
0.900013 1547.000000
0.900013 1548.000000
0.900013 1549.000000
0.900013 1550.000000
0.900013 1551.000000
0.900013 1552.000000
0.900013 1553.000000
0.900013 1554.000000
0.900013 1555.000000
0.900013 1556.000000
0.900013 1557.000000
0.900013 1558.000000
0.900013 1559.000000
0.900013 1560.000000
0.900013 1561.000000
0.900013 1562.000000
0.900013 1563.000000
0.900013 1564.000000
0.900013 1565.000000
0.900013 1566.000000
0.900013 1567.000000
0.900013 1568.000000
0.900013 1569.000000
0.900013 1570.000000
0.900013 1571.000000
0.900013 1572.000000
0.900013 1573.000000
0.900013 1574.000000
0.900013 1575.000000
0.900013 1576.000000
0.900013 1577.000000
0.900013 1578.000000
0.900013 1579.000000
0.900013 1580.000000
0.900013 1581.000000
0.900013 1582.000000
0.900013 1583.000000
0.900013 1584.000000
0.900013 1585.000000
0.900013 1586.000000
0.900013 1587.000000
0.900013 1588.000000
0.900013 1589.000000
0.900013 1590.000000
0.900013 1591.000000
0.900013 1592.000000
0.900013 1593.000000
0.900013 1594.000000
0.900013 1595.000000
0.900013 1596.000000
0.900013 1597.000000
0.900013 1598.000000
0.900013 1599.000000
0.900013 1600.000000
0.900013 1601.000000
0.900013 1602.000000
0.900013 1603.000000
0.900013 1604.000000
0.900013 1605.000000
0.900013 1606.000000
0.900013 1607.000000
0.900013 1608.000000
0.900013 1609.000000
0.900013 1610.000000
0.900013 1611.000000
0.900013 1612.000000
0.900013 1613.000000
0.900013 1614.000000
0.900013 1615.000000
0.900013 1616.000000
0.900013 1617.000000
0.900013 1618.000000
0.900013 1619.000000
0.900013 1620.000000
0.900013 1621.000000
0.900013 1622.000000
0.900013 1623.000000
0.900013 1624.000000
0.900013 1625.000000
0.900013 1626.000000
0.900013 1627.000000
0.900013 1628.000000
0.900013 1629.000000
0.900013 1630.000000
0.900013 1631.000000
0.900013 1632.000000
0.900013 1633.000000
0.900013 1634.000000
0.900013 1635.000000
0.900013 1636.000000
0.900013 1637.000000
0.900013 1638.000000
0.900013 1639.000000
0.900013 1640.000000
0.900013 1641.000000
0.900013 1642.000000
0.900013 1643.000000
0.900013 1644.000000
0.900013 1645.000000
0.900013 1646.000000
0.900013 1647.000000
0.900013 1648.000000
0.900013 1649.000000
0.900013 1650.000000
0.900013 1651.000000
0.900013 1652.000000
0.900013 1653.000000
0.900013 1654.000000
0.900013 1655.000000
0.900013 1656.000000
0.900013 1657.000000
0.900013 1658.000000
0.900013 1659.000000
0.900013 1660.000000
0.900013 1661.000000
0.900013 1662.000000
0.900013 1663.000000
0.900013 1664.000000
0.900013 1665.000000
0.900013 1666.000000
0.900013 1667.000000
0.900013 1668.000000
0.900013 1669.000000
0.900013 1670.000000
0.900013 1671.000000
0.900013 1672.000000
0.900013 1673.000000
0.900013 1674.000000
0.900013 1675.000000
0.900013 1676.000000
0.900013 1677.000000
0.900013 1678.000000
0.900013 1679.000000
0.900013 1680.000000
0.900013 1681.000000
0.900013 1682.000000
0.900013 1683.000000
0.900013 1684.000000
0.900013 1685.000000
0.900013 1686.000000
0.900013 1687.000000
0.900013 1688.000000
0.900013 1689.000000
0.900013 1690.000000
0.900013 1691.000000
0.900013 1692.000000
0.900013 1693.000000
0.900013 1694.000000
0.900013 1695.000000
0.900013 1696.000000
0.900013 1697.000000
0.900013 1698.000000
0.900013 1699.000000
0.900013 1700.000000
0.900013 1701.000000
0.900013 1702.000000
0.900013 1703.000000
0.900013 1704.000000
0.900013 1705.000000
0.900013 1706.000000
0.900013 1707.000000
0.900013 1708.000000
0.900013 1709.000000
0.900013 1710.000000
0.900013 1711.000000
0.900013 1712.000000
0.900013 1713.000000
0.900013 1714.000000
0.900013 1715.000000
0.900013 1716.000000
0.900013 1717.000000
0.900013 1718.000000
0.900013 1719.000000
0.900013 1720.000000
0.900013 1721.000000
0.900013 1722.000000
0.900013 1723.000000
0.900013 1724.000000
0.900013 1725.000000
0.900013 1726.000000
0.900013 1727.000000
0.900013 1728.000000
0.900013 1729.000000
0.900013 1730.000000
0.900013 1731.000000
0.900013 1732.000000
0.900013 1733.000000
0.900013 1734.000000
0.900013 1735.000000
0.900013 1736.000000
0.900013 1737.000000
0.900013 1738.000000
0.900013 1739.000000
0.900013 1740.000000
0.900013 1741.000000
0.900013 1742.000000
0.900013 1743.000000
0.900013 1744.000000
0.900013 1745.000000
0.900013 1746.000000
0.900013 1747.000000
0.900013 1748.000000
0.900013 1749.000000
0.900013 1750.000000
0.900013 1751.000000
0.900013 1752.000000
0.900013 1753.000000
0.900013 1754.000000
0.900013 1755.000000
0.900013 1756.000000
0.900013 1757.000000
0.900013 1758.000000
0.900013 1759.000000
0.900013 1760.000000
0.900013 1761.000000
0.900013 1762.000000
0.900013 1763.000000
0.900013 1764.000000
0.900013 1765.000000
0.900013 1766.000000
0.900013 1767.000000
0.900013 1768.000000
0.900013 1769.000000
0.900013 1770.000000
0.900013 1771.000000
0.900013 1772.000000
0.900013 1773.000000
0.900013 1774.000000
0.900013 1775.000000
0.900013 1776.000000
0.900013 1777.000000
0.900013 1778.000000
0.900013 1779.000000
0.900013 1780.000000
0.900013 1781.000000
0.900013 1782.000000
0.900013 1783.000000
0.900013 1784.000000
0.900013 1785.000000
0.900013 1786.000000
0.900013 1787.000000
0.900013 1788.000000
0.900013 1789.000000
0.900013 1790.000000
0.900013 1791.000000
0.900013 1792.000000
0.900013 1793.000000
0.900013 1794.000000
0.900013 1795.000000
0.900013 1796.000000
0.900013 1797.000000
0.900013 1798.000000
0.900013 1799.000000
0.900013 1800.000000
0.900013 1801.000000
0.900013 1802.000000
0.900013 1803.000000
0.900013 1804.000000
0.900013 1805.000000
0.900013 1806.000000
0.900013 1807.000000
0.900013 1808.000000
0.900013 1809.000000
0.900013 1810.000000
0.900013 1811.000000
0.900013 1812.000000
0.900013 1813.000000
0.900013 1814.000000
0.900013 1815.000000
0.900013 1816.000000
0.900013 1817.000000
0.900013 1818.000000
0.900013 1819.000000
0.900013 1820.000000
0.900013 1821.000000
0.900013 1822.000000
0.900013 1823.000000
0.900013 1824.000000
0.900013 1825.000000
0.900013 1826.000000
0.900013 1827.000000
0.900013 1828.000000
0.900013 1829.000000
0.900013 1830.000000
0.900013 1831.000000
0.900013 1832.000000
0.900013 1833.000000
0.900013 1834.000000
0.900013 1835.000000
0.900013 1836.000000
0.900013 1837.000000
0.900013 1838.000000
0.900013 1839.000000
0.900013 1840.000000
0.900013 1841.000000
0.900013 1842.000000
0.900013 1843.000000
0.900013 1844.000000
0.900013 1845.000000
0.900013 1846.000000
0.900013 1847.000000
0.900013 1848.000000
0.900013 1849.000000
0.900013 1850.000000
0.900013 1851.000000
0.900013 1852.000000
0.900013 1853.000000
0.900013 1854.000000
0.900013 1855.000000
0.900013 1856.000000
0.900013 1857.000000
0.900013 1858.000000
0.900013 1859.000000
0.900013 1860.000000
0.900013 1861.000000
0.900013 1862.000000
0.900013 1863.000000
0.900013 1864.000000
0.900013 1865.000000
0.900013 1866.000000
0.900013 1867.000000
0.900013 1868.000000
0.900013 1869.000000
0.900013 1870.000000
0.900013 1871.000000
0.900013 1872.000000
0.900013 1873.000000
0.900013 1874.000000
0.900013 1875.000000
0.900013 1876.000000
0.900013 1877.000000
0.900013 1878.000000
0.900013 1879.000000
0.900013 1880.000000
0.900013 1881.000000
0.900013 1882.000000
0.900013 1883.000000
0.900013 1884.000000
0.900013 1885.000000
0.900013 1886.000000
0.900013 1887.000000
0.900013 1888.000000
0.900013 1889.000000
0.900013 1890.000000
0.900013 1891.000000
0.900013 1892.000000
0.900013 1893.000000
0.900013 1894.000000
0.900013 1895.000000
0.900013 1896.000000
0.900013 1897.000000
0.900013 1898.000000
0.900013 1899.000000
0.900013 1900.000000
0.900013 1901.000000
0.900013 1902.000000
0.900013 1903.000000
0.900013 1904.000000
0.900013 1905.000000
0.900013 1906.000000
0.900013 1907.000000
0.900013 1908.000000
0.900013 1909.000000
0.900013 1910.000000
0.900013 1911.000000
0.900013 1912.000000
0.900013 1913.000000
0.900013 1914.000000
0.900013 1915.000000
0.900013 1916.000000
0.900013 1917.000000
0.900013 1918.000000
0.900013 1919.000000
0.900013 1920.000000
0.900013 1921.000000
0.900013 1922.000000
0.900013 1923.000000
0.900013 1924.000000
0.900013 1925.000000
0.900013 1926.000000
0.900013 1927.000000
0.900013 1928.000000
0.900013 1929.000000
0.900013 1930.000000
0.900013 1931.000000
0.900013 1932.000000
0.900013 1933.000000
0.900013 1934.000000
0.900013 1935.000000
0.900013 1936.000000
0.900013 1937.000000
0.900013 1938.000000
0.900013 1939.000000
0.900013 1940.000000
0.900013 1941.000000
0.900013 1942.000000
0.900013 1943.000000
0.900013 1944.000000
0.900013 1945.000000
0.900013 1946.000000
0.900013 1947.000000
0.900013 1948.000000
0.900013 1949.000000
0.900013 1950.000000
0.900013 1951.000000
0.900013 1952.000000
0.900013 1953.000000
0.900013 1954.000000
0.900013 1955.000000
0.900013 1956.000000
0.900013 1957.000000
0.900013 1958.000000
0.900013 1959.000000
0.900013 1960.000000
0.900013 1961.000000
0.900013 1962.000000
0.900013 1963.000000
0.900013 1964.000000
0.900013 1965.000000
0.900013 1966.000000
0.900013 1967.000000
0.900013 1968.000000
0.900013 1969.000000
0.900013 1970.000000
0.900013 1971.000000
0.900013 1972.000000
0.900013 1973.000000
0.900013 1974.000000
0.900013 1975.000000
0.900013 1976.000000
0.900013 1977.000000
0.900013 1978.000000
0.900013 1979.000000
0.900013 1980.000000
0.900013 1981.000000
0.900013 1982.000000
0.900013 1983.000000
0.900013 1984.000000
0.900013 1985.000000
0.900013 1986.000000
0.900013 1987.000000
0.900013 1988.000000
0.900013 1989.000000
0.900013 1990.000000
0.900013 1991.000000
0.900013 1992.000000
0.900013 1993.000000
0.900013 1994.000000
0.900013 1995.000000
0.900013 1996.000000
0.900013 1997.000000
0.900013 1998.000000
0.900013 1999.000000
0.900013 2000.000000
