0.531332 1.000000
0.622874 2.000000
0.642890 3.000000
0.672864 4.000000
0.688525 5.000000
0.697349 6.000000
0.703335 7.000000
0.706232 8.000000
0.709348 9.000000
0.715518 10.000000
0.718289 11.000000
0.721123 12.000000
0.723769 13.000000
0.725965 14.000000
0.728624 15.000000
0.729345 16.000000
0.730156 17.000000
0.730823 18.000000
0.732335 19.000000
0.732542 20.000000
0.733679 21.000000
0.733752 22.000000
0.734346 23.000000
0.734690 24.000000
0.735453 25.000000
0.735850 26.000000
0.736108 27.000000
0.736285 28.000000
0.736434 29.000000
0.736530 30.000000
0.737570 31.000000
0.737830 32.000000
0.738600 33.000000
0.738600 34.000000
0.738860 35.000000
0.739283 36.000000
0.739898 37.000000
0.740481 38.000000
0.740805 39.000000
0.740805 40.000000
0.740956 41.000000
0.741080 42.000000
0.741192 43.000000
0.741417 44.000000
0.741805 45.000000
0.741912 46.000000
0.742009 47.000000
0.742286 48.000000
0.742418 49.000000
0.743035 50.000000
0.743035 51.000000
0.743298 52.000000
0.743418 53.000000
0.743501 54.000000
0.743932 55.000000
0.744228 56.000000
0.744357 57.000000
0.744589 58.000000
0.744641 59.000000
0.744818 60.000000
0.744973 61.000000
0.745637 62.000000
0.745957 63.000000
0.745957 64.000000
0.746240 65.000000
0.746391 66.000000
0.746531 67.000000
0.746593 68.000000
0.746593 69.000000
0.746593 70.000000
0.746768 71.000000
0.747274 72.000000
0.747850 73.000000
0.747850 74.000000
0.747980 75.000000
0.748206 76.000000
0.748358 77.000000
0.748500 78.000000
0.748500 79.000000
0.748500 80.000000
0.748500 81.000000
0.748500 82.000000
0.748500 83.000000
0.748500 84.000000
0.748787 85.000000
0.748810 86.000000
0.749214 87.000000
0.749214 88.000000
0.749214 89.000000
0.749215 90.000000
0.749342 91.000000
0.749342 92.000000
0.749486 93.000000
0.749486 94.000000
0.749486 95.000000
0.749637 96.000000
0.749637 97.000000
0.749637 98.000000
0.749787 99.000000
0.750041 100.000000
0.750041 101.000000
0.750084 102.000000
0.750130 103.000000
0.750220 104.000000
0.750220 105.000000
0.750220 106.000000
0.750220 107.000000
0.750233 108.000000
0.750542 109.000000
0.750542 110.000000
0.750672 111.000000
0.750738 112.000000
0.751015 113.000000
0.751194 114.000000
0.751194 115.000000
0.751194 116.000000
0.751194 117.000000
0.751194 118.000000
0.751250 119.000000
0.751284 120.000000
0.751284 121.000000
0.751284 122.000000
0.751284 123.000000
0.751284 124.000000
0.751553 125.000000
0.751807 126.000000
0.751807 127.000000
0.751847 128.000000
0.751863 129.000000
0.751976 130.000000
0.752061 131.000000
0.752061 132.000000
0.752061 133.000000
0.752183 134.000000
0.752183 135.000000
0.752234 136.000000
0.752315 137.000000
0.752315 138.000000
0.752315 139.000000
0.752315 140.000000
0.752315 141.000000
0.752643 142.000000
0.752816 143.000000
0.753090 144.000000
0.753226 145.000000
0.753226 146.000000
0.753226 147.000000
0.753240 148.000000
0.753325 149.000000
0.753444 150.000000
0.753645 151.000000
0.753645 152.000000
0.753645 153.000000
0.753645 154.000000
0.753772 155.000000
0.753772 156.000000
0.753772 157.000000
0.753772 158.000000
0.753772 159.000000
0.753903 160.000000
0.753903 161.000000
0.753939 162.000000
0.753981 163.000000
0.753981 164.000000
0.753981 165.000000
0.753982 166.000000
0.754067 167.000000
0.754067 168.000000
0.754067 169.000000
0.754067 170.000000
0.754067 171.000000
0.754067 172.000000
0.754067 173.000000
0.754067 174.000000
0.754067 175.000000
0.754067 176.000000
0.754067 177.000000
0.754099 178.000000
0.754226 179.000000
0.754642 180.000000
0.754735 181.000000
0.754844 182.000000
0.754844 183.000000
0.754844 184.000000
0.754844 185.000000
0.755015 186.000000
0.755015 187.000000
0.755015 188.000000
0.755015 189.000000
0.755015 190.000000
0.755015 191.000000
0.755015 192.000000
0.755152 193.000000
0.755152 194.000000
0.755279 195.000000
0.755279 196.000000
0.755279 197.000000
0.755279 198.000000
0.755392 199.000000
0.755392 200.000000
0.755392 201.000000
0.755392 202.000000
0.755392 203.000000
0.755497 204.000000
0.755497 205.000000
0.755497 206.000000
0.755657 207.000000
0.755657 208.000000
0.755657 209.000000
0.755657 210.000000
0.755657 211.000000
0.755657 212.000000
0.755829 213.000000
0.755829 214.000000
0.755829 215.000000
0.755829 216.000000
0.755968 217.000000
0.755968 218.000000
0.755968 219.000000
0.755971 220.000000
0.755993 221.000000
0.755993 222.000000
0.756106 223.000000
0.756106 224.000000
0.756106 225.000000
0.756106 226.000000
0.756106 227.000000
0.756106 228.000000
0.756130 229.000000
0.756130 230.000000
0.756130 231.000000
0.756130 232.000000
0.756130 233.000000
0.756130 234.000000
0.756130 235.000000
0.756130 236.000000
0.756130 237.000000
0.756130 238.000000
0.756161 239.000000
0.756328 240.000000
0.756546 241.000000
0.756546 242.000000
0.756698 243.000000
0.756786 244.000000
0.756786 245.000000
0.756786 246.000000
0.756786 247.000000
0.756786 248.000000
0.756786 249.000000
0.756786 250.000000
0.756786 251.000000
0.756786 252.000000
0.756786 253.000000
0.756786 254.000000
0.756786 255.000000
0.756816 256.000000
0.756816 257.000000
0.756816 258.000000
0.756816 259.000000
0.756838 260.000000
0.756838 261.000000
0.756838 262.000000
0.756838 263.000000
0.756838 264.000000
0.756838 265.000000
0.756838 266.000000
0.756838 267.000000
0.756952 268.000000
0.756952 269.000000
0.756964 270.000000
0.756964 271.000000
0.756964 272.000000
0.757124 273.000000
0.757124 274.000000
0.757124 275.000000
0.757231 276.000000
0.757329 277.000000
0.757346 278.000000
0.757346 279.000000
0.757473 280.000000
0.757473 281.000000
0.757473 282.000000
0.757473 283.000000
0.757668 284.000000
0.757668 285.000000
0.757668 286.000000
0.757668 287.000000
0.757668 288.000000
0.757668 289.000000
0.757742 290.000000
0.757742 291.000000
0.757742 292.000000
0.757742 293.000000
0.757742 294.000000
0.757742 295.000000
0.757824 296.000000
0.757824 297.000000
0.757824 298.000000
0.757824 299.000000
0.757929 300.000000
0.758006 301.000000
0.758006 302.000000
0.758177 303.000000
0.758177 304.000000
0.758177 305.000000
0.758177 306.000000
0.758177 307.000000
0.758183 308.000000
0.758183 309.000000
0.758183 310.000000
0.758183 311.000000
0.758183 312.000000
0.758183 313.000000
0.758293 314.000000
0.758293 315.000000
0.758596 316.000000
0.758672 317.000000
0.758672 318.000000
0.758672 319.000000
0.758672 320.000000
0.758672 321.000000
0.758672 322.000000
0.758731 323.000000
0.758731 324.000000
0.758759 325.000000
0.758946 326.000000
0.758946 327.000000
0.758946 328.000000
0.758954 329.000000
0.758954 330.000000
0.759002 331.000000
0.759082 332.000000
0.759082 333.000000
0.759082 334.000000
0.759082 335.000000
0.759082 336.000000
0.759082 337.000000
0.759082 338.000000
0.759082 339.000000
0.759082 340.000000
0.759082 341.000000
0.759082 342.000000
0.759082 343.000000
0.759082 344.000000
0.759253 345.000000
0.759253 346.000000
0.759253 347.000000
0.759253 348.000000
0.759348 349.000000
0.759348 350.000000
0.759367 351.000000
0.759367 352.000000
0.759367 353.000000
0.759358 354.000000
0.759358 355.000000
0.759358 356.000000
0.759358 357.000000
0.759358 358.000000
0.759358 359.000000
0.759358 360.000000
0.759358 361.000000
0.759358 362.000000
0.759358 363.000000
0.759358 364.000000
0.759358 365.000000
0.759358 366.000000
0.759561 367.000000
0.759561 368.000000
0.759563 369.000000
0.759563 370.000000
0.759563 371.000000
0.759563 372.000000
0.759563 373.000000
0.759563 374.000000
0.759563 375.000000
0.759563 376.000000
0.759563 377.000000
0.759563 378.000000
0.759563 379.000000
0.759563 380.000000
0.759563 381.000000
0.759563 382.000000
0.759563 383.000000
0.759563 384.000000
0.759563 385.000000
0.759563 386.000000
0.759443 387.000000
0.759443 388.000000
0.759460 389.000000
0.759460 390.000000
0.759568 391.000000
0.759568 392.000000
0.759568 393.000000
0.759568 394.000000
0.759568 395.000000
0.759632 396.000000
0.759747 397.000000
0.759747 398.000000
0.759747 399.000000
0.759747 400.000000
0.759747 401.000000
0.759747 402.000000
0.759747 403.000000
0.759747 404.000000
0.759925 405.000000
0.759925 406.000000
0.759925 407.000000
0.759925 408.000000
0.759925 409.000000
0.759925 410.000000
0.759925 411.000000
0.759925 412.000000
0.759925 413.000000
0.759925 414.000000
0.759925 415.000000
0.759925 416.000000
0.759925 417.000000
0.760018 418.000000
0.760131 419.000000
0.760143 420.000000
0.760148 421.000000
0.760148 422.000000
0.760148 423.000000
0.760148 424.000000
0.760148 425.000000
0.760148 426.000000
0.760218 427.000000
0.760233 428.000000
0.760233 429.000000
0.760233 430.000000
0.760233 431.000000
0.760233 432.000000
0.760233 433.000000
0.760239 434.000000
0.760239 435.000000
0.760239 436.000000
0.760246 437.000000
0.760246 438.000000
0.760256 439.000000
0.760245 440.000000
0.760245 441.000000
0.760245 442.000000
0.760245 443.000000
0.760245 444.000000
0.760245 445.000000
0.760245 446.000000
0.760245 447.000000
0.760245 448.000000
0.760245 449.000000
0.760245 450.000000
0.760245 451.000000
0.760245 452.000000
0.760245 453.000000
0.760245 454.000000
0.760245 455.000000
0.760245 456.000000
0.760245 457.000000
0.760366 458.000000
0.760427 459.000000
0.760552 460.000000
0.760559 461.000000
0.760559 462.000000
0.760559 463.000000
0.760559 464.000000
0.760559 465.000000
0.760559 466.000000
0.760654 467.000000
0.760654 468.000000
0.760654 469.000000
0.760676 470.000000
0.760676 471.000000
0.760741 472.000000
0.760741 473.000000
0.760741 474.000000
0.760741 475.000000
0.760811 476.000000
0.760954 477.000000
0.760954 478.000000
0.760954 479.000000
0.760954 480.000000
0.760965 481.000000
0.760965 482.000000
0.760965 483.000000
0.760965 484.000000
0.760965 485.000000
0.760965 486.000000
0.760965 487.000000
0.760965 488.000000
0.760985 489.000000
0.761207 490.000000
0.761207 491.000000
0.761207 492.000000
0.761207 493.000000
0.761319 494.000000
0.761319 495.000000
0.761319 496.000000
0.761319 497.000000
0.761344 498.000000
0.761344 499.000000
0.761344 500.000000
0.761344 501.000000
0.761344 502.000000
0.761344 503.000000
0.761344 504.000000
0.761360 505.000000
0.761360 506.000000
0.761360 507.000000
0.761360 508.000000
0.761469 509.000000
0.761469 510.000000
0.761470 511.000000
0.761470 512.000000
0.761470 513.000000
0.761470 514.000000
0.761470 515.000000
0.761470 516.000000
0.761470 517.000000
0.761470 518.000000
0.761548 519.000000
0.761596 520.000000
0.761596 521.000000
0.761596 522.000000
0.761768 523.000000
0.761768 524.000000
0.761768 525.000000
0.761788 526.000000
0.761788 527.000000
0.761788 528.000000
0.761788 529.000000
0.761967 530.000000
0.761967 531.000000
0.761967 532.000000
0.761967 533.000000
0.761967 534.000000
0.761967 535.000000
0.761967 536.000000
0.761967 537.000000
0.761967 538.000000
0.761967 539.000000
0.761967 540.000000
0.761967 541.000000
0.761967 542.000000
0.761967 543.000000
0.761967 544.000000
0.761967 545.000000
0.761967 546.000000
0.761967 547.000000
0.761967 548.000000
0.761967 549.000000
0.761967 550.000000
0.761967 551.000000
0.761972 552.000000
0.761987 553.000000
0.762001 554.000000
0.762001 555.000000
0.762001 556.000000
0.762001 557.000000
0.762001 558.000000
0.762001 559.000000
0.762001 560.000000
0.762001 561.000000
0.762001 562.000000
0.762001 563.000000
0.762028 564.000000
0.762028 565.000000
0.762028 566.000000
0.762041 567.000000
0.762041 568.000000
0.762041 569.000000
0.762041 570.000000
0.762041 571.000000
0.762120 572.000000
0.762280 573.000000
0.762315 574.000000
0.762315 575.000000
0.762442 576.000000
0.762442 577.000000
0.762442 578.000000
0.762442 579.000000
0.762442 580.000000
0.762442 581.000000
0.762442 582.000000
0.762442 583.000000
0.762442 584.000000
0.762442 585.000000
0.762442 586.000000
0.762442 587.000000
0.762508 588.000000
0.762508 589.000000
0.762508 590.000000
0.762508 591.000000
0.762508 592.000000
0.762615 593.000000
0.762706 594.000000
0.762706 595.000000
0.762706 596.000000
0.762706 597.000000
0.762706 598.000000
0.762706 599.000000
0.762748 600.000000
0.762866 601.000000
0.762866 602.000000
0.762866 603.000000
0.762866 604.000000
0.762866 605.000000
0.762866 606.000000
0.762866 607.000000
0.762866 608.000000
0.762866 609.000000
0.762866 610.000000
0.762866 611.000000
0.762866 612.000000
0.762866 613.000000
0.762866 614.000000
0.762866 615.000000
0.762866 616.000000
0.762866 617.000000
0.762869 618.000000
0.762869 619.000000
0.762869 620.000000
0.762869 621.000000
0.762869 622.000000
0.762869 623.000000
0.762869 624.000000
0.762890 625.000000
0.762890 626.000000
0.762890 627.000000
0.762890 628.000000
0.762983 629.000000
0.762983 630.000000
0.762983 631.000000
0.762983 632.000000
0.762983 633.000000
0.762983 634.000000
0.762983 635.000000
0.762983 636.000000
0.762983 637.000000
0.762983 638.000000
0.762983 639.000000
0.763120 640.000000
0.763120 641.000000
0.763120 642.000000
0.763120 643.000000
0.763120 644.000000
0.763120 645.000000
0.763120 646.000000
0.763120 647.000000
0.763120 648.000000
0.763120 649.000000
0.763120 650.000000
0.763120 651.000000
0.763120 652.000000
0.763120 653.000000
0.763120 654.000000
0.763120 655.000000
0.763120 656.000000
0.763120 657.000000
0.763120 658.000000
0.763120 659.000000
0.763229 660.000000
0.763229 661.000000
0.763229 662.000000
0.763229 663.000000
0.763229 664.000000
0.763229 665.000000
0.763229 666.000000
0.763229 667.000000
0.763236 668.000000
0.763236 669.000000
0.763236 670.000000
0.763236 671.000000
0.763236 672.000000
0.763236 673.000000
0.763236 674.000000
0.763236 675.000000
0.763236 676.000000
0.763236 677.000000
0.763236 678.000000
0.763236 679.000000
0.763236 680.000000
0.763236 681.000000
0.763236 682.000000
0.763236 683.000000
0.763236 684.000000
0.763236 685.000000
0.763236 686.000000
0.763236 687.000000
0.763236 688.000000
0.763236 689.000000
0.763236 690.000000
0.763236 691.000000
0.763236 692.000000
0.763236 693.000000
0.763236 694.000000
0.763236 695.000000
0.763236 696.000000
0.763236 697.000000
0.763236 698.000000
0.763236 699.000000
0.763236 700.000000
0.763236 701.000000
0.763236 702.000000
0.763236 703.000000
0.763236 704.000000
0.763236 705.000000
0.763236 706.000000
0.763236 707.000000
0.763236 708.000000
0.763236 709.000000
0.763236 710.000000
0.763236 711.000000
0.763236 712.000000
0.763236 713.000000
0.763236 714.000000
0.763236 715.000000
0.763236 716.000000
0.763236 717.000000
0.763236 718.000000
0.763236 719.000000
0.763236 720.000000
0.763236 721.000000
0.763236 722.000000
0.763236 723.000000
0.763236 724.000000
0.763236 725.000000
0.763236 726.000000
0.763236 727.000000
0.763236 728.000000
0.763236 729.000000
0.763236 730.000000
0.763236 731.000000
0.763236 732.000000
0.763236 733.000000
0.763236 734.000000
0.763236 735.000000
0.763236 736.000000
0.763236 737.000000
0.763236 738.000000
0.763236 739.000000
0.763236 740.000000
0.763236 741.000000
0.763236 742.000000
0.763236 743.000000
0.763236 744.000000
0.763236 745.000000
0.763236 746.000000
0.763236 747.000000
0.763236 748.000000
0.763236 749.000000
0.763236 750.000000
0.763236 751.000000
0.763236 752.000000
0.763236 753.000000
0.763236 754.000000
0.763236 755.000000
0.763236 756.000000
0.763236 757.000000
0.763236 758.000000
0.763236 759.000000
0.763236 760.000000
0.763236 761.000000
0.763236 762.000000
0.763236 763.000000
0.763236 764.000000
0.763236 765.000000
0.763236 766.000000
0.763236 767.000000
0.763236 768.000000
0.763236 769.000000
0.763236 770.000000
0.763236 771.000000
0.763236 772.000000
0.763236 773.000000
0.763236 774.000000
0.763236 775.000000
0.763236 776.000000
0.763236 777.000000
0.763236 778.000000
0.763236 779.000000
0.763236 780.000000
0.763236 781.000000
0.763236 782.000000
0.763236 783.000000
0.763236 784.000000
0.763236 785.000000
0.763236 786.000000
0.763236 787.000000
0.763236 788.000000
0.763236 789.000000
0.763236 790.000000
0.763236 791.000000
0.763236 792.000000
0.763236 793.000000
0.763236 794.000000
0.763236 795.000000
0.763236 796.000000
0.763236 797.000000
0.763236 798.000000
0.763236 799.000000
0.763236 800.000000
0.763236 801.000000
0.763236 802.000000
0.763236 803.000000
0.763236 804.000000
0.763236 805.000000
0.763236 806.000000
0.763236 807.000000
0.763236 808.000000
0.763236 809.000000
0.763236 810.000000
0.763236 811.000000
0.763236 812.000000
0.763236 813.000000
0.763236 814.000000
0.763236 815.000000
0.763236 816.000000
0.763236 817.000000
0.763236 818.000000
0.763236 819.000000
0.763236 820.000000
0.763236 821.000000
0.763236 822.000000
0.763236 823.000000
0.763236 824.000000
0.763236 825.000000
0.763236 826.000000
0.763236 827.000000
0.763236 828.000000
0.763236 829.000000
0.763236 830.000000
0.763236 831.000000
0.763236 832.000000
0.763236 833.000000
0.763236 834.000000
0.763236 835.000000
0.763236 836.000000
0.763236 837.000000
0.763236 838.000000
0.763236 839.000000
0.763236 840.000000
0.763236 841.000000
0.763236 842.000000
0.763236 843.000000
0.763236 844.000000
0.763236 845.000000
0.763236 846.000000
0.763236 847.000000
0.763236 848.000000
0.763236 849.000000
0.763236 850.000000
0.763236 851.000000
0.763236 852.000000
0.763236 853.000000
0.763236 854.000000
0.763236 855.000000
0.763236 856.000000
0.763236 857.000000
0.763236 858.000000
0.763236 859.000000
0.763236 860.000000
0.763236 861.000000
0.763236 862.000000
0.763236 863.000000
0.763236 864.000000
0.763236 865.000000
0.763236 866.000000
0.763236 867.000000
0.763236 868.000000
0.763236 869.000000
0.763236 870.000000
0.763236 871.000000
0.763236 872.000000
0.763236 873.000000
0.763236 874.000000
0.763236 875.000000
0.763236 876.000000
0.763236 877.000000
0.763236 878.000000
0.763236 879.000000
0.763236 880.000000
0.763236 881.000000
0.763236 882.000000
0.763236 883.000000
0.763236 884.000000
0.763236 885.000000
0.763236 886.000000
0.763236 887.000000
0.763236 888.000000
0.763236 889.000000
0.763236 890.000000
0.763236 891.000000
0.763236 892.000000
0.763236 893.000000
0.763236 894.000000
0.763236 895.000000
0.763236 896.000000
0.763236 897.000000
0.763236 898.000000
0.763236 899.000000
0.763236 900.000000
0.763236 901.000000
0.763236 902.000000
0.763236 903.000000
0.763236 904.000000
0.763236 905.000000
0.763236 906.000000
0.763236 907.000000
0.763236 908.000000
0.763236 909.000000
0.763236 910.000000
0.763236 911.000000
0.763236 912.000000
0.763236 913.000000
0.763236 914.000000
0.763236 915.000000
0.763236 916.000000
0.763236 917.000000
0.763236 918.000000
0.763236 919.000000
0.763236 920.000000
0.763236 921.000000
0.763236 922.000000
0.763236 923.000000
0.763236 924.000000
0.763236 925.000000
0.763236 926.000000
0.763236 927.000000
0.763236 928.000000
0.763236 929.000000
0.763236 930.000000
0.763236 931.000000
0.763236 932.000000
0.763236 933.000000
0.763236 934.000000
0.763236 935.000000
0.763236 936.000000
0.763236 937.000000
0.763236 938.000000
0.763236 939.000000
0.763236 940.000000
0.763236 941.000000
0.763236 942.000000
0.763236 943.000000
0.763236 944.000000
0.763236 945.000000
0.763236 946.000000
0.763236 947.000000
0.763236 948.000000
0.763236 949.000000
0.763236 950.000000
0.763236 951.000000
0.763236 952.000000
0.763236 953.000000
0.763236 954.000000
0.763236 955.000000
0.763236 956.000000
0.763236 957.000000
0.763236 958.000000
0.763236 959.000000
0.763236 960.000000
0.763236 961.000000
0.763236 962.000000
0.763236 963.000000
0.763236 964.000000
0.763236 965.000000
0.763236 966.000000
0.763236 967.000000
0.763236 968.000000
0.763236 969.000000
0.763236 970.000000
0.763236 971.000000
0.763236 972.000000
0.763236 973.000000
0.763236 974.000000
0.763236 975.000000
0.763236 976.000000
0.763236 977.000000
0.763236 978.000000
0.763236 979.000000
0.763236 980.000000
0.763236 981.000000
0.763236 982.000000
0.763236 983.000000
0.763236 984.000000
0.763236 985.000000
0.763236 986.000000
0.763236 987.000000
0.763236 988.000000
0.763236 989.000000
0.763236 990.000000
0.763236 991.000000
0.763236 992.000000
0.763236 993.000000
0.763236 994.000000
0.763236 995.000000
0.763236 996.000000
0.763236 997.000000
0.763236 998.000000
0.763236 999.000000
0.763236 1000.000000
0.763236 1001.000000
0.763236 1002.000000
0.763236 1003.000000
0.763236 1004.000000
0.763236 1005.000000
0.763236 1006.000000
0.763236 1007.000000
0.763236 1008.000000
0.763236 1009.000000
0.763236 1010.000000
0.763236 1011.000000
0.763236 1012.000000
0.763236 1013.000000
0.763236 1014.000000
0.763236 1015.000000
0.763236 1016.000000
0.763236 1017.000000
0.763236 1018.000000
0.763236 1019.000000
0.763236 1020.000000
0.763236 1021.000000
0.763236 1022.000000
0.763236 1023.000000
0.763236 1024.000000
0.763236 1025.000000
0.763236 1026.000000
0.763236 1027.000000
0.763236 1028.000000
0.763236 1029.000000
0.763236 1030.000000
0.763236 1031.000000
0.763236 1032.000000
0.763236 1033.000000
0.763236 1034.000000
0.763236 1035.000000
0.763236 1036.000000
0.763236 1037.000000
0.763236 1038.000000
0.763236 1039.000000
0.763236 1040.000000
0.763236 1041.000000
0.763236 1042.000000
0.763236 1043.000000
0.763236 1044.000000
0.763236 1045.000000
0.763236 1046.000000
0.763236 1047.000000
0.763236 1048.000000
0.763236 1049.000000
0.763236 1050.000000
0.763236 1051.000000
0.763236 1052.000000
0.763236 1053.000000
0.763236 1054.000000
0.763236 1055.000000
0.763236 1056.000000
0.763236 1057.000000
0.763236 1058.000000
0.763236 1059.000000
0.763236 1060.000000
0.763236 1061.000000
0.763236 1062.000000
0.763236 1063.000000
0.763236 1064.000000
0.763236 1065.000000
0.763236 1066.000000
0.763236 1067.000000
0.763236 1068.000000
0.763236 1069.000000
0.763236 1070.000000
0.763236 1071.000000
0.763236 1072.000000
0.763236 1073.000000
0.763236 1074.000000
0.763236 1075.000000
0.763236 1076.000000
0.763236 1077.000000
0.763236 1078.000000
0.763236 1079.000000
0.763236 1080.000000
0.763236 1081.000000
0.763236 1082.000000
0.763236 1083.000000
0.763236 1084.000000
0.763236 1085.000000
0.763236 1086.000000
0.763236 1087.000000
0.763236 1088.000000
0.763236 1089.000000
0.763236 1090.000000
0.763236 1091.000000
0.763236 1092.000000
0.763236 1093.000000
0.763236 1094.000000
0.763236 1095.000000
0.763236 1096.000000
0.763236 1097.000000
0.763236 1098.000000
0.763236 1099.000000
0.763236 1100.000000
0.763236 1101.000000
0.763236 1102.000000
0.763236 1103.000000
0.763236 1104.000000
0.763236 1105.000000
0.763236 1106.000000
0.763236 1107.000000
0.763236 1108.000000
0.763236 1109.000000
0.763236 1110.000000
0.763236 1111.000000
0.763236 1112.000000
0.763236 1113.000000
0.763236 1114.000000
0.763236 1115.000000
0.763236 1116.000000
0.763236 1117.000000
0.763236 1118.000000
0.763236 1119.000000
0.763236 1120.000000
0.763236 1121.000000
0.763236 1122.000000
0.763236 1123.000000
0.763236 1124.000000
0.763236 1125.000000
0.763236 1126.000000
0.763236 1127.000000
0.763236 1128.000000
0.763236 1129.000000
0.763236 1130.000000
0.763236 1131.000000
0.763236 1132.000000
0.763236 1133.000000
0.763236 1134.000000
0.763236 1135.000000
0.763236 1136.000000
0.763236 1137.000000
0.763236 1138.000000
0.763236 1139.000000
0.763236 1140.000000
0.763236 1141.000000
0.763236 1142.000000
0.763236 1143.000000
0.763236 1144.000000
0.763236 1145.000000
0.763236 1146.000000
0.763236 1147.000000
0.763236 1148.000000
0.763236 1149.000000
0.763236 1150.000000
0.763236 1151.000000
0.763236 1152.000000
0.763236 1153.000000
0.763236 1154.000000
0.763236 1155.000000
0.763236 1156.000000
0.763236 1157.000000
0.763236 1158.000000
0.763236 1159.000000
0.763236 1160.000000
0.763236 1161.000000
0.763236 1162.000000
0.763236 1163.000000
0.763236 1164.000000
0.763236 1165.000000
0.763236 1166.000000
0.763236 1167.000000
0.763236 1168.000000
0.763236 1169.000000
0.763236 1170.000000
0.763236 1171.000000
0.763236 1172.000000
0.763236 1173.000000
0.763236 1174.000000
0.763236 1175.000000
0.763236 1176.000000
0.763236 1177.000000
0.763236 1178.000000
0.763236 1179.000000
0.763236 1180.000000
0.763236 1181.000000
0.763236 1182.000000
0.763236 1183.000000
0.763236 1184.000000
0.763236 1185.000000
0.763236 1186.000000
0.763236 1187.000000
0.763236 1188.000000
0.763236 1189.000000
0.763236 1190.000000
0.763236 1191.000000
0.763236 1192.000000
0.763236 1193.000000
0.763236 1194.000000
0.763236 1195.000000
0.763236 1196.000000
0.763236 1197.000000
0.763236 1198.000000
0.763236 1199.000000
0.763236 1200.000000
0.763236 1201.000000
0.763236 1202.000000
0.763236 1203.000000
0.763236 1204.000000
0.763236 1205.000000
0.763236 1206.000000
0.763236 1207.000000
0.763236 1208.000000
0.763236 1209.000000
0.763236 1210.000000
0.763236 1211.000000
0.763236 1212.000000
0.763236 1213.000000
0.763236 1214.000000
0.763236 1215.000000
0.763236 1216.000000
0.763236 1217.000000
0.763236 1218.000000
0.763236 1219.000000
0.763236 1220.000000
0.763236 1221.000000
0.763236 1222.000000
0.763236 1223.000000
0.763236 1224.000000
0.763236 1225.000000
0.763236 1226.000000
0.763236 1227.000000
0.763236 1228.000000
0.763236 1229.000000
0.763236 1230.000000
0.763236 1231.000000
0.763236 1232.000000
0.763236 1233.000000
0.763236 1234.000000
0.763236 1235.000000
0.763236 1236.000000
0.763236 1237.000000
0.763236 1238.000000
0.763236 1239.000000
0.763236 1240.000000
0.763236 1241.000000
0.763236 1242.000000
0.763236 1243.000000
0.763236 1244.000000
0.763236 1245.000000
0.763236 1246.000000
0.763236 1247.000000
0.763236 1248.000000
0.763236 1249.000000
0.763236 1250.000000
0.763236 1251.000000
0.763236 1252.000000
0.763236 1253.000000
0.763236 1254.000000
0.763236 1255.000000
0.763236 1256.000000
0.763236 1257.000000
0.763236 1258.000000
0.763236 1259.000000
0.763236 1260.000000
0.763236 1261.000000
0.763236 1262.000000
0.763236 1263.000000
0.763236 1264.000000
0.763236 1265.000000
0.763236 1266.000000
0.763236 1267.000000
0.763236 1268.000000
0.763236 1269.000000
0.763236 1270.000000
0.763236 1271.000000
0.763236 1272.000000
0.763236 1273.000000
0.763236 1274.000000
0.763236 1275.000000
0.763236 1276.000000
0.763236 1277.000000
0.763236 1278.000000
0.763236 1279.000000
0.763236 1280.000000
0.763236 1281.000000
0.763236 1282.000000
0.763236 1283.000000
0.763236 1284.000000
0.763236 1285.000000
0.763236 1286.000000
0.763236 1287.000000
0.763236 1288.000000
0.763236 1289.000000
0.763236 1290.000000
0.763236 1291.000000
0.763236 1292.000000
0.763236 1293.000000
0.763236 1294.000000
0.763236 1295.000000
0.763236 1296.000000
0.763236 1297.000000
0.763236 1298.000000
0.763236 1299.000000
0.763236 1300.000000
0.763236 1301.000000
0.763236 1302.000000
0.763236 1303.000000
0.763236 1304.000000
0.763236 1305.000000
0.763236 1306.000000
0.763236 1307.000000
0.763236 1308.000000
0.763236 1309.000000
0.763236 1310.000000
0.763236 1311.000000
0.763236 1312.000000
0.763236 1313.000000
0.763236 1314.000000
0.763236 1315.000000
0.763236 1316.000000
0.763236 1317.000000
0.763236 1318.000000
0.763236 1319.000000
0.763236 1320.000000
0.763236 1321.000000
0.763236 1322.000000
0.763236 1323.000000
0.763236 1324.000000
0.763236 1325.000000
0.763236 1326.000000
0.763236 1327.000000
0.763236 1328.000000
0.763236 1329.000000
0.763236 1330.000000
0.763236 1331.000000
0.763236 1332.000000
0.763236 1333.000000
0.763236 1334.000000
0.763236 1335.000000
0.763236 1336.000000
0.763236 1337.000000
0.763236 1338.000000
0.763236 1339.000000
0.763236 1340.000000
0.763236 1341.000000
0.763236 1342.000000
0.763236 1343.000000
0.763236 1344.000000
0.763236 1345.000000
0.763236 1346.000000
0.763236 1347.000000
0.763236 1348.000000
0.763236 1349.000000
0.763236 1350.000000
0.763236 1351.000000
0.763236 1352.000000
0.763236 1353.000000
0.763236 1354.000000
0.763236 1355.000000
0.763236 1356.000000
0.763236 1357.000000
0.763236 1358.000000
0.763236 1359.000000
0.763236 1360.000000
0.763236 1361.000000
0.763236 1362.000000
0.763236 1363.000000
0.763236 1364.000000
0.763236 1365.000000
0.763236 1366.000000
0.763236 1367.000000
0.763236 1368.000000
0.763236 1369.000000
0.763236 1370.000000
0.763236 1371.000000
0.763236 1372.000000
0.763236 1373.000000
0.763236 1374.000000
0.763236 1375.000000
0.763236 1376.000000
0.763236 1377.000000
0.763236 1378.000000
0.763236 1379.000000
0.763236 1380.000000
0.763236 1381.000000
0.763236 1382.000000
0.763236 1383.000000
0.763236 1384.000000
0.763236 1385.000000
0.763236 1386.000000
0.763236 1387.000000
0.763236 1388.000000
0.763236 1389.000000
0.763236 1390.000000
0.763236 1391.000000
0.763236 1392.000000
0.763236 1393.000000
0.763236 1394.000000
0.763236 1395.000000
0.763236 1396.000000
0.763236 1397.000000
0.763236 1398.000000
0.763236 1399.000000
0.763236 1400.000000
0.763236 1401.000000
0.763236 1402.000000
0.763236 1403.000000
0.763236 1404.000000
0.763236 1405.000000
0.763236 1406.000000
0.763236 1407.000000
0.763236 1408.000000
0.763236 1409.000000
0.763236 1410.000000
0.763236 1411.000000
0.763236 1412.000000
0.763236 1413.000000
0.763236 1414.000000
0.763236 1415.000000
0.763236 1416.000000
0.763236 1417.000000
0.763236 1418.000000
0.763236 1419.000000
0.763236 1420.000000
0.763236 1421.000000
0.763236 1422.000000
0.763236 1423.000000
0.763236 1424.000000
0.763236 1425.000000
0.763236 1426.000000
0.763236 1427.000000
0.763236 1428.000000
0.763236 1429.000000
0.763236 1430.000000
0.763236 1431.000000
0.763236 1432.000000
0.763236 1433.000000
0.763236 1434.000000
0.763236 1435.000000
0.763236 1436.000000
0.763236 1437.000000
0.763236 1438.000000
0.763236 1439.000000
0.763236 1440.000000
0.763236 1441.000000
0.763236 1442.000000
0.763236 1443.000000
0.763236 1444.000000
0.763236 1445.000000
0.763236 1446.000000
0.763236 1447.000000
0.763236 1448.000000
0.763236 1449.000000
0.763236 1450.000000
0.763236 1451.000000
0.763236 1452.000000
0.763236 1453.000000
0.763236 1454.000000
0.763236 1455.000000
0.763236 1456.000000
0.763236 1457.000000
0.763236 1458.000000
0.763236 1459.000000
0.763236 1460.000000
0.763236 1461.000000
0.763236 1462.000000
0.763236 1463.000000
0.763236 1464.000000
0.763236 1465.000000
0.763236 1466.000000
0.763236 1467.000000
0.763236 1468.000000
0.763236 1469.000000
0.763236 1470.000000
0.763236 1471.000000
0.763236 1472.000000
0.763236 1473.000000
0.763236 1474.000000
0.763236 1475.000000
0.763236 1476.000000
0.763236 1477.000000
0.763236 1478.000000
0.763236 1479.000000
0.763236 1480.000000
0.763236 1481.000000
0.763236 1482.000000
0.763236 1483.000000
0.763236 1484.000000
0.763236 1485.000000
0.763236 1486.000000
0.763236 1487.000000
0.763236 1488.000000
0.763236 1489.000000
0.763236 1490.000000
0.763236 1491.000000
0.763236 1492.000000
0.763236 1493.000000
0.763236 1494.000000
0.763236 1495.000000
0.763236 1496.000000
0.763236 1497.000000
0.763236 1498.000000
0.763236 1499.000000
0.763236 1500.000000
0.763236 1501.000000
0.763236 1502.000000
0.763236 1503.000000
0.763236 1504.000000
0.763236 1505.000000
0.763236 1506.000000
0.763236 1507.000000
0.763236 1508.000000
0.763236 1509.000000
0.763236 1510.000000
0.763236 1511.000000
0.763236 1512.000000
0.763236 1513.000000
0.763236 1514.000000
0.763236 1515.000000
0.763236 1516.000000
0.763236 1517.000000
0.763236 1518.000000
0.763236 1519.000000
0.763236 1520.000000
0.763236 1521.000000
0.763236 1522.000000
0.763236 1523.000000
0.763236 1524.000000
0.763236 1525.000000
0.763236 1526.000000
0.763236 1527.000000
0.763236 1528.000000
0.763236 1529.000000
0.763236 1530.000000
0.763236 1531.000000
0.763236 1532.000000
0.763236 1533.000000
0.763236 1534.000000
0.763236 1535.000000
0.763236 1536.000000
0.763236 1537.000000
0.763236 1538.000000
0.763236 1539.000000
0.763236 1540.000000
0.763236 1541.000000
0.763236 1542.000000
0.763236 1543.000000
0.763236 1544.000000
0.763236 1545.000000
0.763236 1546.000000
0.763236 1547.000000
0.763236 1548.000000
0.763236 1549.000000
0.763236 1550.000000
0.763236 1551.000000
0.763236 1552.000000
0.763236 1553.000000
0.763236 1554.000000
0.763236 1555.000000
0.763236 1556.000000
0.763236 1557.000000
0.763236 1558.000000
0.763236 1559.000000
0.763236 1560.000000
0.763236 1561.000000
0.763236 1562.000000
0.763236 1563.000000
0.763236 1564.000000
0.763236 1565.000000
0.763236 1566.000000
0.763236 1567.000000
0.763236 1568.000000
0.763236 1569.000000
0.763236 1570.000000
0.763236 1571.000000
0.763236 1572.000000
0.763236 1573.000000
0.763236 1574.000000
0.763236 1575.000000
0.763236 1576.000000
0.763236 1577.000000
0.763236 1578.000000
0.763236 1579.000000
0.763236 1580.000000
0.763236 1581.000000
0.763236 1582.000000
0.763236 1583.000000
0.763236 1584.000000
0.763236 1585.000000
0.763236 1586.000000
0.763236 1587.000000
0.763236 1588.000000
0.763236 1589.000000
0.763236 1590.000000
0.763236 1591.000000
0.763236 1592.000000
0.763236 1593.000000
0.763236 1594.000000
0.763236 1595.000000
0.763236 1596.000000
0.763236 1597.000000
0.763236 1598.000000
0.763236 1599.000000
0.763236 1600.000000
0.763236 1601.000000
0.763236 1602.000000
0.763236 1603.000000
0.763236 1604.000000
0.763236 1605.000000
0.763236 1606.000000
0.763236 1607.000000
0.763236 1608.000000
0.763236 1609.000000
0.763236 1610.000000
0.763236 1611.000000
0.763236 1612.000000
0.763236 1613.000000
0.763236 1614.000000
0.763236 1615.000000
0.763236 1616.000000
0.763236 1617.000000
0.763236 1618.000000
0.763236 1619.000000
0.763236 1620.000000
0.763236 1621.000000
0.763236 1622.000000
0.763236 1623.000000
0.763236 1624.000000
0.763236 1625.000000
0.763236 1626.000000
0.763236 1627.000000
0.763236 1628.000000
0.763236 1629.000000
0.763236 1630.000000
0.763236 1631.000000
0.763236 1632.000000
0.763236 1633.000000
0.763236 1634.000000
0.763236 1635.000000
0.763236 1636.000000
0.763236 1637.000000
0.763236 1638.000000
0.763236 1639.000000
0.763236 1640.000000
0.763236 1641.000000
0.763236 1642.000000
0.763236 1643.000000
0.763236 1644.000000
0.763236 1645.000000
0.763236 1646.000000
0.763236 1647.000000
0.763236 1648.000000
0.763236 1649.000000
0.763236 1650.000000
0.763236 1651.000000
0.763236 1652.000000
0.763236 1653.000000
0.763236 1654.000000
0.763236 1655.000000
0.763236 1656.000000
0.763236 1657.000000
0.763236 1658.000000
0.763236 1659.000000
0.763236 1660.000000
0.763236 1661.000000
0.763236 1662.000000
0.763236 1663.000000
0.763236 1664.000000
0.763236 1665.000000
0.763236 1666.000000
0.763236 1667.000000
0.763236 1668.000000
0.763236 1669.000000
0.763236 1670.000000
0.763236 1671.000000
0.763236 1672.000000
0.763236 1673.000000
0.763236 1674.000000
0.763236 1675.000000
0.763236 1676.000000
0.763236 1677.000000
0.763236 1678.000000
0.763236 1679.000000
0.763236 1680.000000
0.763236 1681.000000
0.763236 1682.000000
0.763236 1683.000000
0.763236 1684.000000
0.763236 1685.000000
0.763236 1686.000000
0.763236 1687.000000
0.763236 1688.000000
0.763236 1689.000000
0.763236 1690.000000
0.763236 1691.000000
0.763236 1692.000000
0.763236 1693.000000
0.763236 1694.000000
0.763236 1695.000000
0.763236 1696.000000
0.763236 1697.000000
0.763236 1698.000000
0.763236 1699.000000
0.763236 1700.000000
0.763236 1701.000000
0.763236 1702.000000
0.763236 1703.000000
0.763236 1704.000000
0.763236 1705.000000
0.763236 1706.000000
0.763236 1707.000000
0.763236 1708.000000
0.763236 1709.000000
0.763236 1710.000000
0.763236 1711.000000
0.763236 1712.000000
0.763236 1713.000000
0.763236 1714.000000
0.763236 1715.000000
0.763236 1716.000000
0.763236 1717.000000
0.763236 1718.000000
0.763236 1719.000000
0.763236 1720.000000
0.763236 1721.000000
0.763236 1722.000000
0.763236 1723.000000
0.763236 1724.000000
0.763236 1725.000000
0.763236 1726.000000
0.763236 1727.000000
0.763236 1728.000000
0.763236 1729.000000
0.763236 1730.000000
0.763236 1731.000000
0.763236 1732.000000
0.763236 1733.000000
0.763236 1734.000000
0.763236 1735.000000
0.763236 1736.000000
0.763236 1737.000000
0.763236 1738.000000
0.763236 1739.000000
0.763236 1740.000000
0.763236 1741.000000
0.763236 1742.000000
0.763236 1743.000000
0.763236 1744.000000
0.763236 1745.000000
0.763236 1746.000000
0.763236 1747.000000
0.763236 1748.000000
0.763236 1749.000000
0.763236 1750.000000
0.763236 1751.000000
0.763236 1752.000000
0.763236 1753.000000
0.763236 1754.000000
0.763236 1755.000000
0.763236 1756.000000
0.763236 1757.000000
0.763236 1758.000000
0.763236 1759.000000
0.763236 1760.000000
0.763236 1761.000000
0.763236 1762.000000
0.763236 1763.000000
0.763236 1764.000000
0.763236 1765.000000
0.763236 1766.000000
0.763236 1767.000000
0.763236 1768.000000
0.763236 1769.000000
0.763236 1770.000000
0.763236 1771.000000
0.763236 1772.000000
0.763236 1773.000000
0.763236 1774.000000
0.763236 1775.000000
0.763236 1776.000000
0.763236 1777.000000
0.763236 1778.000000
0.763236 1779.000000
0.763236 1780.000000
0.763236 1781.000000
0.763236 1782.000000
0.763236 1783.000000
0.763236 1784.000000
0.763236 1785.000000
0.763236 1786.000000
0.763236 1787.000000
0.763236 1788.000000
0.763236 1789.000000
0.763236 1790.000000
0.763236 1791.000000
0.763236 1792.000000
0.763236 1793.000000
0.763236 1794.000000
0.763236 1795.000000
0.763236 1796.000000
0.763236 1797.000000
0.763236 1798.000000
0.763236 1799.000000
0.763236 1800.000000
0.763236 1801.000000
0.763236 1802.000000
0.763236 1803.000000
0.763236 1804.000000
0.763236 1805.000000
0.763236 1806.000000
0.763236 1807.000000
0.763236 1808.000000
0.763236 1809.000000
0.763236 1810.000000
0.763236 1811.000000
0.763236 1812.000000
0.763236 1813.000000
0.763236 1814.000000
0.763236 1815.000000
0.763236 1816.000000
0.763236 1817.000000
0.763236 1818.000000
0.763236 1819.000000
0.763236 1820.000000
0.763236 1821.000000
0.763236 1822.000000
0.763236 1823.000000
0.763236 1824.000000
0.763236 1825.000000
0.763236 1826.000000
0.763236 1827.000000
0.763236 1828.000000
0.763236 1829.000000
0.763236 1830.000000
0.763236 1831.000000
0.763236 1832.000000
0.763236 1833.000000
0.763236 1834.000000
0.763236 1835.000000
0.763236 1836.000000
0.763236 1837.000000
0.763236 1838.000000
0.763236 1839.000000
0.763236 1840.000000
0.763236 1841.000000
0.763236 1842.000000
0.763236 1843.000000
0.763236 1844.000000
0.763236 1845.000000
0.763236 1846.000000
0.763236 1847.000000
0.763236 1848.000000
0.763236 1849.000000
0.763236 1850.000000
0.763236 1851.000000
0.763236 1852.000000
0.763236 1853.000000
0.763236 1854.000000
0.763236 1855.000000
0.763236 1856.000000
0.763236 1857.000000
0.763236 1858.000000
0.763236 1859.000000
0.763236 1860.000000
0.763236 1861.000000
0.763236 1862.000000
0.763236 1863.000000
0.763236 1864.000000
0.763236 1865.000000
0.763236 1866.000000
0.763236 1867.000000
0.763236 1868.000000
0.763236 1869.000000
0.763236 1870.000000
0.763236 1871.000000
0.763236 1872.000000
0.763236 1873.000000
0.763236 1874.000000
0.763236 1875.000000
0.763236 1876.000000
0.763236 1877.000000
0.763236 1878.000000
0.763236 1879.000000
0.763236 1880.000000
0.763236 1881.000000
0.763236 1882.000000
0.763236 1883.000000
0.763236 1884.000000
0.763236 1885.000000
0.763236 1886.000000
0.763236 1887.000000
0.763236 1888.000000
0.763236 1889.000000
0.763236 1890.000000
0.763236 1891.000000
0.763236 1892.000000
0.763236 1893.000000
0.763236 1894.000000
0.763236 1895.000000
0.763236 1896.000000
0.763236 1897.000000
0.763236 1898.000000
0.763236 1899.000000
0.763236 1900.000000
0.763236 1901.000000
0.763236 1902.000000
0.763236 1903.000000
0.763236 1904.000000
0.763236 1905.000000
0.763236 1906.000000
0.763236 1907.000000
0.763236 1908.000000
0.763236 1909.000000
0.763236 1910.000000
0.763236 1911.000000
0.763236 1912.000000
0.763236 1913.000000
0.763236 1914.000000
0.763236 1915.000000
0.763236 1916.000000
0.763236 1917.000000
0.763236 1918.000000
0.763236 1919.000000
0.763236 1920.000000
0.763236 1921.000000
0.763236 1922.000000
0.763236 1923.000000
0.763236 1924.000000
0.763236 1925.000000
0.763236 1926.000000
0.763236 1927.000000
0.763236 1928.000000
0.763236 1929.000000
0.763236 1930.000000
0.763236 1931.000000
0.763236 1932.000000
0.763236 1933.000000
0.763236 1934.000000
0.763236 1935.000000
0.763236 1936.000000
0.763236 1937.000000
0.763236 1938.000000
0.763236 1939.000000
0.763236 1940.000000
0.763236 1941.000000
0.763236 1942.000000
0.763236 1943.000000
0.763236 1944.000000
0.763236 1945.000000
0.763236 1946.000000
0.763236 1947.000000
0.763236 1948.000000
0.763236 1949.000000
0.763236 1950.000000
0.763236 1951.000000
0.763236 1952.000000
0.763236 1953.000000
0.763236 1954.000000
0.763236 1955.000000
0.763236 1956.000000
0.763236 1957.000000
0.763236 1958.000000
0.763236 1959.000000
0.763236 1960.000000
0.763236 1961.000000
0.763236 1962.000000
0.763236 1963.000000
0.763236 1964.000000
0.763236 1965.000000
0.763236 1966.000000
0.763236 1967.000000
0.763236 1968.000000
0.763236 1969.000000
0.763236 1970.000000
0.763236 1971.000000
0.763236 1972.000000
0.763236 1973.000000
0.763236 1974.000000
0.763236 1975.000000
0.763236 1976.000000
0.763236 1977.000000
0.763236 1978.000000
0.763236 1979.000000
0.763236 1980.000000
0.763236 1981.000000
0.763236 1982.000000
0.763236 1983.000000
0.763236 1984.000000
0.763236 1985.000000
0.763236 1986.000000
0.763236 1987.000000
0.763236 1988.000000
0.763236 1989.000000
0.763236 1990.000000
0.763236 1991.000000
0.763236 1992.000000
0.763236 1993.000000
0.763236 1994.000000
0.763236 1995.000000
0.763236 1996.000000
0.763236 1997.000000
0.763236 1998.000000
0.763236 1999.000000
0.763236 2000.000000
