0.629835 2100
0.629835 2099
0.629835 2098
0.629835 2097
0.629835 2096
0.629835 2095
0.629835 2094
0.629835 2093
0.629835 2092
0.629835 2091
0.629835 2090
0.629835 2089
0.629835 2088
0.629835 2087
0.629835 2086
0.629835 2085
0.629835 2084
0.629835 2083
0.629835 2082
0.629835 2081
0.629835 2080
0.629835 2079
0.629835 2078
0.629835 2077
0.629835 2076
0.629835 2075
0.629835 2074
0.629835 2073
0.629835 2072
0.629835 2071
0.629835 2070
0.629835 2069
0.629835 2068
0.629835 2067
0.629835 2066
0.629835 2065
0.629835 2064
0.629835 2063
0.629835 2062
0.629835 2061
0.629835 2060
0.629835 2059
0.629835 2058
0.629835 2057
0.629835 2056
0.629835 2055
0.629835 2054
0.629835 2053
0.629835 2052
0.629835 2051
0.629835 2050
0.629835 2049
0.629835 2048
0.629835 2047
0.629835 2046
0.629835 2045
0.629835 2044
0.629835 2043
0.629835 2042
0.629835 2041
0.629835 2040
0.629835 2039
0.629835 2038
0.629835 2037
0.629835 2036
0.629835 2035
0.629835 2034
0.629835 2033
0.629835 2032
0.629835 2031
0.629835 2030
0.629835 2029
0.629835 2028
0.629835 2027
0.629835 2026
0.629835 2025
0.629835 2024
0.629835 2023
0.629835 2022
0.629835 2021
0.629835 2020
0.629835 2019
0.629835 2018
0.629835 2017
0.629835 2016
0.629835 2015
0.629835 2014
0.629835 2013
0.629835 2012
0.629835 2011
0.629835 2010
0.629835 2009
0.629835 2008
0.629835 2007
0.629835 2006
0.629835 2005
0.629835 2004
0.629835 2003
0.629835 2002
0.629835 2001
0.629835 2000
0.629835 1999
0.629835 1998
0.629835 1997
0.629835 1996
0.629835 1995
0.629835 1994
0.629835 1993
0.629835 1992
0.629835 1991
0.629835 1990
0.629835 1989
0.629835 1988
0.629835 1987
0.629835 1986
0.629835 1985
0.629835 1984
0.629835 1983
0.629835 1982
0.629835 1981
0.629835 1980
0.629835 1979
0.629835 1978
0.629835 1977
0.629835 1976
0.629835 1975
0.629835 1974
0.629835 1973
0.629835 1972
0.629835 1971
0.629835 1970
0.629835 1969
0.629835 1968
0.629835 1967
0.629835 1966
0.629835 1965
0.629835 1964
0.629835 1963
0.629835 1962
0.629835 1961
0.629835 1960
0.629835 1959
0.629835 1958
0.629835 1957
0.629835 1956
0.629835 1955
0.629835 1954
0.629835 1953
0.629835 1952
0.629835 1951
0.629835 1950
0.629835 1949
0.629835 1948
0.629835 1947
0.629835 1946
0.629835 1945
0.629835 1944
0.629835 1943
0.629835 1942
0.629835 1941
0.629835 1940
0.629835 1939
0.629835 1938
0.629835 1937
0.629835 1936
0.629835 1935
0.629835 1934
0.629835 1933
0.629835 1932
0.629835 1931
0.629835 1930
0.629835 1929
0.629835 1928
0.629835 1927
0.629835 1926
0.629835 1925
0.629835 1924
0.629835 1923
0.629835 1922
0.629835 1921
0.629835 1920
0.629835 1919
0.629835 1918
0.629835 1917
0.629835 1916
0.629835 1915
0.629835 1914
0.629835 1913
0.629835 1912
0.629835 1911
0.629835 1910
0.629835 1909
0.629835 1908
0.629835 1907
0.629835 1906
0.629835 1905
0.629835 1904
0.629835 1903
0.629835 1902
0.629835 1901
0.629835 1900
0.629835 1899
0.629835 1898
0.629835 1897
0.629835 1896
0.629835 1895
0.629835 1894
0.629835 1893
0.629835 1892
0.629835 1891
0.629835 1890
0.629835 1889
0.629835 1888
0.629835 1887
0.629835 1886
0.629835 1885
0.629835 1884
0.629835 1883
0.629835 1882
0.629835 1881
0.629835 1880
0.629835 1879
0.629835 1878
0.629835 1877
0.629835 1876
0.629835 1875
0.629835 1874
0.629835 1873
0.629835 1872
0.629835 1871
0.629835 1870
0.629835 1869
0.629835 1868
0.629835 1867
0.629835 1866
0.629835 1865
0.629835 1864
0.629835 1863
0.629835 1862
0.629835 1861
0.629835 1860
0.629835 1859
0.629835 1858
0.629835 1857
0.629835 1856
0.629835 1855
0.629835 1854
0.629835 1853
0.629835 1852
0.629835 1851
0.629835 1850
0.629835 1849
0.629835 1848
0.629835 1847
0.629835 1846
0.629835 1845
0.629835 1844
0.629835 1843
0.629835 1842
0.629835 1841
0.629835 1840
0.629835 1839
0.629835 1838
0.629835 1837
0.629835 1836
0.629835 1835
0.629835 1834
0.629835 1833
0.629835 1832
0.629835 1831
0.629835 1830
0.629835 1829
0.629835 1828
0.629835 1827
0.629835 1826
0.629835 1825
0.629835 1824
0.629835 1823
0.629835 1822
0.629835 1821
0.629835 1820
0.629835 1819
0.629835 1818
0.629835 1817
0.629835 1816
0.629835 1815
0.629835 1814
0.629835 1813
0.629835 1812
0.629835 1811
0.629835 1810
0.629835 1809
0.629835 1808
0.629835 1807
0.629835 1806
0.629835 1805
0.629835 1804
0.629835 1803
0.629835 1802
0.629835 1801
0.629835 1800
0.629835 1799
0.629835 1798
0.629835 1797
0.629835 1796
0.629835 1795
0.629835 1794
0.629835 1793
0.629835 1792
0.629835 1791
0.629835 1790
0.629835 1789
0.629835 1788
0.629835 1787
0.629835 1786
0.629835 1785
0.629835 1784
0.629835 1783
0.629835 1782
0.629835 1781
0.629835 1780
0.629835 1779
0.629835 1778
0.629835 1777
0.629835 1776
0.629835 1775
0.629835 1774
0.629835 1773
0.629835 1772
0.629835 1771
0.629835 1770
0.629835 1769
0.629835 1768
0.629835 1767
0.629835 1766
0.629835 1765
0.629835 1764
0.629835 1763
0.629835 1762
0.629835 1761
0.629835 1760
0.629835 1759
0.629835 1758
0.629835 1757
0.629835 1756
0.629835 1755
0.629835 1754
0.629835 1753
0.629835 1752
0.629835 1751
0.629835 1750
0.629835 1749
0.629835 1748
0.629835 1747
0.629835 1746
0.629835 1745
0.629835 1744
0.629835 1743
0.629835 1742
0.629835 1741
0.629835 1740
0.629835 1739
0.629835 1738
0.629835 1737
0.629835 1736
0.629835 1735
0.629835 1734
0.629835 1733
0.629835 1732
0.629835 1731
0.629835 1730
0.629835 1729
0.629835 1728
0.629835 1727
0.629835 1726
0.629835 1725
0.629835 1724
0.629835 1723
0.629835 1722
0.629835 1721
0.629835 1720
0.629835 1719
0.629835 1718
0.629835 1717
0.629835 1716
0.629835 1715
0.629835 1714
0.629835 1713
0.629835 1712
0.629835 1711
0.629835 1710
0.629835 1709
0.629835 1708
0.629835 1707
0.629835 1706
0.629835 1705
0.629835 1704
0.629835 1703
0.629835 1702
0.629835 1701
0.629835 1700
0.629835 1699
0.629835 1698
0.629835 1697
0.629835 1696
0.629835 1695
0.629835 1694
0.629835 1693
0.629835 1692
0.629835 1691
0.629835 1690
0.629835 1689
0.629835 1688
0.629835 1687
0.629835 1686
0.629835 1685
0.629835 1684
0.629835 1683
0.629835 1682
0.629835 1681
0.629835 1680
0.629835 1679
0.629835 1678
0.629835 1677
0.629835 1676
0.629835 1675
0.629835 1674
0.629835 1673
0.629835 1672
0.629835 1671
0.629835 1670
0.629835 1669
0.629835 1668
0.629835 1667
0.629835 1666
0.629835 1665
0.629835 1664
0.629835 1663
0.629835 1662
0.629835 1661
0.629835 1660
0.629835 1659
0.629835 1658
0.629835 1657
0.629835 1656
0.629835 1655
0.629835 1654
0.629835 1653
0.629835 1652
0.629835 1651
0.629835 1650
0.629835 1649
0.629835 1648
0.629835 1647
0.629835 1646
0.629835 1645
0.629835 1644
0.629835 1643
0.629835 1642
0.629835 1641
0.629835 1640
0.629835 1639
0.629835 1638
0.629835 1637
0.629835 1636
0.629835 1635
0.629835 1634
0.629835 1633
0.629835 1632
0.629835 1631
0.629835 1630
0.629835 1629
0.629835 1628
0.629835 1627
0.629835 1626
0.629835 1625
0.629835 1624
0.629835 1623
0.629835 1622
0.629835 1621
0.629835 1620
0.629835 1619
0.629835 1618
0.629835 1617
0.629835 1616
0.629835 1615
0.629835 1614
0.629835 1613
0.629835 1612
0.629835 1611
0.629835 1610
0.629835 1609
0.629835 1608
0.629835 1607
0.629835 1606
0.629835 1605
0.629835 1604
0.629835 1603
0.629835 1602
0.629835 1601
0.629835 1600
0.629835 1599
0.629835 1598
0.629835 1597
0.629835 1596
0.629835 1595
0.629835 1594
0.629835 1593
0.629835 1592
0.629835 1591
0.629835 1590
0.629835 1589
0.629835 1588
0.629835 1587
0.629835 1586
0.629835 1585
0.629835 1584
0.629835 1583
0.629835 1582
0.629835 1581
0.629835 1580
0.629835 1579
0.629835 1578
0.629835 1577
0.629835 1576
0.629835 1575
0.629835 1574
0.629835 1573
0.629835 1572
0.629835 1571
0.629835 1570
0.629835 1569
0.629835 1568
0.629835 1567
0.629835 1566
0.629835 1565
0.629835 1564
0.629835 1563
0.629835 1562
0.629835 1561
0.629835 1560
0.629835 1559
0.629835 1558
0.629835 1557
0.629835 1556
0.629835 1555
0.629835 1554
0.629835 1553
0.629835 1552
0.629835 1551
0.629835 1550
0.629835 1549
0.629835 1548
0.629835 1547
0.629835 1546
0.629835 1545
0.629835 1544
0.629835 1543
0.629835 1542
0.629835 1541
0.629835 1540
0.629835 1539
0.629835 1538
0.629835 1537
0.629835 1536
0.629835 1535
0.629835 1534
0.629835 1533
0.629835 1532
0.629835 1531
0.629835 1530
0.629835 1529
0.629835 1528
0.629835 1527
0.629835 1526
0.629835 1525
0.629835 1524
0.629835 1523
0.629835 1522
0.629835 1521
0.629835 1520
0.629835 1519
0.629835 1518
0.629835 1517
0.629835 1516
0.629835 1515
0.629835 1514
0.629835 1513
0.629835 1512
0.629835 1511
0.629835 1510
0.629835 1509
0.629835 1508
0.629835 1507
0.629835 1506
0.629835 1505
0.629835 1504
0.629835 1503
0.629835 1502
0.629835 1501
0.629835 1500
0.629835 1499
0.629835 1498
0.629835 1497
0.629835 1496
0.629835 1495
0.629835 1494
0.629835 1493
0.629835 1492
0.629835 1491
0.629835 1490
0.629835 1489
0.629835 1488
0.629835 1487
0.629835 1486
0.629835 1485
0.629835 1484
0.629835 1483
0.629835 1482
0.629835 1481
0.629835 1480
0.629835 1479
0.629835 1478
0.629835 1477
0.629835 1476
0.629835 1475
0.629835 1474
0.629835 1473
0.629835 1472
0.629835 1471
0.629835 1470
0.629835 1469
0.629835 1468
0.629835 1467
0.629835 1466
0.629835 1465
0.629835 1464
0.629835 1463
0.629835 1462
0.629835 1461
0.629835 1460
0.629835 1459
0.629835 1458
0.629835 1457
0.629835 1456
0.629835 1455
0.629835 1454
0.629835 1453
0.629835 1452
0.629835 1451
0.629835 1450
0.629835 1449
0.629835 1448
0.629835 1447
0.629835 1446
0.629835 1445
0.629835 1444
0.629835 1443
0.629835 1442
0.629835 1441
0.629835 1440
0.629835 1439
0.629835 1438
0.629835 1437
0.629835 1436
0.629835 1435
0.629835 1434
0.629835 1433
0.629835 1432
0.629835 1431
0.629835 1430
0.629835 1429
0.629835 1428
0.629835 1427
0.629835 1426
0.629835 1425
0.629835 1424
0.629835 1423
0.629835 1422
0.629835 1421
0.629835 1420
0.629835 1419
0.629835 1418
0.629835 1417
0.629835 1416
0.629835 1415
0.629835 1414
0.629835 1413
0.629835 1412
0.629835 1411
0.629835 1410
0.629835 1409
0.629835 1408
0.629835 1407
0.629835 1406
0.629835 1405
0.629835 1404
0.629835 1403
0.629835 1402
0.629835 1401
0.629835 1400
0.629835 1399
0.629835 1398
0.629835 1397
0.629835 1396
0.629835 1395
0.629835 1394
0.629835 1393
0.629835 1392
0.629835 1391
0.629835 1390
0.629835 1389
0.629835 1388
0.629835 1387
0.629835 1386
0.629835 1385
0.629835 1384
0.629835 1383
0.629835 1382
0.629835 1381
0.629835 1380
0.629835 1379
0.629835 1378
0.629835 1377
0.629835 1376
0.629835 1375
0.629835 1374
0.629835 1373
0.629835 1372
0.629835 1371
0.629835 1370
0.629835 1369
0.629835 1368
0.629835 1367
0.629835 1366
0.629835 1365
0.629835 1364
0.629835 1363
0.629835 1362
0.629835 1361
0.629835 1360
0.629835 1359
0.629835 1358
0.629835 1357
0.629835 1356
0.629835 1355
0.629835 1354
0.629835 1353
0.629835 1352
0.629835 1351
0.629835 1350
0.629835 1349
0.629835 1348
0.629835 1347
0.629835 1346
0.629835 1345
0.629835 1344
0.629835 1343
0.629835 1342
0.629835 1341
0.629835 1340
0.629835 1339
0.629835 1338
0.629835 1337
0.629835 1336
0.629835 1335
0.629835 1334
0.629835 1333
0.629835 1332
0.629835 1331
0.629835 1330
0.629835 1329
0.629835 1328
0.629835 1327
0.629835 1326
0.629835 1325
0.629835 1324
0.629835 1323
0.629835 1322
0.629835 1321
0.629835 1320
0.629835 1319
0.629835 1318
0.629835 1317
0.629835 1316
0.629835 1315
0.629835 1314
0.629835 1313
0.629835 1312
0.629835 1311
0.629835 1310
0.629835 1309
0.629835 1308
0.629835 1307
0.629835 1306
0.629835 1305
0.629835 1304
0.629835 1303
0.629835 1302
0.629835 1301
0.629835 1300
0.629835 1299
0.629835 1298
0.629835 1297
0.629835 1296
0.629835 1295
0.629835 1294
0.629835 1293
0.629835 1292
0.629835 1291
0.629835 1290
0.629835 1289
0.629835 1288
0.629835 1287
0.629835 1286
0.629835 1285
0.629835 1284
0.629835 1283
0.629835 1282
0.629835 1281
0.629835 1280
0.629835 1279
0.629835 1278
0.629835 1277
0.629835 1276
0.629835 1275
0.629835 1274
0.629835 1273
0.629835 1272
0.629835 1271
0.629835 1270
0.629835 1269
0.629835 1268
0.629835 1267
0.629835 1266
0.629835 1265
0.629835 1264
0.629835 1263
0.629835 1262
0.629835 1261
0.629835 1260
0.629835 1259
0.629835 1258
0.629835 1257
0.629835 1256
0.629835 1255
0.629835 1254
0.629835 1253
0.629835 1252
0.629835 1251
0.629835 1250
0.629835 1249
0.629835 1248
0.629835 1247
0.629835 1246
0.629835 1245
0.629835 1244
0.629835 1243
0.629835 1242
0.629835 1241
0.629835 1240
0.629835 1239
0.629835 1238
0.629835 1237
0.629835 1236
0.629835 1235
0.629835 1234
0.629835 1233
0.629835 1232
0.629835 1231
0.629835 1230
0.629835 1229
0.629835 1228
0.629835 1227
0.629835 1226
0.629835 1225
0.629835 1224
0.629835 1223
0.629835 1222
0.629835 1221
0.629835 1220
0.629835 1219
0.629835 1218
0.629835 1217
0.629835 1216
0.629835 1215
0.629835 1214
0.629835 1213
0.629835 1212
0.629835 1211
0.629835 1210
0.629835 1209
0.629835 1208
0.629835 1207
0.629835 1206
0.629835 1205
0.629835 1204
0.629835 1203
0.629835 1202
0.629835 1201
0.629835 1200
0.629835 1199
0.629835 1198
0.629835 1197
0.629835 1196
0.629835 1195
0.629835 1194
0.629835 1193
0.629835 1192
0.629835 1191
0.629835 1190
0.629835 1189
0.629835 1188
0.629835 1187
0.629835 1186
0.629835 1185
0.629835 1184
0.629835 1183
0.629835 1182
0.629835 1181
0.629835 1180
0.629835 1179
0.629835 1178
0.629835 1177
0.629835 1176
0.629835 1175
0.629835 1174
0.629835 1173
0.629835 1172
0.629835 1171
0.629835 1170
0.629835 1169
0.629835 1168
0.629835 1167
0.629835 1166
0.629835 1165
0.629835 1164
0.629835 1163
0.629835 1162
0.629835 1161
0.629835 1160
0.629835 1159
0.629835 1158
0.629835 1157
0.629835 1156
0.629835 1155
0.629835 1154
0.629835 1153
0.629835 1152
0.629835 1151
0.629835 1150
0.629835 1149
0.629835 1148
0.629835 1147
0.629835 1146
0.629835 1145
0.629835 1144
0.629835 1143
0.629835 1142
0.629835 1141
0.629835 1140
0.629835 1139
0.629835 1138
0.629835 1137
0.629835 1136
0.629835 1135
0.629835 1134
0.629835 1133
0.629835 1132
0.629835 1131
0.629835 1130
0.629835 1129
0.629835 1128
0.629835 1127
0.629835 1126
0.629835 1125
0.629835 1124
0.629835 1123
0.629835 1122
0.629835 1121
0.629835 1120
0.629835 1119
0.629835 1118
0.629835 1117
0.629835 1116
0.629835 1115
0.629835 1114
0.629835 1113
0.629835 1112
0.629835 1111
0.629835 1110
0.629835 1109
0.629835 1108
0.629835 1107
0.629835 1106
0.629835 1105
0.629835 1104
0.629835 1103
0.629835 1102
0.629835 1101
0.629835 1100
0.629835 1099
0.629835 1098
0.629835 1097
0.629835 1096
0.629835 1095
0.629835 1094
0.629835 1093
0.629835 1092
0.629835 1091
0.629835 1090
0.629835 1089
0.629835 1088
0.629835 1087
0.629835 1086
0.629835 1085
0.629835 1084
0.629835 1083
0.629835 1082
0.629835 1080
0.629835 1079
0.629835 1078
0.629835 1076
0.629835 1075
0.629835 1074
0.629832 1072
0.629832 1071
0.629672 1070
0.629672 1068
0.629672 1067
0.629672 1066
0.629672 1064
0.629481 1063
0.629481 1058
0.629366 1057
0.629335 1056
0.629250 1054
0.629184 1052
0.629184 1051
0.629184 1050
0.629184 1048
0.629125 1045
0.629125 1043
0.629125 1042
0.629125 1040
0.629125 1039
0.629008 1038
0.629008 1037
0.629008 1033
0.628979 1032
0.628979 1031
0.628979 1030
0.628979 1029
0.628979 1028
0.628973 1027
0.628973 1026
0.628973 1024
0.628973 1023
0.628951 1022
0.628951 1021
0.628823 1019
0.628823 1017
0.628823 1016
0.628599 1015
0.628599 1014
0.628599 1013
0.628462 1011
0.628462 1009
0.628312 1006
0.628296 1005
0.628185 1001
0.628134 998
0.628134 995
0.628134 994
0.628134 993
0.628134 992
0.628134 991
0.628096 987
0.628096 986
0.628096 985
0.628096 984
0.628096 982
0.628096 980
0.628096 979
0.628096 978
0.628101 976
0.628055 974
0.628043 972
0.627914 969
0.627914 968
0.627900 967
0.627900 965
0.627900 962
0.627900 961
0.627896 958
0.627894 957
0.627994 954
0.627994 952
0.627994 951
0.627994 950
0.627835 948
0.627835 947
0.627835 945
0.627693 943
0.627693 942
0.627668 941
0.627668 939
0.627668 938
0.627668 937
0.627646 934
0.627563 932
0.627422 931
0.627329 929
0.627206 926
0.627206 925
0.627206 923
0.627206 922
0.627133 921
0.627119 919
0.627119 918
0.627072 914
0.627072 913
0.627072 911
0.627072 909
0.627072 904
0.627065 901
0.627065 900
0.627065 899
0.627065 898
0.626995 897
0.626995 896
0.626995 892
0.626995 890
0.626995 889
0.626853 888
0.626853 887
0.626853 886
0.626706 885
0.626706 884
0.626622 881
0.626622 880
0.626489 878
0.626489 877
0.626489 875
0.626489 874
0.626411 871
0.626366 869
0.626366 868
0.626366 867
0.626366 864
0.626361 862
0.626361 861
0.626361 860
0.626176 857
0.626176 856
0.626176 852
0.626176 851
0.626176 850
0.626176 849
0.626176 848
0.626175 847
0.626175 846
0.626175 845
0.626175 844
0.626114 843
0.626114 842
0.626004 840
0.626004 839
0.626004 837
0.625947 836
0.625947 835
0.625933 833
0.625933 832
0.625847 831
0.625847 829
0.625772 828
0.625772 827
0.625772 826
0.625757 823
0.625681 822
0.625573 821
0.625573 820
0.625573 819
0.625573 818
0.625573 817
0.625573 816
0.625573 815
0.625573 814
0.625508 813
0.625508 811
0.625508 810
0.625398 809
0.625284 808
0.625284 807
0.625284 806
0.625199 805
0.625024 803
0.625024 802
0.625024 801
0.624940 800
0.624940 799
0.624792 798
0.624792 797
0.624767 796
0.624550 795
0.624489 794
0.624489 793
0.624489 792
0.624489 791
0.624489 790
0.624489 789
0.624439 788
0.624434 787
0.624329 786
0.624329 785
0.624328 784
0.624233 783
0.624233 782
0.624233 781
0.624218 780
0.624218 779
0.624218 778
0.624218 777
0.624090 775
0.624018 774
0.624018 773
0.624018 772
0.624008 771
0.624008 770
0.624008 769
0.623870 768
0.623870 767
0.623870 766
0.623870 765
0.623866 764
0.623866 763
0.623866 762
0.623866 761
0.623866 760
0.623851 759
0.623851 758
0.623851 757
0.623851 756
0.623851 755
0.623851 754
0.623754 753
0.623607 752
0.623599 751
0.623599 750
0.623599 749
0.623599 748
0.623599 747
0.623498 745
0.623498 744
0.623450 743
0.623450 742
0.623450 741
0.623450 740
0.623450 739
0.623450 738
0.623315 737
0.623255 736
0.623198 735
0.623186 734
0.623186 733
0.623149 732
0.623149 731
0.623079 729
0.623079 728
0.623079 727
0.623058 726
0.622951 725
0.622733 724
0.622699 723
0.622482 722
0.622482 720
0.622482 719
0.622482 718
0.622482 717
0.622240 716
0.622240 715
0.622203 714
0.622203 713
0.622200 712
0.622200 711
0.622200 710
0.622200 709
0.622185 708
0.622185 707
0.622185 706
0.622105 705
0.622094 704
0.622090 703
0.621980 702
0.621841 701
0.621813 700
0.621813 699
0.621705 698
0.621705 697
0.621705 696
0.621705 695
0.621680 693
0.621680 692
0.621680 691
0.621680 690
0.621680 689
0.621679 688
0.621679 687
0.621679 686
0.621629 685
0.621629 684
0.621629 683
0.621629 682
0.621629 681
0.621629 680
0.621492 679
0.621492 678
0.621492 677
0.621492 676
0.621488 675
0.621488 674
0.621488 673
0.621488 672
0.621488 670
0.621488 669
0.621488 668
0.621488 667
0.621344 666
0.621344 665
0.621344 664
0.621180 663
0.621180 662
0.621149 661
0.621144 660
0.621144 659
0.621144 658
0.621029 657
0.621028 656
0.620888 655
0.620884 654
0.620871 653
0.620871 652
0.620849 651
0.620849 650
0.620849 649
0.620849 648
0.620849 647
0.620849 646
0.620849 645
0.620778 644
0.620778 643
0.620778 642
0.620632 641
0.620632 639
0.620632 638
0.620632 637
0.620620 636
0.620551 635
0.620551 634
0.620637 632
0.620637 631
0.620495 630
0.620393 629
0.620393 628
0.620393 627
0.620393 626
0.620393 625
0.620355 624
0.620355 623
0.620242 622
0.620242 621
0.620024 620
0.620024 619
0.620024 618
0.620024 617
0.619804 616
0.619804 615
0.619804 614
0.619804 613
0.619804 612
0.619804 611
0.619804 610
0.619804 609
0.619804 608
0.619804 607
0.619805 606
0.619763 604
0.619763 603
0.619763 602
0.619763 601
0.619763 600
0.619763 599
0.619763 598
0.619533 596
0.619415 595
0.619269 594
0.619269 593
0.619269 592
0.619005 590
0.619005 589
0.618892 588
0.618892 587
0.618892 586
0.618892 585
0.618892 583
0.618793 582
0.618789 581
0.618679 580
0.618679 579
0.618679 578
0.618679 577
0.618679 576
0.618679 575
0.618665 574
0.618665 573
0.618665 572
0.618665 571
0.618665 569
0.618551 568
0.618551 567
0.618434 566
0.618331 565
0.618331 564
0.618138 563
0.618138 562
0.618087 561
0.618079 560
0.618074 559
0.617970 558
0.617970 557
0.617970 556
0.617970 555
0.617854 554
0.617832 553
0.617820 552
0.617705 551
0.617705 550
0.617705 549
0.617705 548
0.617705 547
0.617705 546
0.617577 544
0.617577 543
0.617421 542
0.617421 541
0.617421 540
0.617421 538
0.617421 537
0.617403 536
0.617403 535
0.617299 534
0.617299 533
0.617275 531
0.617275 530
0.617275 529
0.617268 528
0.617268 527
0.617268 526
0.617033 525
0.617033 524
0.617033 523
0.617033 522
0.616967 521
0.616967 519
0.616967 518
0.616890 517
0.616890 516
0.616890 515
0.616890 513
0.616890 512
0.616890 511
0.616790 510
0.616790 509
0.616790 508
0.616790 507
0.616790 506
0.616790 505
0.616790 504
0.616647 503
0.616552 502
0.616499 501
0.616465 500
0.616465 499
0.616465 498
0.616465 497
0.616385 496
0.616375 495
0.616317 493
0.616317 492
0.616308 489
0.616210 488
0.616145 487
0.616145 486
0.616040 485
0.616040 484
0.616040 483
0.616040 482
0.616038 481
0.616038 480
0.616038 479
0.616012 478
0.616012 477
0.615912 476
0.615912 475
0.615912 474
0.615912 473
0.615912 472
0.615912 471
0.615912 470
0.615901 469
0.615901 468
0.615792 467
0.615652 466
0.615652 465
0.615515 464
0.615433 463
0.615342 462
0.615266 461
0.615162 460
0.615066 459
0.615066 458
0.614878 456
0.614878 455
0.614878 454
0.614878 453
0.614878 451
0.614878 450
0.614878 449
0.614818 448
0.614807 447
0.614764 446
0.614764 445
0.614676 444
0.614658 443
0.614658 442
0.614657 441
0.614657 440
0.614657 439
0.614637 438
0.614637 437
0.614637 436
0.614609 435
0.614496 434
0.614496 433
0.614496 432
0.614496 431
0.614496 430
0.614496 429
0.614383 428
0.614383 427
0.614246 426
0.614246 425
0.614246 424
0.614246 423
0.614246 422
0.614246 421
0.614246 420
0.614246 419
0.614246 418
0.614246 417
0.614176 416
0.614176 415
0.614095 414
0.614095 413
0.614095 412
0.614088 411
0.614088 410
0.613972 409
0.613972 408
0.613972 407
0.613821 406
0.613733 405
0.613705 404
0.613705 403
0.613705 402
0.613705 401
0.613587 400
0.613441 399
0.613441 398
0.613332 397
0.613311 396
0.613308 395
0.613307 394
0.613307 392
0.613307 391
0.613302 390
0.613176 389
0.613176 388
0.613176 387
0.613176 386
0.613176 385
0.613176 384
0.613175 383
0.613060 382
0.613060 381
0.613055 380
0.613055 379
0.612952 378
0.612952 377
0.612952 376
0.612952 375
0.612895 374
0.612881 373
0.612791 372
0.612791 371
0.612554 369
0.612554 367
0.612554 366
0.612554 365
0.612549 364
0.612429 362
0.612427 361
0.612382 360
0.612382 359
0.612247 358
0.612189 357
0.612189 356
0.612189 354
0.612189 353
0.612189 352
0.612065 351
0.612061 350
0.612023 349
0.612023 348
0.612023 347
0.612023 346
0.611914 345
0.611914 344
0.611843 343
0.611709 342
0.611709 341
0.611709 340
0.611538 339
0.611386 338
0.611381 337
0.611375 336
0.611375 335
0.611375 334
0.611271 333
0.611232 331
0.611232 330
0.611232 329
0.611163 327
0.610908 326
0.610908 325
0.610908 324
0.610908 323
0.610798 322
0.610774 321
0.610773 320
0.610524 319
0.610524 318
0.610524 317
0.610524 316
0.610461 315
0.610322 314
0.610322 313
0.610211 312
0.610161 311
0.610145 310
0.610145 309
0.609936 308
0.609930 307
0.609930 306
0.609775 305
0.609775 304
0.609775 303
0.609775 302
0.609685 301
0.609685 300
0.609685 299
0.609553 298
0.609519 297
0.609519 296
0.609375 295
0.609253 294
0.609253 293
0.609253 292
0.609253 291
0.609109 290
0.608907 289
0.608907 288
0.608790 286
0.608786 285
0.608637 284
0.608370 283
0.608370 282
0.608370 281
0.608370 280
0.608363 279
0.608272 278
0.608272 277
0.608272 276
0.608272 275
0.608244 274
0.608244 273
0.608244 272
0.608024 271
0.608000 270
0.607992 269
0.607992 268
0.607992 267
0.607980 266
0.607980 265
0.607894 264
0.607894 263
0.607894 262
0.607894 261
0.607894 260
0.607884 259
0.607884 258
0.607882 257
0.607882 256
0.607831 255
0.607702 253
0.607545 252
0.607410 251
0.607410 250
0.607403 249
0.607403 248
0.607403 247
0.607367 246
0.607367 245
0.607252 244
0.607250 243
0.607114 242
0.607085 241
0.607085 240
0.607085 239
0.607085 238
0.607085 237
0.607085 236
0.607069 235
0.606943 234
0.606943 233
0.606767 232
0.606767 231
0.606648 230
0.606648 229
0.606506 228
0.606392 227
0.606392 226
0.606392 225
0.606392 224
0.606392 223
0.606392 222
0.606201 221
0.606104 220
0.606103 219
0.606000 218
0.606000 217
0.606000 216
0.606000 215
0.606000 214
0.606000 213
0.606000 212
0.606000 211
0.605864 210
0.605864 209
0.605864 208
0.605815 207
0.605811 206
0.605811 205
0.605811 204
0.605811 203
0.605805 202
0.605550 201
0.605550 200
0.605550 199
0.605550 198
0.605428 197
0.605299 196
0.605129 195
0.605129 194
0.605129 193
0.605129 192
0.605214 191
0.605146 190
0.605100 189
0.605063 188
0.605063 187
0.605053 186
0.605053 185
0.605053 184
0.604992 183
0.604992 182
0.604992 181
0.604875 180
0.604739 179
0.604739 178
0.604548 177
0.604488 176
0.604488 175
0.604488 174
0.604488 173
0.604479 172
0.604479 171
0.604471 170
0.604280 169
0.604280 168
0.604188 167
0.604088 166
0.604024 165
0.603927 164
0.603904 163
0.603904 162
0.603872 161
0.603872 160
0.603872 159
0.603872 158
0.603766 157
0.603766 156
0.603766 155
0.603633 154
0.603633 153
0.603608 152
0.603476 151
0.603476 150
0.603476 149
0.603385 148
0.603385 147
0.603385 146
0.603292 145
0.603292 144
0.603156 143
0.603156 142
0.603118 141
0.603118 140
0.603118 139
0.603118 138
0.602819 137
0.602733 136
0.602733 135
0.602605 134
0.602471 133
0.602456 132
0.602456 131
0.602282 130
0.602282 129
0.602155 128
0.601886 127
0.601609 126
0.601609 125
0.601434 124
0.601078 123
0.601078 122
0.601078 121
0.601078 120
0.600652 119
0.600652 118
0.600383 117
0.600256 116
0.600151 115
0.600020 114
0.599879 113
0.599879 112
0.599746 111
0.599727 110
0.599569 109
0.599441 108
0.599441 107
0.599441 106
0.599296 105
0.599167 104
0.598910 103
0.598910 102
0.598657 101
0.598195 100
0.598195 99
0.597982 98
0.597884 97
0.597754 96
0.597619 95
0.597309 93
0.597284 92
0.597001 91
0.596897 90
0.596627 89
0.596627 88
0.596103 87
0.596103 86
0.595630 85
0.595630 84
0.595541 83
0.595541 82
0.595418 81
0.595298 80
0.595298 79
0.594994 78
0.594701 77
0.594415 76
0.594308 75
0.594308 74
0.594174 73
0.594174 72
0.594173 71
0.593932 70
0.593932 69
0.593711 68
0.593412 67
0.593315 66
0.593201 65
0.593201 64
0.593088 63
0.592688 62
0.592478 61
0.592367 60
0.592124 59
0.591756 58
0.591638 57
0.591638 56
0.591426 55
0.591426 54
0.591426 53
0.590843 52
0.590413 51
0.590413 50
0.589833 49
0.589520 48
0.589289 47
0.589109 46
0.588715 45
0.588166 44
0.587143 43
0.587024 42
0.586996 41
0.586671 40
0.586538 39
0.586256 38
0.585861 37
0.585469 36
0.584998 35
0.584872 34
0.584461 33
0.583845 32
0.583759 31
0.583417 30
0.583379 29
0.583006 28
0.582662 27
0.581827 26
0.581121 25
0.580386 24
0.579352 23
0.578395 22
0.576987 21
0.576601 20
0.575034 19
0.574632 18
0.573733 17
0.571272 15
0.571006 14
0.568583 13
0.566966 12
0.564471 11
0.561736 10
0.559072 9
0.556289 8
0.553163 7
0.546767 6
0.541065 5
0.534486 4
0.533160 4
0.507179 3
0.486279 2
0.484978 2
0.483622 2
0.482228 2
0.480901 2
0.479613 2
0.478322 2
0.477087 2
0.442136 1
0.331496 0
0.330142 0
0.328800 0
0.327496 0
0.326099 0
0.324798 0
0.323440 0
0.322078 0
0.320783 0
0.319459 0
0.318102 0
0.316714 0
0.315381 0
0.314053 0
0.312523 0
0.311152 0
0.309825 0
0.308535 0
0.307081 0
0.305717 0
0.304383 0
0.303056 0
0.301720 0
0.300346 0
0.298981 0
0.297633 0
0.296251 0
0.294866 0
0.293471 0
0.292128 0
0.290808 0
0.289436 0
0.288051 0
0.286694 0
0.285388 0
0.283939 0
0.282612 0
0.281234 0
0.279939 0
0.278574 0
0.277229 0
0.275853 0
0.274536 0
0.273169 0
0.271804 0
0.270419 0
0.269067 0
0.267707 0
0.266333 0
0.264936 0
0.263592 0
0.262183 0
0.260869 0
0.259525 0
0.258182 0
0.256837 0
0.255496 0
0.254102 0
0.252727 0
0.251360 0
0.250023 0
0.248620 0
0.247287 0
0.245884 0
0.244497 0
0.243163 0
0.241812 0
0.240453 0
0.239114 0
