0.879688 2100 -1721.37954456
0.879688 2099 -1720.44343737
0.879688 2098 -1720.41564904
0.879688 2097 -1720.31085879
0.879688 2096 -1719.94473624
0.879688 2095 -1719.44777083
0.879688 2094 -1718.57102197
0.879688 2093 -1717.95248569
0.879688 2092 -1717.36530623
0.879688 2091 -1717.29773381
0.879688 2090 -1716.95863055
0.879688 2089 -1716.90184935
0.879688 2088 -1716.29857285
0.879688 2087 -1716.17578038
0.879688 2086 -1716.10075952
0.879688 2085 -1715.62052332
0.879688 2084 -1714.97215824
0.879688 2083 -1714.1942772
0.879688 2082 -1714.15344539
0.879688 2081 -1713.35492802
0.879688 2080 -1713.03665815
0.879688 2079 -1712.21941822
0.879688 2078 -1711.40465143
0.879688 2077 -1711.12464911
0.879688 2076 -1710.78600187
0.879688 2075 -1710.00972133
0.879688 2074 -1709.18319782
0.879688 2073 -1708.84499976
0.879688 2072 -1707.97724982
0.879688 2071 -1707.9361146
0.879688 2070 -1707.60307145
0.879688 2069 -1706.72412849
0.879688 2068 -1705.79594942
0.879688 2067 -1705.3956781
0.879688 2066 -1705.23625264
0.879688 2065 -1704.9000742
0.879688 2064 -1704.40060838
0.879688 2063 -1703.56076179
0.879688 2062 -1702.66242845
0.879688 2061 -1702.35913248
0.879688 2060 -1701.9044126
0.879688 2059 -1701.23294211
0.879688 2058 -1700.75834991
0.879688 2057 -1700.70808374
0.879688 2056 -1700.34051128
0.879688 2055 -1699.47427745
0.879688 2054 -1699.29204863
0.879688 2053 -1698.82389093
0.879688 2052 -1698.33248978
0.879688 2051 -1697.81147915
0.879688 2050 -1697.56585425
0.879688 2049 -1697.18247102
0.879688 2048 -1696.78900545
0.879688 2047 -1696.5576262
0.879688 2046 -1695.79361421
0.879688 2045 -1695.13005139
0.879688 2044 -1694.42018778
0.879688 2043 -1693.95646534
0.879688 2042 -1693.94000061
0.879688 2041 -1693.07180309
0.879688 2040 -1692.62925138
0.879688 2039 -1692.17430251
0.879688 2038 -1691.33499763
0.879688 2037 -1691.2549865
0.879688 2036 -1690.45328407
0.879688 2035 -1689.53344285
0.879688 2034 -1688.94401171
0.879688 2033 -1688.22962143
0.879688 2032 -1688.12044567
0.879688 2031 -1687.77958691
0.879688 2030 -1686.93944859
0.879688 2029 -1686.26519806
0.879688 2028 -1686.1543994
0.879688 2027 -1685.26358797
0.879688 2026 -1685.05861363
0.879688 2025 -1684.55118379
0.879688 2024 -1683.64540542
0.879688 2023 -1683.09101686
0.879688 2022 -1682.53840457
0.879688 2021 -1682.12847845
0.879688 2020 -1681.2792226
0.879688 2019 -1680.58538486
0.879688 2018 -1680.25219144
0.879688 2017 -1679.67142059
0.879688 2016 -1679.02795899
0.879688 2015 -1678.36182828
0.879688 2014 -1677.92160356
0.879688 2013 -1677.24517779
0.879688 2012 -1676.71573004
0.879688 2011 -1676.2636573
0.879688 2010 -1676.06667391
0.879688 2009 -1675.60542097
0.879688 2008 -1674.71031111
0.879688 2007 -1673.73026935
0.879688 2006 -1673.31216031
0.879688 2005 -1672.92397612
0.879688 2004 -1672.73689977
0.879688 2003 -1672.07601843
0.879688 2002 -1671.57679658
0.879688 2001 -1671.01412892
0.879688 2000 -1670.30018491
0.879688 1999 -1670.12557337
0.879688 1998 -1669.48256681
0.879688 1997 -1668.87548483
0.879688 1996 -1668.57362108
0.879688 1995 -1668.13467997
0.879688 1994 -1667.96733875
0.879688 1993 -1667.58574476
0.879688 1992 -1667.1212735
0.879688 1991 -1666.598273
0.879688 1990 -1666.45829685
0.879688 1989 -1665.49567478
0.879688 1988 -1665.23246691
0.879688 1987 -1665.03015086
0.879688 1986 -1664.49957858
0.879688 1985 -1663.89716664
0.879688 1984 -1663.67789093
0.879688 1983 -1663.2060086
0.879688 1982 -1662.29989164
0.879688 1981 -1661.8693253
0.879688 1980 -1661.27758649
0.879688 1979 -1660.72501713
0.879688 1978 -1660.57022873
0.879688 1977 -1659.80580677
0.879688 1976 -1659.66590846
0.879688 1975 -1658.93257155
0.879688 1974 -1658.39160122
0.879688 1973 -1657.91374758
0.879688 1972 -1657.718315
0.879688 1971 -1657.41418418
0.879688 1970 -1657.16918014
0.879688 1969 -1656.60449763
0.879688 1968 -1655.86813612
0.879688 1967 -1654.98421893
0.879688 1966 -1654.19870242
0.879688 1965 -1654.05130756
0.879688 1964 -1654.02865765
0.879688 1963 -1653.20910935
0.879688 1962 -1653.17494625
0.879688 1961 -1652.26779365
0.879688 1960 -1652.05216873
0.879688 1959 -1651.91315333
0.879688 1958 -1651.11975797
0.879688 1957 -1650.42550032
0.879688 1956 -1650.29246187
0.879688 1955 -1649.65134773
0.879688 1954 -1649.28259694
0.879688 1953 -1649.24356161
0.879688 1952 -1649.1503365
0.879688 1951 -1648.63044845
0.879688 1950 -1648.04228793
0.879688 1949 -1647.68750747
0.879688 1948 -1647.43036506
0.879688 1947 -1646.93039472
0.879688 1946 -1646.21352926
0.879688 1945 -1646.12806671
0.879688 1944 -1645.92920177
0.879688 1943 -1645.68287207
0.879688 1942 -1645.15517412
0.879688 1941 -1645.08017781
0.879688 1940 -1644.15161903
0.879688 1939 -1643.20107642
0.879688 1938 -1642.64790134
0.879688 1937 -1641.87030268
0.879688 1936 -1641.65886231
0.879688 1935 -1641.23124946
0.879688 1934 -1641.20060861
0.879688 1933 -1640.28355538
0.879688 1932 -1640.17701993
0.879688 1931 -1639.34727488
0.879688 1930 -1638.38228615
0.879688 1929 -1637.88663647
0.879688 1928 -1637.19443483
0.879688 1927 -1636.42247966
0.879688 1926 -1636.34177189
0.879688 1925 -1636.01932228
0.879688 1924 -1635.25412383
0.879688 1923 -1634.88744945
0.879688 1922 -1634.2037317
0.879688 1921 -1633.93054214
0.879688 1920 -1633.47608392
0.879688 1919 -1633.22355435
0.879688 1918 -1632.88253237
0.879688 1917 -1632.04814242
0.879688 1916 -1631.17280508
0.879688 1915 -1630.94360734
0.879688 1914 -1630.48845398
0.879688 1913 -1629.62938877
0.879688 1912 -1629.61580067
0.879688 1911 -1629.33979572
0.879688 1910 -1628.52657278
0.879688 1909 -1627.95090298
0.879688 1908 -1627.17758623
0.879688 1907 -1626.59580112
0.879688 1906 -1625.77301698
0.879688 1905 -1625.39703526
0.879688 1904 -1624.916952
0.879688 1903 -1624.86224883
0.879688 1902 -1624.367561
0.879688 1901 -1623.72309623
0.879688 1900 -1622.73154925
0.879688 1899 -1622.51178529
0.879688 1898 -1622.05698598
0.879688 1897 -1621.17721964
0.879688 1896 -1621.11841998
0.879688 1895 -1620.30693477
0.879688 1894 -1619.6150279
0.879688 1893 -1618.63732113
0.879688 1892 -1617.89341059
0.879688 1891 -1617.23373118
0.879688 1890 -1616.91735222
0.879688 1889 -1616.18192504
0.879688 1888 -1615.2764748
0.879688 1887 -1614.94984686
0.879688 1886 -1614.61472746
0.879688 1885 -1613.90656658
0.879688 1884 -1613.6852793
0.879688 1883 -1613.62044253
0.879688 1882 -1613.42813647
0.879688 1881 -1613.20626359
0.879688 1880 -1613.02823907
0.879688 1879 -1612.17687642
0.879688 1878 -1611.60575209
0.879688 1877 -1611.4365205
0.879688 1876 -1610.48698854
0.879688 1875 -1610.20740892
0.879688 1874 -1609.67449919
0.879688 1873 -1609.10445564
0.879688 1872 -1608.97088595
0.879688 1871 -1608.07532702
0.879688 1870 -1607.88819333
0.879688 1869 -1607.3672085
0.879688 1868 -1607.15917165
0.879688 1867 -1606.49997633
0.879688 1866 -1605.68846048
0.879688 1865 -1604.87614645
0.879688 1864 -1604.04591937
0.879688 1863 -1603.65696903
0.879688 1862 -1603.3869159
0.879688 1861 -1602.39752017
0.879688 1860 -1601.45904748
0.879688 1859 -1600.84272046
0.879688 1858 -1600.0323553
0.879688 1857 -1599.79824892
0.879688 1856 -1599.70673631
0.879688 1855 -1598.79934815
0.879688 1854 -1598.76030808
0.879688 1853 -1597.77400928
0.879688 1852 -1597.03837737
0.879688 1851 -1596.79476971
0.879688 1850 -1596.5913596
0.879688 1849 -1595.78197526
0.879688 1848 -1595.63644138
0.879688 1847 -1594.86707972
0.879688 1846 -1593.93441536
0.879688 1845 -1593.629726
0.879688 1844 -1593.22343735
0.879688 1843 -1592.97085527
0.879688 1842 -1592.41208929
0.879688 1841 -1591.88062671
0.879688 1840 -1591.55474752
0.879688 1839 -1590.98234396
0.879688 1838 -1590.32127939
0.879688 1837 -1590.20217228
0.879688 1836 -1589.95773394
0.879688 1835 -1589.57265374
0.879688 1834 -1588.80724783
0.879688 1833 -1588.579779
0.879688 1832 -1588.27147021
0.879688 1831 -1587.53474944
0.879688 1830 -1586.80015388
0.879688 1829 -1586.37515928
0.879688 1828 -1585.50091861
0.879688 1827 -1585.19609376
0.879688 1826 -1584.32234621
0.879688 1825 -1583.9861774
0.879688 1824 -1583.96056849
0.879688 1823 -1583.32077146
0.879688 1822 -1582.45688244
0.879688 1821 -1581.67756596
0.879688 1820 -1581.17111451
0.879688 1819 -1580.84654198
0.879688 1818 -1579.97341059
0.879688 1817 -1579.26795117
0.879688 1816 -1578.3939199
0.879688 1815 -1577.72310814
0.879688 1814 -1577.26538601
0.879688 1813 -1576.86909733
0.879688 1812 -1576.30048886
0.879688 1811 -1576.06813305
0.879688 1810 -1575.42630279
0.879688 1809 -1575.06383956
0.879688 1808 -1574.85172896
0.879688 1807 -1574.42244541
0.879688 1806 -1574.08898263
0.879688 1805 -1573.14027131
0.879688 1804 -1573.03642657
0.879688 1803 -1572.08209485
0.879688 1802 -1571.45419534
0.879688 1801 -1570.53411941
0.879688 1800 -1569.78871464
0.879688 1799 -1569.48602086
0.879688 1798 -1569.32154521
0.879688 1797 -1568.41058002
0.879688 1796 -1568.11881512
0.879688 1795 -1567.94302815
0.879688 1794 -1567.62575821
0.879688 1793 -1566.94875987
0.879688 1792 -1566.61271859
0.879688 1791 -1566.55675719
0.879688 1790 -1565.77957093
0.879688 1789 -1565.1060159
0.879688 1788 -1564.3397349
0.879688 1787 -1563.37396287
0.879688 1786 -1563.14710528
0.879688 1785 -1562.91428127
0.879688 1784 -1561.97697319
0.879688 1783 -1561.47357627
0.879688 1782 -1560.66746195
0.879688 1781 -1560.621553
0.879688 1780 -1560.3151172
0.879688 1779 -1559.48953376
0.879688 1778 -1559.10929935
0.879688 1777 -1558.60029482
0.879688 1776 -1558.23298032
0.879688 1775 -1557.48821212
0.879688 1774 -1556.83466063
0.879688 1773 -1556.59617733
0.879688 1772 -1556.48681456
0.879688 1771 -1555.86144275
0.879688 1770 -1554.91177616
0.879688 1769 -1554.24126828
0.879688 1768 -1553.69787407
0.879688 1767 -1553.69027008
0.879688 1766 -1552.79162179
0.879688 1765 -1552.70538731
0.879688 1764 -1551.78515009
0.879688 1763 -1551.65949961
0.879688 1762 -1550.71866913
0.879688 1761 -1550.53737313
0.879688 1760 -1549.81907821
0.879688 1759 -1549.55415223
0.879688 1758 -1548.97432294
0.879688 1757 -1548.38036124
0.879688 1756 -1548.22096247
0.879688 1755 -1547.6220612
0.879688 1754 -1546.91210945
0.879688 1753 -1546.17795886
0.879688 1752 -1545.98895496
0.879688 1751 -1545.12090304
0.879688 1750 -1544.67484111
0.879688 1749 -1544.05706128
0.879688 1748 -1543.39300466
0.879688 1747 -1543.11381065
0.879688 1746 -1542.42299785
0.879688 1745 -1541.87085547
0.879688 1744 -1541.77353242
0.879688 1743 -1541.31880866
0.879688 1742 -1540.42198368
0.879688 1741 -1540.18809471
0.879688 1740 -1539.52972296
0.879688 1739 -1539.28269173
0.879688 1738 -1538.83442416
0.879688 1737 -1538.2385461
0.879688 1736 -1537.35745048
0.879688 1735 -1536.50229715
0.879688 1734 -1536.1558923
0.879688 1733 -1535.74476091
0.879688 1732 -1535.23001711
0.879688 1731 -1534.93155128
0.879688 1730 -1534.46238331
0.879688 1729 -1534.40439567
0.879688 1728 -1533.88118237
0.879688 1727 -1533.86538691
0.879688 1726 -1533.68078665
0.879688 1725 -1533.54464787
0.879688 1724 -1533.10992543
0.879688 1723 -1532.12509319
0.879688 1722 -1532.10328771
0.879688 1721 -1531.99456973
0.879688 1720 -1531.73730578
0.879688 1719 -1531.52952698
0.879688 1718 -1531.38822903
0.879688 1717 -1531.07318894
0.879688 1716 -1530.50065326
0.879688 1715 -1530.36405877
0.879688 1714 -1529.9001436
0.879688 1713 -1529.5799827
0.879688 1712 -1529.55374854
0.879688 1711 -1529.20449428
0.879688 1710 -1528.8630705
0.879688 1709 -1527.92546512
0.879688 1708 -1527.18063753
0.879688 1707 -1526.67363348
0.879688 1706 -1526.1547318
0.879688 1705 -1526.04369862
0.879688 1704 -1525.16820181
0.879688 1703 -1524.22012351
0.879688 1702 -1524.16263625
0.879688 1701 -1523.93068011
0.879688 1700 -1523.12706689
0.879688 1699 -1522.97390664
0.879688 1698 -1521.98241653
0.879688 1697 -1521.0849785
0.879688 1696 -1520.13751648
0.879688 1695 -1519.36716035
0.879688 1694 -1518.5342368
0.879688 1693 -1518.30146897
0.879688 1692 -1517.48671752
0.879688 1691 -1517.01949191
0.879688 1690 -1516.39030704
0.879688 1689 -1516.1286607
0.879688 1688 -1515.27826498
0.879688 1687 -1514.7970398
0.879688 1686 -1514.1904766
0.879688 1685 -1513.46795249
0.879688 1684 -1512.64474715
0.879688 1683 -1512.2014569
0.879688 1682 -1512.18290756
0.879688 1681 -1511.29175365
0.879688 1680 -1510.90523719
0.879688 1679 -1510.629923
0.879688 1678 -1510.29427857
0.879688 1677 -1510.27219274
0.879688 1676 -1509.42910019
0.879688 1675 -1509.02134685
0.879688 1674 -1508.84849701
0.879688 1673 -1508.36377264
0.879688 1672 -1507.89933426
0.879688 1671 -1507.59366669
0.879688 1670 -1507.08876949
0.879688 1669 -1506.17734472
0.879688 1668 -1505.64408467
0.879688 1667 -1504.66684407
0.879688 1666 -1503.66694018
0.879688 1665 -1502.96349803
0.879688 1664 -1502.48406482
0.879688 1663 -1501.87760619
0.879688 1662 -1501.03250226
0.879688 1661 -1500.48858834
0.879688 1660 -1500.0712996
0.879688 1659 -1499.27274072
0.879688 1658 -1498.79177923
0.879688 1657 -1498.47445095
0.879688 1656 -1497.55055562
0.879688 1655 -1497.24640128
0.879688 1654 -1496.68359102
0.879688 1653 -1496.02550106
0.879688 1652 -1495.4385578
0.879688 1651 -1495.01823498
0.879688 1650 -1494.12991615
0.879688 1649 -1494.07116024
0.879688 1648 -1493.71935468
0.879688 1647 -1493.08455806
0.879688 1646 -1492.3246007
0.879688 1645 -1491.9295519
0.879688 1644 -1491.02917494
0.879688 1643 -1490.54007299
0.879688 1642 -1490.01681715
0.879688 1641 -1489.58289299
0.879688 1640 -1488.63989308
0.879688 1639 -1487.90553873
0.879688 1638 -1487.17880556
0.879688 1637 -1486.47288863
0.879688 1636 -1485.78523377
0.879688 1635 -1485.53695534
0.879688 1634 -1485.35221333
0.879688 1633 -1484.78740641
0.879688 1632 -1484.52074781
0.879688 1631 -1483.95010316
0.879688 1630 -1483.53416769
0.879688 1629 -1482.61144643
0.879688 1628 -1482.19087921
0.879688 1627 -1481.64816921
0.879688 1626 -1481.35331593
0.879688 1625 -1480.35562953
0.879688 1624 -1479.97074874
0.879688 1623 -1479.55357796
0.879688 1622 -1479.19139962
0.879688 1621 -1478.20024136
0.879688 1620 -1478.00402483
0.879688 1619 -1477.92023858
0.879688 1618 -1477.53001951
0.879688 1617 -1476.66160705
0.879688 1616 -1476.21005194
0.879688 1615 -1476.02078869
0.879688 1614 -1475.5382739
0.879688 1613 -1474.80780713
0.879688 1612 -1474.35206907
0.879688 1611 -1473.83928353
0.879688 1610 -1473.60811702
0.879688 1609 -1472.88211471
0.879688 1608 -1471.9563505
0.879688 1607 -1471.5612905
0.879688 1606 -1471.32754648
0.879688 1605 -1471.19232804
0.879688 1604 -1470.82908782
0.879688 1603 -1470.13192539
0.879688 1602 -1469.40145951
0.879688 1601 -1469.022909
0.879688 1600 -1468.60805478
0.879688 1599 -1468.21867044
0.879688 1598 -1468.18678292
0.879688 1597 -1467.65690031
0.879688 1596 -1466.72719383
0.879688 1595 -1466.06774369
0.879688 1594 -1465.17153798
0.879688 1593 -1465.01337739
0.879688 1592 -1464.77387087
0.879688 1591 -1464.02637095
0.879688 1590 -1463.51014952
0.879688 1589 -1462.62200143
0.879688 1588 -1462.43838846
0.879688 1587 -1462.09158074
0.879688 1586 -1461.55235355
0.879688 1585 -1461.47016218
0.879688 1584 -1461.03688305
0.879688 1583 -1460.56489778
0.879688 1582 -1460.15128747
0.879688 1581 -1459.29021971
0.879688 1580 -1459.21837923
0.879688 1579 -1458.77364919
0.879688 1578 -1457.88342539
0.879688 1577 -1457.6863001
0.879688 1576 -1456.73147794
0.879688 1575 -1456.02413063
0.879688 1574 -1455.09588853
0.879688 1573 -1454.60971532
0.879688 1572 -1453.80312742
0.879688 1571 -1453.34048383
0.879688 1570 -1453.16002479
0.879688 1569 -1452.21304698
0.879688 1568 -1451.54632248
0.879688 1567 -1450.89240398
0.879688 1566 -1450.61513166
0.879688 1565 -1449.75426552
0.879688 1564 -1448.94636737
0.879688 1563 -1448.20628898
0.879688 1562 -1447.40793379
0.879688 1561 -1446.48206889
0.879688 1560 -1446.34498153
0.879688 1559 -1445.65726969
0.879688 1558 -1445.07899043
0.879688 1557 -1444.1314805
0.879688 1556 -1443.13611151
0.879688 1555 -1443.05391896
0.879688 1554 -1442.28038837
0.879688 1553 -1442.21101688
0.879688 1552 -1441.21189365
0.879688 1551 -1441.18614458
0.879688 1550 -1440.65987091
0.879688 1549 -1440.33610576
0.879688 1548 -1439.80058852
0.879688 1547 -1439.47083311
0.879688 1546 -1438.49105565
0.879688 1545 -1438.3660207
0.879688 1544 -1437.59977156
0.879688 1543 -1436.897061
0.879688 1542 -1435.97257577
0.879688 1541 -1435.44373456
0.879688 1540 -1435.19146274
0.879688 1539 -1435.10820546
0.879688 1538 -1434.28753421
0.879688 1537 -1434.19660546
0.879688 1536 -1434.12673509
0.879688 1535 -1433.64595358
0.879688 1534 -1433.20369111
0.879688 1533 -1432.2947546
0.879688 1532 -1432.108868
0.879688 1531 -1431.36768005
0.879688 1530 -1431.05268464
0.879688 1529 -1430.69036419
0.879688 1528 -1430.36330213
0.879688 1527 -1429.47308084
0.879688 1526 -1429.1153101
0.879688 1525 -1428.3632347
0.879688 1524 -1427.65145535
0.879688 1523 -1427.09908127
0.879688 1522 -1426.51998025
0.879688 1521 -1425.90084829
0.879688 1520 -1425.09659929
0.879688 1519 -1424.62523957
0.879688 1518 -1424.41843688
0.879688 1517 -1423.70753141
0.879688 1516 -1422.99948237
0.879688 1515 -1422.21684076
0.879688 1514 -1421.86718924
0.879688 1513 -1421.394231
0.879688 1512 -1420.94456145
0.879688 1511 -1420.40688581
0.879688 1510 -1419.49698244
0.879688 1509 -1419.2830232
0.879688 1508 -1419.09333771
0.879688 1507 -1418.75743449
0.879688 1506 -1418.29100259
0.879688 1505 -1418.0859433
0.879688 1504 -1417.30753478
0.879688 1503 -1416.94548086
0.879688 1502 -1416.26925555
0.879688 1501 -1415.8643204
0.879688 1500 -1414.93882829
0.879688 1499 -1414.71356121
0.879688 1498 -1414.44667773
0.879688 1497 -1413.62267703
0.879688 1496 -1412.65387028
0.879688 1495 -1412.3965016
0.879688 1494 -1411.87599983
0.879688 1493 -1410.96337269
0.879688 1492 -1410.94115656
0.879688 1491 -1410.41335097
0.879688 1490 -1409.47502859
0.879688 1489 -1408.4816971
0.879688 1488 -1407.51256303
0.879688 1487 -1406.75986304
0.879688 1486 -1406.44531159
0.879688 1485 -1405.53867269
0.879688 1484 -1405.17584952
0.879688 1483 -1404.44727641
0.879688 1482 -1403.7186398
0.879688 1481 -1403.496803
0.879688 1480 -1402.84573099
0.879688 1479 -1402.73303286
0.879688 1478 -1402.07736546
0.879688 1477 -1401.57723749
0.879688 1476 -1401.49137617
0.879688 1475 -1401.25101919
0.879688 1474 -1400.52048001
0.879688 1473 -1399.59026785
0.879688 1472 -1399.33150529
0.879688 1471 -1399.07449671
0.879688 1470 -1398.82430042
0.879688 1469 -1398.40819758
0.879688 1468 -1397.82889409
0.879688 1467 -1397.35334857
0.879688 1466 -1396.61885965
0.879688 1465 -1396.41844681
0.879688 1464 -1395.86633526
0.879688 1463 -1395.24505958
0.879688 1462 -1394.70539274
0.879688 1461 -1394.18649847
0.879688 1460 -1393.43258826
0.879688 1459 -1392.69607424
0.879688 1458 -1391.7254012
0.879688 1457 -1390.72927687
0.879688 1456 -1390.31800892
0.879688 1455 -1390.15509455
0.879688 1454 -1389.2532346
0.879688 1453 -1388.81570591
0.879688 1452 -1388.32366607
0.879688 1451 -1387.9508544
0.879688 1450 -1387.83437661
0.879688 1449 -1387.22616512
0.879688 1448 -1386.40214199
0.879688 1447 -1385.63797332
0.879688 1446 -1384.9773321
0.879688 1445 -1384.77868578
0.879688 1444 -1384.589452
0.879688 1443 -1384.08601026
0.879688 1442 -1383.77272146
0.879688 1441 -1383.26013687
0.879688 1440 -1382.67283894
0.879688 1439 -1381.83865402
0.879688 1438 -1381.07298078
0.879688 1437 -1380.20281847
0.879688 1436 -1379.39115205
0.879688 1435 -1378.54961432
0.879688 1434 -1378.34518037
0.879688 1433 -1377.43853215
0.879688 1432 -1376.65315069
0.879688 1431 -1376.07419928
0.879688 1430 -1375.51294058
0.879688 1429 -1375.06924348
0.879688 1428 -1374.19483747
0.879688 1427 -1373.98847365
0.879688 1426 -1373.29625358
0.879688 1425 -1372.57171741
0.879688 1424 -1372.47941541
0.879688 1423 -1371.60622482
0.879688 1422 -1371.16017584
0.879688 1421 -1370.63941475
0.879688 1420 -1370.35897581
0.879688 1419 -1369.65307555
0.879688 1418 -1368.66421004
0.879688 1417 -1368.51785019
0.879688 1416 -1368.26065387
0.879688 1415 -1368.05168849
0.879688 1414 -1367.38537566
0.879688 1413 -1367.1918882
0.879688 1412 -1366.35906497
0.879688 1411 -1366.23035381
0.879688 1410 -1365.52566241
0.879688 1409 -1365.32606409
0.879688 1408 -1364.54613878
0.879688 1407 -1364.30796247
0.879688 1406 -1364.09735078
0.879688 1405 -1363.4706442
0.879688 1404 -1362.65268342
0.879688 1403 -1362.4720971
0.879688 1402 -1361.63203462
0.879688 1401 -1361.53510456
0.879688 1400 -1360.61977472
0.879688 1399 -1359.7206341
0.879688 1398 -1359.27456067
0.879688 1397 -1359.1613077
0.879688 1396 -1358.18795141
0.879688 1395 -1357.61621734
0.879688 1394 -1357.46902902
0.879688 1393 -1357.35781413
0.879688 1392 -1356.94642209
0.879688 1391 -1356.87056106
0.879688 1390 -1356.23222236
0.879688 1389 -1355.69322898
0.879688 1388 -1355.24046905
0.879688 1387 -1354.6054305
0.879688 1386 -1353.86061166
0.879688 1385 -1352.94093821
0.879688 1384 -1352.81221945
0.879688 1383 -1351.96537718
0.879688 1382 -1351.22022501
0.879688 1381 -1350.97153004
0.879688 1380 -1350.45661439
0.879688 1379 -1350.15508247
0.879688 1378 -1350.05772825
0.879688 1377 -1349.81180225
0.879688 1376 -1349.44972806
0.879688 1375 -1349.13797392
0.879688 1374 -1348.87133293
0.879688 1373 -1348.5274184
0.879688 1372 -1348.04359847
0.879688 1371 -1347.33096551
0.879688 1370 -1346.68229469
0.879688 1369 -1346.55428057
0.879688 1368 -1345.71930666
0.879688 1367 -1344.98752416
0.879688 1366 -1344.3270942
0.879688 1365 -1343.92310422
0.879688 1364 -1343.63984168
0.879688 1363 -1343.27253978
0.879688 1362 -1342.6724245
0.879688 1361 -1342.16753735
0.879688 1360 -1341.36528862
0.879688 1359 -1340.66562033
0.879688 1358 -1340.28745556
0.879688 1357 -1340.11377043
0.879688 1356 -1339.51234429
0.879688 1355 -1338.90244021
0.879688 1354 -1338.5397012
0.879688 1353 -1337.70108875
0.879688 1352 -1336.90978517
0.879688 1351 -1335.93641332
0.879688 1350 -1335.73342982
0.879688 1349 -1335.7020711
0.879688 1348 -1335.01318888
0.879688 1347 -1334.16481226
0.879688 1346 -1333.19573725
0.879688 1345 -1332.6837193
0.879688 1344 -1332.52847772
0.879688 1343 -1332.02089407
0.879688 1342 -1331.05787818
0.879688 1341 -1330.56352571
0.879688 1340 -1330.26887337
0.879688 1339 -1329.27048879
0.879688 1338 -1328.3606878
0.879688 1337 -1327.68327227
0.879688 1336 -1327.27055104
0.879688 1335 -1326.55591932
0.879688 1334 -1326.38465043
0.879688 1333 -1325.58034423
0.879688 1332 -1324.91610902
0.879688 1331 -1324.18125637
0.879688 1330 -1323.24463867
0.879688 1329 -1322.93486202
0.879688 1328 -1322.15592324
0.879688 1327 -1321.27074092
0.879688 1326 -1321.04201884
0.879688 1325 -1320.65621728
0.879688 1324 -1320.19295647
0.879688 1323 -1320.05160124
0.879688 1322 -1319.20954096
0.879688 1321 -1318.85126839
0.879688 1320 -1318.84307606
0.879688 1319 -1318.26131442
0.879688 1318 -1317.56087011
0.879688 1317 -1316.89673173
0.879688 1316 -1316.80866022
0.879688 1315 -1316.63426864
0.879688 1314 -1316.22795407
0.879688 1313 -1316.16974911
0.879688 1312 -1316.02761584
0.879688 1311 -1315.82409776
0.879688 1310 -1315.04947078
0.879688 1309 -1314.6746207
0.879688 1308 -1314.59447139
0.879688 1307 -1314.35496364
0.879688 1306 -1313.64200712
0.879688 1305 -1313.3368363
0.879688 1304 -1312.93403269
0.879688 1303 -1312.2921994
0.879688 1302 -1311.41945868
0.879688 1301 -1310.45962526
0.879688 1300 -1309.62096263
0.879688 1299 -1309.10818137
0.879688 1298 -1308.20818309
0.879688 1297 -1308.04465706
0.879688 1296 -1307.90304255
0.879688 1295 -1307.74060413
0.879688 1294 -1306.93692275
0.879688 1293 -1306.90581382
0.879688 1292 -1306.52259713
0.879688 1291 -1306.24992448
0.879688 1290 -1305.71471496
0.879688 1289 -1304.7166575
0.879688 1288 -1304.50792231
0.879688 1287 -1304.38060374
0.879688 1286 -1304.31814578
0.879688 1285 -1304.16439016
0.879688 1284 -1304.01003016
0.879688 1283 -1303.29719113
0.879688 1282 -1302.68770636
0.879688 1281 -1302.53693168
0.879688 1280 -1302.02899454
0.879688 1279 -1301.69648946
0.879688 1278 -1301.46698526
0.879688 1277 -1301.16931012
0.879688 1276 -1300.78873385
0.879688 1275 -1300.0845514
0.879688 1274 -1299.61884441
0.879688 1273 -1298.89516791
0.879688 1272 -1298.40541715
0.879688 1271 -1297.70345833
0.879688 1270 -1296.81261965
0.879688 1269 -1295.85066132
0.879688 1268 -1294.92614728
0.879688 1267 -1294.08452821
0.879688 1266 -1293.44548627
0.879688 1265 -1293.15491774
0.879688 1264 -1292.43492892
0.879688 1263 -1292.05779203
0.879688 1262 -1291.82296571
0.879688 1261 -1291.21806613
0.879688 1260 -1290.87093021
0.879688 1259 -1290.66257202
0.879688 1258 -1290.34104945
0.879688 1257 -1289.97464603
0.879688 1256 -1289.87919479
0.879688 1255 -1288.93540324
0.879688 1254 -1288.09518038
0.879688 1253 -1287.22408038
0.879688 1252 -1286.92351828
0.879688 1251 -1286.00222027
0.879688 1250 -1285.99396491
0.879688 1249 -1285.35828817
0.879688 1248 -1285.13196453
0.879688 1247 -1284.49332694
0.879688 1246 -1283.91469428
0.879688 1245 -1283.81802346
0.879688 1244 -1283.17528046
0.879688 1243 -1282.89734777
0.879688 1242 -1282.20132261
0.879688 1241 -1282.05078051
0.879688 1240 -1281.13147374
0.879688 1239 -1280.45164493
0.879688 1238 -1280.33543912
0.879688 1237 -1280.03875733
0.879688 1236 -1279.83210292
0.879688 1235 -1278.88945968
0.879688 1234 -1278.44097178
0.879688 1233 -1278.1409064
0.879688 1232 -1278.05128289
0.879688 1231 -1277.31317279
0.879688 1230 -1276.96072812
0.879688 1229 -1276.26212005
0.879688 1228 -1275.46863047
0.879688 1227 -1274.71061462
0.879688 1226 -1274.42139437
0.879688 1225 -1274.13991375
0.879688 1224 -1273.83460083
0.879688 1223 -1273.52743157
0.879688 1222 -1273.37484886
0.879688 1221 -1272.3889655
0.879688 1220 -1272.20999519
0.879688 1219 -1272.14338143
0.879688 1218 -1271.80257044
0.879688 1217 -1271.22084502
0.879688 1216 -1270.43600319
0.879688 1215 -1270.39403188
0.879688 1214 -1270.24632757
0.879688 1213 -1269.37977073
0.879688 1212 -1268.48068549
0.879688 1211 -1267.55745741
0.879688 1210 -1267.27218966
0.879688 1209 -1266.43970683
0.879688 1208 -1265.67754043
0.879688 1207 -1265.5951692
0.879688 1206 -1265.1496978
0.879688 1205 -1264.19863638
0.879688 1204 -1264.05893057
0.879688 1203 -1263.33507188
0.879688 1202 -1262.84670564
0.879688 1201 -1262.30116899
0.879688 1200 -1261.81021109
0.879688 1199 -1260.85245333
0.879688 1198 -1260.03765466
0.879688 1197 -1259.72972934
0.879688 1196 -1258.81014745
0.879688 1195 -1258.58491929
0.879688 1194 -1257.61594672
0.879688 1193 -1257.0680984
0.879688 1192 -1256.13986528
0.879688 1191 -1255.67296369
0.879688 1190 -1255.5698432
0.879688 1189 -1254.82894869
0.879688 1188 -1254.37174938
0.879688 1187 -1253.53484528
0.879688 1186 -1253.48933497
0.879688 1185 -1252.99049529
0.879688 1184 -1252.76671676
0.879688 1183 -1252.1491416
0.879688 1182 -1251.93460007
0.879688 1181 -1251.02718551
0.879688 1180 -1250.68609645
0.879688 1179 -1250.36948187
0.879688 1178 -1250.05143945
0.879688 1177 -1249.1922207
0.879688 1176 -1248.57331612
0.879688 1175 -1248.52936912
0.879688 1174 -1248.26371689
0.879688 1173 -1247.71529648
0.879688 1172 -1247.69696791
0.879688 1171 -1247.02457286
0.879688 1170 -1246.42266366
0.879688 1169 -1245.53270396
0.879688 1168 -1244.65806076
0.879688 1167 -1243.94848418
0.879688 1166 -1243.37383656
0.879688 1165 -1242.72400809
0.879688 1164 -1242.42769414
0.879688 1163 -1241.58447238
0.879688 1162 -1241.56183449
0.879688 1161 -1241.18096425
0.879688 1160 -1241.03019193
0.879688 1159 -1241.00410228
0.879688 1158 -1240.85254614
0.879688 1157 -1240.51460378
0.879688 1156 -1239.68143555
0.879688 1155 -1238.81655919
0.879688 1154 -1238.59801759
0.879688 1153 -1237.66358431
0.879688 1152 -1237.21710696
0.879688 1151 -1236.43843227
0.879688 1150 -1236.00888485
0.879688 1149 -1235.74523195
0.879688 1148 -1235.07485565
0.879688 1147 -1234.66584353
0.879688 1146 -1234.07284259
0.879688 1145 -1233.7143027
0.879688 1144 -1233.45445306
0.879688 1143 -1233.24474323
0.879688 1142 -1233.20462394
0.879688 1141 -1232.39498936
0.879688 1140 -1232.05095222
0.879688 1139 -1231.08645293
0.879688 1138 -1230.714704
0.879688 1137 -1230.41918974
0.879688 1136 -1230.00024664
0.879688 1135 -1229.8989869
0.879688 1134 -1229.43076023
0.879688 1133 -1228.81218321
0.879688 1132 -1228.3141587
0.879688 1131 -1228.09776272
0.879688 1130 -1227.8132961
0.879688 1129 -1227.22249507
0.879688 1128 -1227.03324011
0.879688 1127 -1226.42660719
0.879688 1126 -1225.66326212
0.879688 1125 -1225.10198682
0.879688 1124 -1224.34547821
0.879688 1123 -1223.53214092
0.879688 1122 -1222.81063871
0.879688 1121 -1222.55684316
0.879688 1120 -1222.02915798
0.879688 1119 -1221.84602837
0.879688 1118 -1221.26383084
0.879688 1117 -1220.59978494
0.879688 1116 -1220.45591612
0.879688 1115 -1220.05146087
0.879688 1114 -1219.99095273
0.879688 1113 -1219.68214443
0.879688 1112 -1219.44130994
0.879688 1111 -1218.68796895
0.879688 1110 -1217.84916535
0.879688 1109 -1217.16904644
0.879688 1108 -1216.7389796
0.879688 1107 -1216.35838652
0.879688 1106 -1215.74076216
0.879688 1105 -1214.77338678
0.879688 1104 -1214.28850528
0.879688 1103 -1214.27064031
0.879688 1102 -1213.48482403
0.879688 1101 -1212.69497051
0.879688 1100 -1212.00774269
0.879688 1099 -1211.30512402
0.879688 1098 -1210.60728922
0.879688 1097 -1209.80345355
0.879688 1096 -1209.05576697
0.879688 1095 -1208.60025203
0.879688 1094 -1208.37386465
0.879688 1093 -1208.27484845
0.879688 1092 -1207.63562683
0.879688 1091 -1207.22593466
0.879688 1090 -1206.49516435
0.879688 1089 -1205.57574083
0.879688 1088 -1204.71766191
0.879688 1087 -1204.57628983
0.879688 1086 -1204.33152343
0.879688 1085 -1203.72486488
0.879688 1084 -1202.89500623
0.879688 1083 -1202.39645489
0.879688 1082 -1202.37386611
0.879688 1080 -1201.177000
0.879688 1079 -1201.037000
0.879688 1078 -1200.866000
0.879688 1076 -1200.443000
0.879688 1075 -1200.071000
0.879688 1074 -1199.912000
0.879688 1072 -1199.520000
0.879688 1071 -1199.423000
0.879688 1070 -1199.337000
0.879688 1068 -1198.981000
0.879688 1067 -1198.893000
0.879688 1066 -1198.647000
0.879688 1064 -1198.302000
0.879494 1063 -1198.151000
0.879494 1058 -1188.896000
0.879302 1057 -1188.693000
0.879109 1056 -1179.916000
0.879109 1054 -1179.558000
0.879109 1052 -1179.241000
0.879109 1051 -1179.066000
0.879109 1050 -1178.883000
0.879109 1048 -1178.575000
0.879109 1045 -1177.935000
0.879109 1043 -1177.504000
0.879109 1042 -1177.308000
0.879109 1040 -1168.989000
0.879109 1039 -1168.858000
0.878915 1038 -1168.607000
0.878915 1037 -1168.038000
0.878915 1033 -1159.182000
0.878915 1032 -1151.423000
0.878915 1031 -1151.086000
0.878915 1030 -1150.815000
0.878915 1029 -1150.598000
0.878915 1028 -1150.377000
0.878915 1027 -1150.258000
0.878915 1026 -1150.156000
0.878915 1024 -1149.767000
0.878915 1023 -1149.657000
0.878915 1022 -1149.469000
0.878915 1021 -1149.278000
0.878723 1019 -1148.795000
0.878723 1017 -1141.104000
0.878723 1016 -1140.942000
0.878335 1015 -1140.671000
0.878335 1014 -1140.511000
0.878335 1013 -1140.105000
0.878142 1011 -1139.660000
0.878142 1009 -1139.305000
0.877755 1006 -1130.944000
0.877755 1005 -1130.769000
0.877755 1001 -1130.166000
0.877755 998 -1129.720000
0.877755 995 -1129.210000
0.877755 994 -1129.004000
0.877755 993 -1128.605000
0.877755 992 -1128.425000
0.877755 991 -1128.292000
0.877755 987 -1120.087000
0.877755 986 -1119.650000
0.877755 985 -1119.509000
0.877755 984 -1119.378000
0.877755 982 -1111.198000
0.877755 980 -1110.804000
0.877755 979 -1110.612000
0.877755 978 -1110.494000
0.877755 976 -1102.168000
0.877755 974 -1101.869000
0.877755 972 -1101.513000
0.877755 969 -1101.086000
0.877755 968 -1101.002000
0.877755 967 -1100.889000
0.877755 965 -1100.474000
0.877755 962 -1100.127000
0.877755 961 -1100.008000
0.877755 958 -1091.827000
0.877755 957 -1091.685000
0.877947 954 -1091.091000
0.877947 952 -1090.843000
0.877947 951 -1090.701000
0.877947 950 -1090.611000
0.877754 948 -1090.279000
0.877754 947 -1090.214000
0.877754 945 -1089.908000
0.877562 943 -1089.482000
0.877562 942 -1081.756000
0.877562 941 -1081.465000
0.877562 939 -1081.315000
0.877562 938 -1081.189000
0.877562 937 -1081.073000
0.877562 934 -1080.763000
0.877562 932 -1080.583000
0.877369 931 -1080.460000
0.877369 929 -1080.195000
0.877175 926 -1079.862000
0.877175 925 -1079.774000
0.877175 923 -1079.618000
0.877175 922 -1079.477000
0.877175 921 -1079.406000
0.877175 919 -1079.171000
0.877175 918 -1079.095000
0.877175 914 -1078.756000
0.877175 913 -1078.650000
0.877175 911 -1078.461000
0.877175 909 -1078.272000
0.877175 904 -1077.869000
0.877175 901 -1077.538000
0.877175 900 -1077.443000
0.877175 899 -1077.142000
0.877175 898 -1077.048000
0.877175 897 -1076.834000
0.877175 896 -1076.624000
0.877175 892 -1068.346700
0.877175 890 -1067.915000
0.877175 889 -1067.868400
0.876982 888 -1067.754300
0.876982 887 -1067.621100
0.876982 886 -1067.520100
0.876790 885 -1067.441700
0.876790 884 -1067.345900
0.876790 881 -1066.994100
0.876790 880 -1066.847600
0.876595 878 -1066.509900
0.876595 877 -1066.438500
0.876595 875 -1066.215800
0.876595 874 -1066.119100
0.876595 871 -1065.534400
0.876595 869 -1065.182000
0.876595 868 -1065.026300
0.876595 867 -1064.560400
0.876595 864 -1048.216000
0.876595 862 -1047.741800
0.876595 861 -1047.572200
0.876595 860 -1039.732800
0.876402 857 -1039.263700
0.876402 856 -1039.064100
0.876402 852 -1038.465300
0.876402 851 -1038.353400
0.876402 850 -1038.256300
0.876402 849 -1038.140400
0.876402 848 -1038.046800
0.876402 847 -1037.854400
0.876402 846 -1037.712500
0.876402 845 -1037.559400
0.876402 844 -1037.384200
0.876402 843 -1037.203100
0.876402 842 -1029.402500
0.876209 840 -1028.979900
0.876209 839 -1028.856200
0.876209 837 -1028.673700
0.876209 836 -1028.571500
0.876209 835 -1028.416200
0.876209 833 -1028.185100
0.876209 832 -1027.970600
0.876209 831 -1027.762500
0.876209 829 -1027.328600
0.876209 828 -1027.040400
0.876209 827 -1026.849300
0.876209 826 -1026.675400
0.876209 823 -1018.375400
0.876209 822 -1018.114200
0.876015 821 -1017.868500
0.876015 820 -1009.741500
0.876015 819 -1001.617000
0.876015 818 -1001.427400
0.876015 817 -1001.181600
0.876015 816 -1000.940400
0.876015 815 -1000.748700
0.876015 814 -1000.453000
0.876015 813 -1000.306400
0.876015 811 -999.829600
0.876015 810 -999.529600
0.875821 809 -991.468600
0.875629 808 -991.212600
0.875629 807 -991.075400
0.875629 806 -990.960700
0.875629 805 -990.828900
0.875630 803 -990.644000
0.875630 802 -990.493100
0.875630 801 -990.347200
0.875435 800 -990.186300
0.875435 799 -989.959500
0.875435 798 -989.809400
0.875435 797 -989.649700
0.875435 796 -989.408100
0.875241 795 -989.333400
0.875241 794 -989.159400
0.875241 793 -989.053500
0.875241 792 -988.866400
0.875241 791 -988.683700
0.875241 790 -988.382500
0.875241 789 -988.171500
0.875241 788 -980.482000
0.875241 787 -980.360300
0.875046 786 -980.158900
0.875046 785 -980.081500
0.875046 784 -979.958000
0.875046 783 -979.875500
0.875046 782 -979.762500
0.875046 781 -979.638600
0.875046 780 -979.547200
0.875046 779 -979.475000
0.875046 778 -979.351900
0.875046 777 -979.204900
0.874853 775 -978.987400
0.874853 774 -978.881400
0.874853 773 -978.729800
0.874853 772 -978.546100
0.874853 771 -978.461100
0.874853 770 -978.332100
0.874853 769 -978.226400
0.874661 768 -977.994400
0.874661 767 -977.808300
0.874661 766 -977.648700
0.874661 765 -977.391900
0.874661 764 -977.299200
0.874661 763 -977.057200
0.874661 762 -976.730300
0.874661 761 -976.566200
0.874661 760 -969.501100
0.874661 759 -969.367500
0.874661 758 -969.217000
0.874661 757 -968.908600
0.874661 756 -968.835400
0.874661 755 -968.680500
0.874661 754 -968.493700
0.874661 753 -968.363200
0.874468 752 -968.193200
0.874468 751 -968.089200
0.874468 750 -968.020200
0.874468 749 -967.918500
0.874468 748 -967.749200
0.874468 747 -967.675600
0.874275 745 -967.407800
0.874275 744 -967.310200
0.874275 743 -967.112700
0.874275 742 -966.995000
0.874275 741 -966.858600
0.874275 740 -966.767800
0.874275 739 -966.646500
0.874275 738 -966.540500
0.874082 737 -966.448100
0.874082 736 -966.293100
0.874082 735 -966.164800
0.874082 734 -966.076400
0.874082 733 -965.904100
0.874082 732 -965.700000
0.874082 731 -965.515200
0.874082 729 -965.228100
0.874082 728 -965.027300
0.874082 727 -964.868000
0.874082 726 -964.299600
0.873888 725 -957.227700
0.873696 724 -956.891000
0.873696 723 -956.766900
0.873310 722 -956.380300
0.873310 720 -956.140500
0.873310 719 -955.933400
0.873310 718 -955.770000
0.873310 717 -955.536100
0.873117 716 -955.090500
0.873117 715 -947.509100
0.873117 714 -947.119900
0.873117 713 -946.647000
0.873117 712 -946.389600
0.873117 711 -945.875100
0.873117 710 -939.038000
0.873117 709 -938.551900
0.873117 708 -938.314000
0.873117 707 -938.089600
0.873117 706 -937.822000
0.873117 705 -937.626400
0.873117 704 -937.519300
0.873117 703 -937.245500
0.872924 702 -936.888600
0.872731 701 -936.426700
0.872731 700 -928.529900
0.872731 699 -927.836500
0.872731 698 -920.863800
0.872731 697 -913.499600
0.872731 696 -913.222100
0.872731 695 -912.847700
0.872731 693 -912.216700
0.872731 692 -912.066400
0.872731 691 -911.940400
0.872731 690 -911.679500
0.872731 689 -911.565100
0.872731 688 -903.947200
0.872731 687 -903.777900
0.872731 686 -903.534800
0.872731 685 -903.395400
0.872731 684 -903.234300
0.872731 683 -903.099400
0.872731 682 -902.856400
0.872731 681 -902.690800
0.872731 680 -902.617300
0.872731 679 -902.533600
0.872731 678 -902.284000
0.872731 677 -902.135300
0.872731 676 -901.953900
0.872731 675 -901.798300
0.872731 674 -901.559900
0.872731 673 -901.464600
0.872731 672 -901.333500
0.872731 670 -893.470700
0.872731 669 -893.263700
0.872731 668 -893.055700
0.872731 667 -892.983500
0.872536 666 -892.762300
0.872536 665 -892.483000
0.872536 664 -884.928400
0.872150 663 -884.740500
0.872150 662 -884.629800
0.872150 661 -884.553800
0.872150 660 -884.306700
0.872150 659 -884.098100
0.872150 658 -883.989000
0.871956 657 -883.857300
0.871956 656 -883.783800
0.871764 655 -883.706100
0.871764 654 -883.560300
0.871764 653 -883.485100
0.871764 652 -883.362100
0.871764 651 -883.293200
0.871764 650 -883.238400
0.871764 649 -883.163800
0.871764 648 -883.084000
0.871764 647 -883.022000
0.871764 646 -882.909300
0.871764 645 -882.814000
0.871764 644 -882.737500
0.871764 643 -882.647400
0.871764 642 -882.555100
0.871570 641 -882.454400
0.871570 639 -882.310300
0.871570 638 -882.233400
0.871570 637 -882.156100
0.871570 636 -882.089000
0.871570 635 -882.026300
0.871570 634 -881.960200
0.871763 632 -881.837200
0.871763 631 -881.760900
0.871570 630 -881.708600
0.871570 629 -881.661300
0.871570 628 -881.582000
0.871570 627 -881.482800
0.871570 626 -881.439600
0.871570 625 -881.350100
0.871570 624 -881.260400
0.871570 623 -881.183300
0.871377 622 -881.133900
0.871377 621 -881.089500
0.871182 620 -881.020800
0.871182 619 -880.940100
0.871182 618 -880.876300
0.871182 617 -880.823100
0.870988 616 -880.736600
0.870988 615 -880.657700
0.870988 614 -880.585300
0.870988 613 -880.524600
0.870988 612 -880.456900
0.870988 611 -880.408300
0.870988 610 -880.329200
0.870988 609 -880.256600
0.870988 608 -880.208100
0.870988 607 -880.116000
0.870988 606 -880.070200
0.870988 604 -879.944300
0.870988 603 -879.896700
0.870988 602 -879.782200
0.870988 601 -879.686500
0.870988 600 -879.603500
0.870988 599 -879.552100
0.870988 598 -879.491300
0.870794 596 -879.350000
0.870794 595 -879.285100
0.870602 594 -879.210400
0.870602 593 -879.094600
0.870602 592 -879.060100
0.870218 590 -878.958300
0.870218 589 -878.871200
0.870025 588 -878.787000
0.870025 587 -878.730000
0.870025 586 -878.676200
0.870025 585 -878.561900
0.870025 583 -878.471400
0.869830 582 -878.375000
0.869830 581 -878.328300
0.869636 580 -878.242100
0.869636 579 -878.177700
0.869636 578 -878.143000
0.869636 577 -878.081400
0.869636 576 -877.983400
0.869636 575 -877.936100
0.869636 574 -877.876200
0.869636 573 -877.794400
0.869636 572 -877.752900
0.869636 571 -877.672400
0.869636 569 -877.567900
0.869443 568 -877.492700
0.869443 567 -877.358300
0.869250 566 -877.306700
0.869057 565 -877.227700
0.869057 564 -877.185300
0.868864 563 -877.084200
0.868864 562 -877.017500
0.868864 561 -876.924300
0.868864 560 -876.868100
0.868864 559 -876.806000
0.868671 558 -876.718900
0.868671 557 -876.626700
0.868671 556 -876.559500
0.868671 555 -876.464500
0.868480 554 -876.379400
0.868480 553 -876.314400
0.868480 552 -876.249800
0.868287 551 -876.140500
0.868287 550 -876.076900
0.868287 549 -875.953600
0.868287 548 -875.828100
0.868287 547 -875.760300
0.868287 546 -875.722800
0.868095 544 -875.570500
0.868095 543 -875.487800
0.867708 542 -875.381700
0.867708 541 -875.314400
0.867708 540 -875.247400
0.867708 538 -875.098800
0.867708 537 -875.046300
0.867708 536 -874.970600
0.867708 535 -874.904600
0.867514 534 -874.845500
0.867514 533 -874.790600
0.867514 531 -874.626000
0.867514 530 -874.490600
0.867514 529 -874.371800
0.867514 528 -874.286200
0.867514 527 -874.153100
0.867514 526 -874.002800
0.867321 525 -873.836700
0.867321 524 -873.797600
0.867321 523 -873.738500
0.867321 522 -873.644400
0.867321 521 -873.552500
0.867321 519 -873.352200
0.867321 518 -873.234600
0.867128 517 -873.155300
0.867128 516 -873.035500
0.867128 515 -872.896800
0.867128 513 -872.407400
0.867128 512 -872.115800
0.867128 511 -864.600600
0.866934 510 -864.390000
0.866934 509 -864.252200
0.866934 508 -864.092100
0.866934 507 -863.863700
0.866934 506 -863.714000
0.866934 505 -863.345900
0.866934 504 -863.143900
0.866741 503 -856.009400
0.866547 502 -855.862900
0.866547 501 -855.483900
0.866353 500 -855.282300
0.866353 499 -855.212900
0.866353 498 -855.053100
0.866353 497 -854.845900
0.866353 496 -854.681100
0.866353 495 -854.606600
0.866353 493 -854.353800
0.866353 492 -854.251900
0.866353 489 -853.496500
0.866353 488 -846.292100
0.866353 487 -846.104800
0.866353 486 -845.733200
0.866160 485 -845.506200
0.866160 484 -845.375200
0.866160 483 -845.205200
0.866160 482 -845.000900
0.866160 481 -844.864200
0.866160 480 -844.588700
0.866160 479 -844.269700
0.866160 478 -843.723500
0.866160 477 -836.563100
0.866160 476 -836.214600
0.866160 475 -836.010800
0.866160 474 -835.118800
0.866160 473 -827.913500
0.866160 472 -827.561900
0.866160 471 -820.032100
0.866160 470 -819.430900
0.866160 469 -819.247600
0.866160 468 -818.959500
0.866160 467 -818.716100
0.865967 466 -818.506400
0.865967 465 -818.124600
0.865773 464 -817.637700
0.865773 463 -817.190800
0.865773 462 -816.634900
0.865773 461 -802.924600
0.865581 460 -802.380000
0.865581 459 -802.056500
0.865581 458 -801.717900
0.865385 456 -801.178300
0.865385 455 -801.099500
0.865385 454 -800.966400
0.865385 453 -800.722600
0.865385 451 -800.515600
0.865385 450 -800.363500
0.865385 449 -800.114100
0.865385 448 -792.839700
0.865385 447 -792.644000
0.865385 446 -792.287200
0.865385 445 -792.012600
0.865192 444 -791.942700
0.865192 443 -791.818800
0.865192 442 -791.685500
0.865192 441 -791.563000
0.865192 440 -791.495400
0.865192 439 -791.386000
0.865192 438 -791.225500
0.865192 437 -790.965700
0.865192 436 -790.844200
0.865192 435 -790.584800
0.864998 434 -783.187300
0.864998 433 -783.077000
0.864998 432 -783.001700
0.864998 431 -782.785400
0.864998 430 -782.685500
0.864998 429 -782.586100
0.864805 428 -782.476800
0.864805 427 -782.379000
0.864612 426 -782.290100
0.864612 425 -782.172000
0.864612 424 -782.067500
0.864612 423 -782.013500
0.864612 422 -781.939700
0.864612 421 -781.860900
0.864612 420 -781.770600
0.864612 419 -781.675000
0.864612 418 -781.568200
0.864612 417 -781.422100
0.864612 416 -781.291800
0.864612 415 -781.174100
0.864612 414 -781.113600
0.864612 413 -780.986000
0.864612 412 -780.936400
0.864612 411 -780.900000
0.864612 410 -780.850700
0.864419 409 -780.807600
0.864419 408 -780.746200
0.864419 407 -780.673000
0.864419 406 -780.579100
0.864419 405 -780.480200
0.864419 404 -780.381600
0.864419 403 -780.279800
0.864419 402 -780.171000
0.864419 401 -780.080700
0.864226 400 -779.951700
0.864033 399 -779.852300
0.864033 398 -779.757900
0.863840 397 -779.673600
0.863840 396 -779.576000
0.863840 395 -779.516900
0.863840 394 -779.474700
0.863840 392 -779.359000
0.863840 391 -779.194100
0.863840 390 -779.106500
0.863648 389 -778.977200
0.863648 388 -778.913100
0.863648 387 -778.821600
0.863648 386 -778.730700
0.863648 385 -778.635700
0.863648 384 -778.550000
0.863648 383 -778.509100
0.863455 382 -778.470700
0.863455 381 -778.392300
0.863455 380 -778.241800
0.863455 379 -778.162700
0.863263 378 -778.069700
0.863263 377 -777.955900
0.863263 376 -777.875200
0.863263 375 -777.770000
0.863263 374 -777.664500
0.863263 373 -777.555200
0.863263 372 -777.507400
0.863263 371 -777.436400
0.862875 369 -777.333900
0.862875 367 -777.214700
0.862875 366 -777.130300
0.862875 365 -777.046700
0.862875 364 -776.978100
0.862682 362 -776.777200
0.862682 361 -776.694700
0.862682 360 -776.636400
0.862682 359 -776.556700
0.862489 358 -776.478500
0.862295 357 -776.362200
0.862295 356 -776.281500
0.862295 354 -776.115200
0.862295 353 -775.990400
0.862295 352 -775.901300
0.862101 351 -775.811100
0.862101 350 -775.663400
0.862101 349 -775.570200
0.862101 348 -775.419100
0.862101 347 -775.280000
0.862101 346 -775.197300
0.861906 345 -775.154000
0.861906 344 -775.043500
0.861906 343 -774.954500
0.861713 342 -774.830900
0.861713 341 -774.731800
0.861713 340 -774.623400
0.861521 339 -774.551600
0.861329 338 -774.479700
0.861329 337 -774.450300
0.861329 336 -774.336000
0.861329 335 -774.193100
0.861329 334 -774.054500
0.861136 333 -773.971100
0.861136 331 -773.805500
0.861136 330 -773.620400
0.861136 329 -773.505400
0.861136 327 -773.231400
0.860943 326 -773.120800
0.860943 325 -772.917800
0.860943 324 -772.751700
0.860943 323 -772.644600
0.860750 322 -772.509900
0.860750 321 -772.339500
0.860750 320 -772.148600
0.860364 319 -771.882500
0.860364 318 -771.784000
0.860364 317 -771.497200
0.860364 316 -771.269700
0.860364 315 -771.107800
0.860170 314 -770.707600
0.860170 313 -770.451400
0.859977 312 -770.047600
0.859977 311 -762.873600
0.859977 310 -762.507900
0.859977 309 -762.084500
0.859782 308 -761.702900
0.859782 307 -761.341100
0.859782 306 -761.113600
0.859589 305 -753.471000
0.859589 304 -753.159500
0.859589 303 -752.914100
0.859589 302 -752.500500
0.859589 301 -752.174100
0.859589 300 -751.979300
0.859589 299 -736.654700
0.859394 298 -736.105200
0.859201 297 -728.500900
0.859201 296 -728.150600
0.859009 295 -727.602100
0.858816 294 -727.397700
0.858816 293 -726.404400
0.858816 292 -719.239400
0.858816 291 -718.974600
0.858621 290 -718.705400
0.858427 289 -718.567000
0.858427 288 -718.316000
0.858234 286 -717.850600
0.858234 285 -717.675400
0.858041 284 -717.260400
0.857655 283 -716.866800
0.857655 282 -716.609300
0.857655 281 -716.349000
0.857655 280 -716.126500
0.857655 279 -715.908600
0.857655 278 -715.716500
0.857655 277 -715.545600
0.857655 276 -715.307000
0.857655 275 -714.052700
0.857655 274 -707.221100
0.857655 273 -706.971800
0.857655 272 -706.802200
0.857461 271 -706.651300
0.857461 270 -699.023300
0.857461 269 -698.629400
0.857461 268 -698.324300
0.857461 267 -698.098800
0.857461 266 -697.990300
0.857461 265 -690.326400
0.857461 264 -690.090600
0.857461 263 -689.930500
0.857461 262 -689.735800
0.857461 261 -689.231600
0.857461 260 -688.959900
0.857461 259 -688.709100
0.857461 258 -688.581500
0.857461 257 -688.451800
0.857461 256 -688.237000
0.857461 255 -688.094000
0.857269 253 -687.782800
0.857074 252 -687.546100
0.856881 251 -679.872700
0.856881 250 -679.726800
0.856881 249 -679.515100
0.856881 248 -679.359100
0.856881 247 -679.030900
0.856881 246 -678.955400
0.856881 245 -678.768900
0.856687 244 -678.538700
0.856687 243 -678.327200
0.856494 242 -678.069300
0.856494 241 -677.885100
0.856494 240 -677.754800
0.856494 239 -677.655200
0.856494 238 -677.429800
0.856494 237 -677.286500
0.856494 236 -677.153700
0.856494 235 -676.935100
0.856300 234 -676.760100
0.856300 233 -676.644800
0.856107 232 -676.508700
0.856107 231 -676.410900
0.855914 230 -676.255800
0.855914 229 -676.167400
0.855722 228 -675.999600
0.855527 227 -675.797900
0.855527 226 -675.618700
0.855527 225 -675.410300
0.855527 224 -675.189400
0.855527 223 -675.078600
0.855527 222 -674.837700
0.855333 221 -674.639100
0.855140 220 -674.382600
0.855140 219 -674.252500
0.854948 218 -673.965200
0.854948 217 -673.810000
0.854948 216 -673.708100
0.854948 215 -673.309800
0.854948 214 -673.061700
0.854948 213 -672.609900
0.854948 212 -664.955700
0.854948 211 -664.392600
0.854754 210 -664.034300
0.854754 209 -663.714500
0.854754 208 -663.543700
0.854754 207 -663.247400
0.854754 206 -662.802300
0.854754 205 -662.359700
0.854754 204 -662.097800
0.854754 203 -661.781000
0.854754 202 -661.165400
0.854367 201 -660.768500
0.854367 200 -660.274500
0.854367 199 -659.331100
0.854367 198 -651.713300
0.854174 197 -642.859300
0.853981 196 -634.360700
0.853981 195 -619.377900
0.853981 194 -618.546000
0.853981 193 -618.069300
0.853981 192 -617.703200
0.853981 191 -609.769200
0.853981 190 -609.231900
0.853981 189 -608.839400
0.853981 188 -608.489300
0.853981 187 -608.225500
0.853981 186 -607.827600
0.853981 185 -607.487900
0.853981 184 -607.217900
0.853981 183 -606.894200
0.853981 182 -606.690400
0.853981 181 -606.234800
0.853787 180 -605.997500
0.853592 179 -605.585900
0.853592 178 -605.273700
0.853398 177 -604.775300
0.853398 176 -596.645900
0.853398 175 -596.359800
0.853398 174 -596.043700
0.853398 173 -595.682900
0.853398 172 -595.259700
0.853398 171 -594.960800
0.853398 170 -594.391600
0.853205 169 -594.190500
0.853205 168 -593.943700
0.853012 167 -593.556500
0.853012 166 -536.761860
0.853012 165 -536.178799
0.853012 164 -528.804629
0.853012 163 -528.533319
0.853012 162 -528.052021
0.853012 161 -527.670868
0.853012 160 -527.423332
0.853012 159 -526.934662
0.853012 158 -526.687949
0.852819 157 -526.323926
0.852819 156 -525.814349
0.852819 155 -525.535608
0.852625 154 -468.501141
0.852625 153 -468.199873
0.852625 152 -467.854939
0.852432 151 -467.484224
0.852432 150 -466.876974
0.852432 149 -466.185271
0.852432 148 -409.759075
0.852432 147 -409.203490
0.852432 146 -408.833823
0.852432 145 -401.226793
0.852432 144 -401.038065
0.852239 143 -400.176531
0.852239 142 -343.991082
0.852239 141 -343.596710
0.852239 140 -343.367058
0.852239 139 -343.120280
0.852239 138 -342.500987
0.851855 137 -285.975177
0.851855 136 -285.700303
0.851855 135 -285.395474
0.851663 134 -285.105506
0.851470 133 -228.180773
0.851470 132 -227.911551
0.851470 131 -227.454609
0.851278 130 -226.799292
0.851278 129 -170.722933
0.851084 128 -114.458046
0.850697 127 -114.317682
0.850310 126 -114.189079
0.850310 125 -114.090499
0.850117 124 -113.705768
0.849535 123 -113.653831
0.849535 122 -113.477929
0.849535 121 -113.336581
0.849535 120 -113.115654
0.848955 119 -113.063810
0.848955 118 -112.519358
0.848568 117 -112.084779
0.848375 116 -55.904189
0.848182 115 -55.677896
0.847990 114 -55.155359
0.847797 113 0.242175
0.847797 112 0.245835
0.847603 111 0.250531
0.847603 110 0.252809
0.847410 109 0.253915
0.847217 108 0.257318
0.847217 107 0.258570
0.847217 106 0.260919
0.847024 105 0.265014
0.846831 104 0.266585
0.846442 103 0.270153
0.846442 102 0.271184
0.846056 101 0.274115
0.845476 100 0.275923
0.845476 99 0.277998
0.845282 98 0.279939
0.845089 97 0.281495
0.844896 96 0.283514
0.844703 95 0.285185
0.844316 93 0.288999
0.844316 92 0.290625
0.843929 91 0.292883
0.843736 90 0.295008
0.843543 89 0.296910
0.843543 88 0.298071
0.842959 87 0.301144
0.842959 86 0.302417
0.842378 85 0.304923
0.842378 84 0.306292
0.842378 83 0.307925
0.842378 82 0.308793
0.842185 81 0.310360
0.841992 80 0.313319
0.841992 79 0.314819
0.841603 78 0.317400
0.841214 77 0.319084
0.840827 76 0.320214
0.840634 75 0.321865
0.840634 74 0.323469
0.840439 73 0.324996
0.840439 72 0.325985
0.840439 71 0.327605
0.840246 70 0.329769
0.840246 69 0.331418
0.840051 68 0.332862
0.839666 67 0.335126
0.839473 66 0.336772
0.839473 65 0.338050
0.839473 64 0.339838
0.839281 63 0.342294
0.838702 62 0.344251
0.838313 61 0.345662
0.838313 60 0.346615
0.837925 59 0.349055
0.837343 58 0.350716
0.837150 57 0.353223
0.837150 56 0.354877
0.836763 55 0.358119
0.836763 54 0.359762
0.836763 53 0.361802
0.835989 52 0.364797
0.835410 51 0.367735
0.835410 50 0.370536
0.834636 49 0.374903
0.834251 48 0.378386
0.834058 47 0.382657
0.833865 46 0.384486
0.833288 45 0.387788
0.832709 44 0.390371
0.831167 43 0.393135
0.830974 42 0.396487
0.830974 41 0.399406
0.830393 40 0.402503
0.830200 39 0.405724
0.829812 38 0.408947
0.829234 37 0.411920
0.828844 36 0.417440
0.828458 35 0.422305
0.828265 34 0.426157
0.827684 33 0.431285
0.827105 32 0.436019
0.827105 31 0.441345
0.826718 30 0.446047
0.826718 29 0.451284
0.826140 28 3.424567
0.825754 27 3.714931
0.824591 26 4.095476
0.823623 25 4.492803
0.822465 24 4.535279
0.820922 23 7.879764
0.819764 22 11.310885
0.817639 21 14.528142
0.817059 20 15.015424
0.814935 19 15.646333
0.814354 18 16.424164
0.813001 17 17.143358
0.809713 15 24.462087
0.809326 14 28.389657
0.806042 13 36.339044
0.803720 12 37.650415
0.800242 11 43.037200
0.796570 10 44.554200
0.792707 9 45.643660
0.789221 8 46.763560
0.784961 7 47.805990
0.776059 6 50.033720
0.768137 5 51.776360
0.758850 4 53.490240
0.756917 4 53.870720
0.719607 3 58.334030
0.689845 2 61.944940
0.687911 2 62.175000
0.685977 2 62.336160
0.684043 2 62.487340
0.682109 2 62.698400
0.680175 2 62.876250
0.678241 2 63.122380
0.676307 2 63.492060
0.626438 1 68.934000
0.469506 0 82.398890
0.467573 0 82.644670
0.465639 0 82.898670
0.463705 0 83.310230
0.461771 0 83.592790
0.459837 0 83.698560
0.457903 0 83.823370
0.455969 0 84.037320
0.454035 0 84.308990
0.452101 0 84.489550
0.450167 0 84.741130
0.448234 0 84.890470
0.446300 0 85.000960
0.444366 0 85.173640
0.442237 0 85.273360
0.440303 0 85.465520
0.438370 0 85.610980
0.436436 0 85.778620
0.434502 0 85.938740
0.432568 0 86.173430
0.430634 0 86.300510
0.428700 0 86.432110
0.426766 0 86.599290
0.424832 0 86.761540
0.422898 0 86.960690
0.420964 0 87.110320
0.419031 0 87.460450
0.417097 0 87.596270
0.415163 0 87.799600
0.413229 0 87.939860
0.411295 0 88.054040
0.409361 0 88.172990
0.407427 0 88.554440
0.405493 0 88.705890
0.403559 0 88.897740
0.401626 0 89.100850
0.399692 0 89.290200
0.397758 0 89.545300
0.395824 0 89.755810
0.393890 0 89.903090
0.391956 0 90.082240
0.390022 0 90.251020
0.388088 0 90.407520
0.386154 0 90.545020
0.384220 0 90.848120
0.382286 0 91.045520
0.380353 0 91.356650
0.378419 0 91.500480
0.376485 0 91.691910
0.374551 0 91.930950
0.372617 0 92.195060
0.370683 0 92.501950
0.368749 0 92.838420
0.366815 0 93.118180
0.364881 0 93.299370
0.362948 0 93.394880
0.361014 0 93.495160
0.359080 0 93.684340
0.357146 0 94.113300
0.355212 0 94.250470
0.353278 0 94.955060
0.351344 0 95.331550
0.349410 0 95.570790
0.347476 0 95.830170
0.345543 0 96.151540
0.343609 0 96.365340
0.341675 0 96.847840
0.339741 0 97.112430
0.337807 0 97.430680
