0.60913 2814
0.591795 366
0.585551 136
0.577771 74
0.570577 39
0.563218 28
0.556494 18
0.551136 16
0.546619 8
0.542134 7
0.53594 6
0.530881 6
0.526303 6
0.521082 4
0.515377 3
0.510343 3
0.506183 2
0.503362 1
0.498914 1
0.492984 1
0.487517 1
0.48373 0
0.479487 0
0.476329 0
0.471708 0
0.466855 0
0.46117 0
0.455826 0
0.448796 0
0.44421 0
0.438051 0
0.434336 0
0.430317 0
0.425842 0
0.42244 0
0.418341 0
0.413561 0
0.408572 0
0.403584 0
0.399337 0
0.395272 0
0.391715 0
0.387687 0
0.383206 0
0.379797 0
0.375211 0
0.370281 0
0.3657 0
0.361159 0
0.356933 0
0.353056 0
0.347618 0
0.344388 0
0.338964 0
0.334527 0
0.33059 0
0.326653 0
0.322649 0
0.317841 0
0.314367 0
0.309429 0
0.304422 0
0.29933 0
0.29479 0
0.290289 0
0.285723 0
0.281886 0
0.277571 0
0.273136 0
0.269985 0
0.265776 0
0.262359 0
0.259367 0
0.255677 0
0.252529 0
0.248284 0
0.244701 0
0.241775 0
0.238532 0
0.234575 0
0.230936 0
0.227398 0
0.223277 0
0.220142 0
0.218004 0
0.214851 0
0.211697 0
0.208393 0
0.205798 0
0.202715 0
0.198795 0
0.195347 0
0.191768 0
0.188334 0
0.184621 0
0.18064 0
0.177773 0
0.175561 0
0.173735 0
0.171788 0
0.169427 0
0.165533 0
0.162763 0
0.159646 0
0.158018 0
0.156122 0
0.153251 0
0.150044 0
0.146716 0
0.143757 0
0.141552 0
0.138348 0
0.134336 0
0.131833 0
0.129058 0
0.126758 0
0.124318 0
0.122122 0
0.118641 0
0.114148 0
0.112327 0
0.110111 0
0.108092 0
0.106581 0
0.104397 0
0.103155 0
0.100967 0
0.0986728 0
0.0974216 0
0.096055 0
0.0938207 0
0.0920347 0
0.0904927 0
0.089239 0
0.0877303 0
0.0853123 0
0.0818846 0
0.079465 0
0.0773235 0
0.0756827 0
0.073055 0
0.0712405 0
0.0702964 0
0.068888 0
0.0674877 0
0.0658413 0
0.0636166 0
0.0619711 0
0.0607542 0
0.0591143 0
0.0574859 0
0.0559716 0
0.0538576 0
0.052597 0
0.0523173 0
0.0511587 0
0.0500396 0
0.0482555 0
0.0470061 0
0.0468562 0
0.0457363 0
0.0450453 0
0.0438226 0
0.0423536 0
0.0412371 0
0.0406887 0
0.0402511 0
0.0394263 0
0.0385842 0
0.0373194 0
0.0361943 0
0.0349422 0
0.033677 0
0.0324411 0
0.0316016 0
0.030514 0
0.0298085 0
0.029407 0
0.0290149 0
0.0277734 0
0.0270578 0
0.025664 0
0.0245737 0
0.0236203 0
0.0227946 0
0.0223747 0
0.0220915 0
0.0216736 0
0.0214026 0
0.020886 0
0.0201861 0
0.0192378 0
0.0185176 0
0.0179717 0
0.0172786 0
0.0162991 0
0.0161587 0
0.0153499 0
0.0149228 0
0.014769 0
0.0143664 0
0.0132833 0
0.0128686 0
0.0125879 0
0.0123174 0
0.0114996 0
0.0112075 0
0.0106597 0
0.0103798 0
0.00995965 0
0.00938911 0
0.00924458 0
0.00897745 0
0.00870894 0
0.00827677 0
0.00784993 0
0.00772172 0
0.00747497 0
0.00705007 0
0.00677516 0
0.00651054 0
0.00637869 0
0.00595313 0
0.00569299 0
0.00556257 0
0.00542957 0
0.00528535 0
0.00513901 0
0.00486515 0
0.00456705 0
0.00414477 0
0.00386978 0
0.003593 0
0.00346741 0
0.00333048 0
0.00306671 0
0.00280299 0
0.00235475 0
0.00221166 0
0.0020702 0
0.00194328 0
0.00181011 0
0.00152725 0
0.00125109 0
0.000985903 0
0.000853225 0
0.000706868 0
0.000556208 0
0.000414306 0
0.000271637 0
0.000126099 0
0 0
