0.570505 175932
0.570505 175931
0.570505 175930
0.570505 175928
0.570505 175925
0.570505 175924
0.570505 175923
0.570505 175922
0.570505 175920
0.570505 175917
0.570505 175914
0.570505 175911
0.570505 175907
0.570505 175904
0.570505 175899
0.570505 175897
0.570505 175896
0.570505 175894
0.570505 175888
0.570505 175885
0.570505 175881
0.570505 175877
0.570505 175873
0.570505 175865
0.570505 175855
0.570505 175842
0.570505 175831
0.570505 175820
0.570505 175806
0.570505 175794
0.570505 175781
0.570505 175761
0.570505 175742
0.570505 175721
0.570505 175698
0.570505 175674
0.570505 175657
0.570505 175633
0.570505 175608
0.570505 175566
0.570505 175535
0.570505 175494
0.570505 175461
0.570504 175415
0.570504 175371
0.570465 175307
0.570465 175252
0.570429 175192
0.570429 175127
0.570429 175066
0.570429 174987
0.570429 174912
0.570413 174822
0.570408 174724
0.570403 174608
0.570403 174514
0.570403 174379
0.570403 174233
0.570403 174103
0.570403 173922
0.570353 173771
0.570353 173603
0.570351 173415
0.570351 173192
0.570351 172961
0.570351 172724
0.570344 172481
0.570344 172209
0.570305 171939
0.570224 171663
0.570199 171341
0.570103 171034
0.570094 170699
0.570047 170316
0.570016 169911
0.56992 169481
0.569775 169035
0.569668 168580
0.569656 168068
0.56965 167557
0.569484 167001
0.569459 166394
0.569343 165776
0.569179 165117
0.569178 164437
0.56909 163648
0.568963 162863
0.568947 162029
0.568905 161210
0.568831 160353
0.568818 159399
0.568599 158393
0.568575 157352
0.568359 156286
0.568232 155173
0.568132 154061
0.568024 152881
0.567567 151656
0.567173 150411
0.56701 149035
0.566613 147706
0.56643 146342
0.566411 144857
0.566121 143356
0.565659 141768
0.565554 140140
0.565239 138430
0.56499 136710
0.564834 136070
0.564834 136069
0.564834 136068
0.564834 136066
0.564834 136065
0.564834 136064
0.564834 136063
0.564834 136062
0.564834 136061
0.564834 136060
0.564834 136059
0.564834 136056
0.564834 136052
0.564834 136050
0.564834 136049
0.564834 136045
0.564834 136044
0.564834 136042
0.564834 136038
0.564834 136036
0.564834 136034
0.564834 136033
0.564834 136029
0.564834 136024
0.564834 136020
0.564834 136019
0.564834 136014
0.564834 136009
0.564834 136003
0.564834 136000
0.564834 135992
0.564834 135979
0.564834 135968
0.564834 135955
0.564834 135939
0.564834 135907
0.564834 135889
0.564834 135877
0.564834 135857
0.564834 135839
0.564834 135815
0.564834 135787
0.564834 135759
0.564834 135742
0.564834 135704
0.564834 135671
0.564834 135640
0.564726 135595
0.564726 135553
0.564726 135496
0.564726 135448
0.564726 135392
0.564726 135338
0.564726 135281
0.564645 135202
0.564588 135113
0.564588 135037
0.564585 134956
0.564585 134857
0.564585 134748
0.564574 134639
0.564574 134516
0.564574 134396
0.564557 134238
0.564518 134081
0.564513 133915
0.564513 133750
0.564513 133560
0.564513 133366
0.564483 133144
0.564483 132899
0.564483 132657
0.564454 132391
0.564406 132110
0.564244 131808
0.564244 131509
0.564244 131180
0.564191 130835
0.564182 130473
0.563936 130078
0.563838 129652
0.563795 129193
0.563669 128711
0.563614 128203
0.563608 127645
0.563543 127107
0.563399 126520
0.563389 125902
0.563254 125190
0.563115 124557
0.563102 123814
0.563067 123022
0.562971 122211
0.562732 121345
0.562507 120463
0.562302 119560
0.562168 118643
0.562065 117634
0.561806 116633
0.561433 115565
0.561182 114492
0.560777 113330
0.560318 112109
0.559912 110880
0.559709 109619
0.559311 108298
0.559203 106871
0.558816 105495
0.558628 104677
0.558628 104676
0.558628 104675
0.558628 104674
0.558628 104673
0.558628 104672
0.558628 104668
0.558628 104663
0.558628 104661
0.558628 104658
0.558628 104656
0.558628 104651
0.558628 104648
0.558628 104643
0.558628 104637
0.558628 104634
0.558628 104628
0.558628 104622
0.558628 104618
0.558628 104609
0.558597 104601
0.558597 104594
0.558597 104589
0.558597 104581
0.558597 104572
0.558597 104554
0.558597 104535
0.558597 104512
0.558597 104489
0.558597 104469
0.558561 104444
0.558561 104420
0.558561 104389
0.558561 104361
0.558529 104321
0.558529 104282
0.558529 104238
0.558523 104198
0.558523 104157
0.558413 104107
0.558408 104062
0.558408 104011
0.558408 103954
0.558382 103879
0.558382 103785
0.558273 103706
0.558273 103625
0.558271 103530
0.55818 103418
0.55818 103303
0.55818 103186
0.55818 103066
0.558165 102937
0.558134 102800
0.558088 102651
0.55808 102492
0.558024 102316
0.558024 102118
0.557972 101906
0.557942 101672
0.557901 101440
0.557756 101167
0.557618 100894
0.557507 100566
0.557507 100257
0.557507 99946
0.557478 99601
0.55741 99227
0.557372 98842
0.557292 98425
0.557085 97996
0.556983 97524
0.556867 97023
0.556797 96529
0.556789 96015
0.556679 95418
0.556553 94844
0.556445 94217
0.556067 93561
0.555876 92896
0.555829 92266
0.555597 91506
0.555397 90745
0.555009 89924
0.554682 89131
0.554359 88256
0.553997 87386
0.553843 86428
0.553266 85396
0.552892 84445
0.552395 83419
0.552266 82382
0.551877 81259
0.551553 80641
0.551553 80640
0.551553 80639
0.551553 80638
0.551553 80637
0.551553 80636
0.551553 80634
0.551553 80632
0.551553 80631
0.551553 80630
0.551553 80629
0.551553 80628
0.551553 80626
0.551553 80622
0.551553 80618
0.551553 80615
0.551553 80614
0.551553 80613
0.551553 80605
0.551553 80597
0.551553 80588
0.551553 80580
0.551553 80570
0.55155 80568
0.55155 80556
0.55155 80549
0.55155 80539
0.55155 80528
0.55155 80511
0.55155 80502
0.55155 80487
0.55155 80477
0.551549 80461
0.551549 80439
0.551549 80415
0.551549 80381
0.551549 80352
0.551549 80328
0.551476 80299
0.551476 80270
0.551476 80229
0.551474 80200
0.551422 80149
0.551367 80085
0.551333 80051
0.55133 79992
0.551319 79931
0.551319 79867
0.551307 79789
0.551307 79707
0.551307 79606
0.551289 79518
0.551282 79421
0.551282 79304
0.551213 79205
0.551213 79110
0.551213 78961
0.551146 78820
0.551146 78676
0.55108 78516
0.550975 78347
0.550934 78152
0.550831 77957
0.550728 77727
0.550587 77507
0.550579 77259
0.550515 77011
0.550453 76739
0.550403 76461
0.550256 76164
0.550199 75847
0.550027 75496
0.549939 75114
0.549891 74744
0.549715 74364
0.549193 73932
0.549178 73485
0.548997 73001
0.548664 72495
0.548454 71974
0.548252 71434
0.548056 70850
0.547587 70196
0.547218 69568
0.547107 68908
0.546735 68244
0.546486 67543
0.546364 66817
0.546332 66081
0.545923 65302
0.545597 64474
0.545086 63610
0.544758 62764
0.544276 61827
0.543809 60926
0.543793 60834
0.543793 60833
0.543793 60832
0.543793 60831
0.543793 60830
0.543793 60829
0.543793 60827
0.543793 60825
0.543793 60824
0.543793 60823
0.543793 60821
0.543793 60818
0.543793 60816
0.543793 60815
0.543793 60811
0.543793 60809
0.543793 60807
0.543793 60804
0.543793 60799
0.543793 60794
0.543793 60792
0.543793 60785
0.543793 60779
0.543793 60776
0.543793 60768
0.543793 60757
0.543793 60751
0.543793 60744
0.543793 60728
0.543793 60720
0.543793 60701
0.543793 60691
0.543771 60669
0.543771 60655
0.543771 60639
0.543771 60615
0.543764 60594
0.543764 60561
0.543764 60531
0.543706 60491
0.543702 60456
0.543702 60421
0.543672 60388
0.543672 60343
0.543669 60299
0.543669 60255
0.543638 60203
0.543616 60147
0.543615 60082
0.543516 60018
0.543463 59944
0.543463 59868
0.543463 59764
0.543431 59692
0.543431 59590
0.543384 59494
0.543368 59378
0.543368 59270
0.543316 59129
0.543313 58997
0.543238 58841
0.54311 58702
0.543099 58518
0.543067 58324
0.54292 58149
0.542876 57940
0.542876 57736
0.542853 57466
0.542779 57223
0.542678 56984
0.542595 56721
0.542431 56416
0.542367 56113
0.54217 55797
0.54214 55456
0.542056 55126
0.541932 54774
0.54173 54380
0.541488 53958
0.541217 53552
0.540933 53107
0.540662 52627
0.540369 52152
0.540225 51629
0.539929 51129
0.539746 50572
0.539506 50036
0.539276 49438
0.538648 48808
0.538323 48157
0.537943 47528
0.537755 47282
0.537755 47281
0.537755 47280
0.537755 47279
0.537755 47278
0.537755 47277
0.537755 47276
0.537755 47275
0.537755 47274
0.537755 47272
0.537755 47269
0.537755 47268
0.537755 47265
0.537755 47261
0.537755 47258
0.537755 47256
0.537755 47249
0.537755 47243
0.537755 47236
0.537755 47232
0.537755 47225
0.537755 47219
0.537755 47218
0.537755 47212
0.537755 47203
0.537755 47193
0.537755 47182
0.537755 47171
0.537755 47163
0.537755 47159
0.53775 47148
0.53766 47140
0.53766 47130
0.53766 47115
0.53766 47103
0.53766 47093
0.53766 47083
0.53766 47059
0.53766 47037
0.53766 47018
0.53766 46992
0.537616 46970
0.537549 46936
0.537549 46902
0.537537 46862
0.537537 46818
0.537475 46777
0.537324 46733
0.537318 46685
0.537259 46632
0.537229 46560
0.537229 46504
0.537199 46445
0.537199 46361
0.537199 46287
0.537178 46198
0.537114 46106
0.537072 46011
0.536983 45920
0.536983 45816
0.536863 45700
0.536863 45590
0.536861 45461
0.536846 45321
0.536761 45192
0.536743 45047
0.536615 44899
0.536487 44718
0.536274 44554
0.536032 44372
0.536003 44191
0.535975 43973
0.535876 43770
0.535618 43539
0.53557 43305
0.535552 43034
0.535427 42759
0.535288 42473
0.535123 42193
0.534923 41878
0.534625 41563
0.534399 41221
0.533822 40856
0.533611 40486
0.533391 40113
0.533127 39750
0.533009 39370
0.532892 38944
0.532717 38478
0.532417 37986
0.531963 37536
0.531696 37207
0.531696 37206
0.531696 37205
0.531696 37203
0.531696 37202
0.531696 37201
0.531696 37198
0.531696 37196
0.531696 37193
0.531696 37191
0.531657 37187
0.531657 37184
0.531657 37180
0.531657 37177
0.531657 37174
0.531657 37168
0.531657 37164
0.531657 37162
0.531657 37159
0.531657 37150
0.531657 37148
0.531657 37142
0.531657 37136
0.531657 37131
0.531657 37121
0.531652 37116
0.531652 37105
0.531652 37097
0.531652 37086
0.531652 37074
0.531652 37065
0.531555 37040
0.531555 37024
0.531552 37005
0.531552 36985
0.531552 36973
0.531552 36948
0.531552 36920
0.531552 36896
0.531491 36865
0.531481 36831
0.531481 36791
0.531481 36749
0.531444 36711
0.531444 36669
0.531444 36621
0.531444 36566
0.531443 36502
0.531319 36436
0.531266 36383
0.531239 36315
0.531239 36248
0.531239 36172
0.531181 36090
0.531181 35992
0.531173 35905
0.531126 35800
0.531004 35688
0.531004 35586
0.531004 35443
0.53098 35324
0.530744 35171
0.530735 35039
0.5306 34861
0.530478 34695
0.530463 34530
0.530451 34352
0.529869 34143
0.529754 33933
0.529682 33737
0.529303 33498
0.528845 33274
0.528764 33022
0.528572 32745
0.528396 32443
0.528363 32169
0.528041 31869
0.527891 31566
0.527822 31269
0.527455 30971
0.527202 30619
0.526726 30272
0.526197 29915
0.525851 29542
0.525616 29156
0.525254 28769
0.525175 28645
0.525175 28644
0.525175 28643
0.525175 28642
0.525175 28641
0.525175 28640
0.525175 28639
0.525175 28637
0.525175 28636
0.525175 28635
0.525175 28634
0.525175 28633
0.525175 28632
0.525175 28631
0.525162 28629
0.525162 28625
0.525162 28624
0.525162 28623
0.525162 28621
0.525162 28620
0.525162 28619
0.525162 28618
0.525162 28616
0.525162 28615
0.525162 28613
0.525162 28612
0.525162 28611
0.525162 28609
0.525162 28607
0.525162 28605
0.525162 28604
0.525162 28601
0.525162 28598
0.525162 28597
0.525162 28596
0.525162 28594
0.525162 28593
0.525162 28592
0.525162 28591
0.525162 28589
0.525162 28588
0.525162 28586
0.525162 28585
0.525162 28584
0.525162 28582
0.525162 28581
0.525162 28580
0.525162 28579
0.525162 28578
0.525162 28577
0.525162 28576
0.525162 28575
0.525162 28574
0.525162 28573
0.525041 28573
0.525041 28572
0.525041 28570
0.525041 28569
0.525041 28568
0.525041 28567
0.525041 28566
0.525041 28565
0.525041 28559
0.525041 28554
0.525041 28552
0.525041 28550
0.525041 28545
0.525041 28543
0.525041 28541
0.525041 28539
0.525041 28538
0.525012 28527
0.525012 28524
0.525009 28513
0.525009 28510
0.525009 28502
0.525009 28493
0.525009 28486
0.525009 28477
0.525009 28466
0.525009 28465
0.525009 28450
0.524979 28439
0.524979 28430
0.524979 28421
0.524979 28411
0.524979 28402
0.524872 28386
0.524872 28371
0.524872 28360
0.524872 28338
0.524761 28316
0.52474 28288
0.524719 28259
0.524624 28234
0.524522 28206
0.524429 28175
0.524429 28140
0.524407 28099
0.524407 28069
0.524407 28015
0.524407 27963
0.524293 27908
0.524243 27864
0.524213 27804
0.523975 27743
0.523835 27676
0.523829 27595
0.523829 27526
0.523707 27431
0.523564 27351
0.523539 27280
0.523526 27184
0.523512 27073
0.523512 26964
0.523397 26845
0.523191 26725
0.523098 26582
0.523074 26459
0.523037 26308
0.522716 26175
0.522393 26022
0.522393 25860
0.522129 25683
0.522045 25509
0.52147 25322
0.521213 25145
0.521001 24946
0.520727 24749
0.5204 24507
0.520375 24284
0.519888 24038
0.519623 23816
0.519597 23548
0.519538 23311
0.519136 23036
0.518797 22748
0.518212 22460
0.517859 22225
0.517859 22224
0.517859 22223
0.517859 22222
0.517859 22221
0.517859 22220
0.517859 22219
0.517859 22218
0.517859 22217
0.517859 22216
0.517859 22215
0.517859 22214
0.517859 22213
0.517859 22211
0.517859 22210
0.517859 22209
0.517859 22208
0.517859 22207
0.517859 22206
0.517859 22205
0.517859 22204
0.517859 22203
0.517859 22202
0.517859 22201
0.517859 22200
0.517859 22199
0.517859 22197
0.517859 22196
0.517859 22194
0.517859 22193
0.517859 22192
0.517859 22190
0.517849 22189
0.517849 22188
0.517849 22185
0.517849 22183
0.517849 22181
0.517849 22179
0.517849 22175
0.517849 22173
0.517849 22170
0.517849 22165
0.517849 22162
0.517849 22161
0.517849 22155
0.517849 22152
0.517849 22149
0.517849 22144
0.517849 22140
0.517846 22135
0.517845 22126
0.517845 22116
0.517845 22101
0.517845 22090
0.517845 22081
0.517845 22067
0.517845 22051
0.517793 22038
0.517791 22014
0.517632 21998
0.517632 21981
0.517545 21967
0.517545 21946
0.517545 21929
0.517545 21899
0.517483 21869
0.517483 21838
0.517468 21804
0.517336 21781
0.517235 21740
0.517235 21695
0.517107 21650
0.517092 21607
0.517044 21557
0.516973 21506
0.5169 21441
0.5169 21386
0.516876 21319
0.516868 21260
0.516843 21200
0.516825 21131
0.516776 21056
0.516683 20985
0.516683 20890
0.516525 20800
0.516381 20716
0.51628 20624
0.516259 20521
0.516191 20415
0.515879 20294
0.515691 20164
0.515456 20035
0.515319 19894
0.515085 19736
0.514956 19583
0.514649 19412
0.514543 19248
0.514215 19082
0.513999 18913
0.513706 18727
0.513624 18553
0.513489 18345
0.51291 18159
0.51291 18158
0.51291 18157
0.51291 18156
0.51291 18155
0.51291 18154
0.51291 18153
0.51291 18151
0.51291 18150
0.51291 18149
0.51291 18145
0.51291 18142
0.51291 18140
0.512887 18136
0.512887 18135
0.512887 18133
0.512887 18126
0.512887 18120
0.512887 18117
0.512887 18112
0.512887 18102
0.512883 18091
0.512847 18086
0.512847 18080
0.512847 18072
0.512847 18057
0.512696 18039
0.512696 18024
0.512696 18001
0.512567 17983
0.51255 17961
0.51255 17937
0.51255 17919
0.512547 17887
0.512536 17862
0.512536 17827
0.512472 17804
0.512278 17770
0.512278 17732
0.512278 17685
0.512253 17634
0.512237 17576
0.512225 17522
0.511951 17466
0.511629 17416
0.511524 17347
0.511406 17290
0.511033 17214
0.510894 17133
0.510739 17063
0.510396 16972
0.510269 16870
0.51021 16776
0.510017 16670
0.509585 16555
0.509246 16428
0.508964 16332
0.508487 16216
0.508288 16091
0.507712 15945
0.507283 15803
0.506947 15651
0.506751 15483
0.506377 15312
0.506272 15131
0.506123 14952
0.50587 14754
0.505807 14646
0.505617 14568
0.505327 14367
0.504624 14170
0.504381 13962
0.504247 13740
0.503836 13535
0.503723 13304
0.503399 13056
0.503047 12836
0.502317 12605
0.501796 12341
0.501288 12105
0.5009 11827
0.500279 11556
0.499588 11278
0.499319 10994
0.498664 10749
0.497958 10485
0.497139 10232
0.496747 9946
0.49601 9686
0.494919 9391
0.493831 9118
0.492931 8837
0.49241 8563
0.491177 8287
0.490199 8008
0.489254 7736
0.487655 7482
0.4872 7209
0.486069 6979
0.485252 6750
0.483814 6510
0.48209 6234
0.480723 5979
0.479586 5724
0.478352 5495
0.476885 5267
0.475364 5015
0.474211 4802
0.471709 4605
0.470477 4393
0.469113 4155
0.467473 3950
0.465166 3751
0.461882 3547
0.458729 3330
0.457274 3145
0.455609 2990
0.453 2837
0.451351 2675
0.44891 2542
0.446553 2437
0.443334 2294
0.440543 2160
0.438092 2010
0.434834 1887
0.432247 1782
0.429431 1691
0.425337 1595
0.421995 1501
0.41876 1402
0.414165 1312
0.410967 1225
0.406839 1158
0.40272 1079
0.398558 1012
0.393905 941
0.389948 874
0.384801 823
0.378994 770
0.374054 724
0.368303 686
0.363614 631
0.359039 588
0.352493 550
0.347755 502
0.342638 459
0.337227 424
0.331439 389
0.322361 367
0.315147 336
0.308122 306
0.302533 278
0.295982 259
0.288345 243
0.281816 225
0.275693 206
0.269295 188
0.261965 175
0.254508 165
0.247939 152
0.24187 140
0.233803 127
0.227792 111
0.219552 103
0.212591 92
0.203469 89
0.195623 83
0.188275 76
0.18076 73
0.172518 66
0.165252 61
0.157298 54
0.151839 49
0.145925 45
0.14084 44
0.133309 37
0.127554 36
0.120547 32
0.115376 27
0.108787 25
0.10105 19
0.095128 17
0.0888151 15
0.0851547 15
0.0804036 12
0.0769619 12
0.0705871 11
0.0648468 10
0.0605056 7
0.0556143 7
0.0519476 7
0.0484353 7
0.0440394 3
0.0405836 2
0.037839 2
0.0337313 2
0.0305372 1
0.0272786 1
0.0247999 1
0.0236482 1
0.0218602 1
0.0185081 1
0.0168518 1
0.0146107 1
0.0134488 1
0.0120829 1
0.0102332 1
0.00900591 0
0.00798249 0
0.0073677 0
0.00674272 0
0.00588913 0
0.00528073 0
0.00504261 0
0.00428853 0
0.00363756 0
0.00297284 0
0.00248772 0
0.00236884 0
0.00200121 0
0.00186933 0
0.00135993 0
0.00111741 0
0.000981338 0
0.00073332 0
0.000499408 0
0.000373908 0
0.000239904 0
0.000116067 0
